tanggal,provinsi,komoditas,harga,harga_nasional,gap_dari_nasional,gap_pct,perubahan_harian,rolling_7d,rolling_30d,volatilitas_7d,tahun,bulan,minggu,hari,status_pasokan
2026-01-01,Aceh,Beras Medium I,14650.0,15869.69696969697,-1219.69696969697,-7.69,,14650.0,14650.0,,2026,1,1,3,SURPLUS
2026-01-02,Aceh,Beras Medium I,14650.0,15854.545454545454,-1204.545454545454,-7.6,0.0,14650.0,14650.0,0.0,2026,1,1,4,SURPLUS
2026-01-05,Aceh,Beras Medium I,14650.0,15843.939393939394,-1193.939393939394,-7.54,0.0,14650.0,14650.0,0.0,2026,1,2,0,SURPLUS
2026-01-06,Aceh,Beras Medium I,14650.0,15857.575757575758,-1207.575757575758,-7.62,0.0,14650.0,14650.0,0.0,2026,1,2,1,SURPLUS
2026-01-07,Aceh,Beras Medium I,14650.0,15854.545454545454,-1204.545454545454,-7.6,0.0,14650.0,14650.0,0.0,2026,1,2,2,SURPLUS
2026-01-08,Aceh,Beras Medium I,14650.0,15859.09090909091,-1209.09090909091,-7.62,0.0,14650.0,14650.0,0.0,2026,1,2,3,SURPLUS
2026-01-09,Aceh,Beras Medium I,14650.0,15860.60606060606,-1210.60606060606,-7.63,0.0,14650.0,14650.0,0.0,2026,1,2,4,SURPLUS
2026-01-12,Aceh,Beras Medium I,14650.0,15848.484848484848,-1198.484848484848,-7.56,0.0,14650.0,14650.0,0.0,2026,1,3,0,SURPLUS
2026-01-13,Aceh,Beras Medium I,14650.0,15846.969696969696,-1196.969696969696,-7.55,0.0,14650.0,14650.0,0.0,2026,1,3,1,SURPLUS
2026-01-14,Aceh,Beras Medium I,14650.0,15848.484848484848,-1198.484848484848,-7.56,0.0,14650.0,14650.0,0.0,2026,1,3,2,SURPLUS
2026-01-15,Aceh,Beras Medium I,14650.0,15843.939393939394,-1193.939393939394,-7.54,0.0,14650.0,14650.0,0.0,2026,1,3,3,SURPLUS
2026-01-16,Aceh,Beras Medium I,14650.0,15837.878787878788,-1187.878787878788,-7.5,0.0,14650.0,14650.0,0.0,2026,1,3,4,SURPLUS
2026-01-19,Aceh,Beras Medium I,14650.0,15836.363636363636,-1186.363636363636,-7.49,0.0,14650.0,14650.0,0.0,2026,1,4,0,SURPLUS
2026-01-20,Aceh,Beras Medium I,14650.0,15836.363636363636,-1186.363636363636,-7.49,0.0,14650.0,14650.0,0.0,2026,1,4,1,SURPLUS
2026-01-21,Aceh,Beras Medium I,14650.0,15834.848484848484,-1184.848484848484,-7.48,0.0,14650.0,14650.0,0.0,2026,1,4,2,SURPLUS
2026-01-22,Aceh,Beras Medium I,14650.0,15834.848484848484,-1184.848484848484,-7.48,0.0,14650.0,14650.0,0.0,2026,1,4,3,SURPLUS
2026-01-23,Aceh,Beras Medium I,14650.0,15845.454545454546,-1195.454545454546,-7.54,0.0,14650.0,14650.0,0.0,2026,1,4,4,SURPLUS
2026-01-26,Aceh,Beras Medium I,14650.0,15843.939393939394,-1193.939393939394,-7.54,0.0,14650.0,14650.0,0.0,2026,1,5,0,SURPLUS
2026-01-27,Aceh,Beras Medium I,14750.0,15846.969696969696,-1096.969696969696,-6.92,100.0,14664.285714285714,14655.263157894737,37.796447300922836,2026,1,5,1,SURPLUS
2026-01-28,Aceh,Beras Medium I,14750.0,15850.0,-1100.0,-6.94,0.0,14678.57142857143,14660.0,48.795003647427,2026,1,5,2,SURPLUS
2026-01-29,Aceh,Beras Medium I,14750.0,15850.0,-1100.0,-6.94,0.0,14692.857142857143,14664.285714285714,53.45224838248557,2026,1,5,3,SURPLUS
2026-01-30,Aceh,Beras Medium I,15000.0,15868.181818181818,-868.181818181818,-5.47,250.0,14742.857142857143,14679.545454545454,123.92393980641154,2026,1,5,4,SURPLUS
2026-02-02,Aceh,Beras Medium I,15250.0,15872.727272727272,-622.7272727272721,-3.92,250.0,14828.57142857143,14704.347826086956,219.57751641342102,2026,2,6,0,NORMAL
2026-02-03,Aceh,Beras Medium I,15250.0,15865.151515151516,-615.1515151515159,-3.88,0.0,14914.285714285714,14727.083333333334,252.84100029182784,2026,2,6,1,NORMAL
2026-02-04,Aceh,Beras Medium I,15250.0,15880.30303030303,-630.30303030303,-3.97,0.0,15000.0,14748.0,250.00000000000173,2026,2,6,2,NORMAL
2026-02-05,Aceh,Beras Medium I,15250.0,15868.181818181818,-618.181818181818,-3.9,0.0,15071.42857142857,14767.307692307691,237.79743280283805,2026,2,6,3,NORMAL
2026-02-06,Aceh,Beras Medium I,15250.0,15866.666666666666,-616.6666666666661,-3.89,0.0,15142.857142857143,14785.185185185184,196.69894811736515,2026,2,6,4,NORMAL
2026-02-09,Aceh,Beras Medium I,15250.0,15869.69696969697,-619.69696969697,-3.9,0.0,15214.285714285714,14801.785714285714,94.49111825231927,2026,2,7,0,NORMAL
2026-02-10,Aceh,Beras Medium I,15250.0,15869.69696969697,-619.69696969697,-3.9,0.0,15250.0,14817.241379310344,5.217682251064135e-05,2026,2,7,1,NORMAL
2026-02-11,Aceh,Beras Medium I,15250.0,15866.666666666666,-616.6666666666661,-3.89,0.0,15250.0,14831.666666666666,5.217682251064135e-05,2026,2,7,2,NORMAL
2026-02-12,Aceh,Beras Medium I,15250.0,15874.242424242424,-624.242424242424,-3.93,0.0,15250.0,14851.666666666666,5.217682251064135e-05,2026,2,7,3,NORMAL
2026-02-13,Aceh,Beras Medium I,15250.0,15881.818181818182,-631.818181818182,-3.98,0.0,15250.0,14871.666666666666,5.217682251064135e-05,2026,2,7,4,NORMAL
2026-02-16,Aceh,Beras Medium I,15250.0,15880.30303030303,-630.30303030303,-3.97,0.0,15250.0,14891.666666666666,5.217682251064135e-05,2026,2,8,0,NORMAL
2026-02-17,Aceh,Beras Medium I,15250.0,15880.30303030303,-630.30303030303,-3.97,0.0,15250.0,14911.666666666666,5.217682251064135e-05,2026,2,8,1,NORMAL
2026-02-18,Aceh,Beras Medium I,15200.0,15883.333333333334,-683.3333333333339,-4.3,-50.0,15242.857142857143,14930.0,18.89822365053047,2026,2,8,2,NORMAL
2026-02-19,Aceh,Beras Medium I,15200.0,15884.848484848484,-684.8484848484841,-4.31,0.0,15235.714285714286,14948.333333333334,24.397501823764543,2026,2,8,3,NORMAL
2026-02-20,Aceh,Beras Medium I,15200.0,15880.30303030303,-680.30303030303,-4.28,0.0,15228.57142857143,14966.666666666666,26.72612419128703,2026,2,8,4,NORMAL
2026-02-23,Aceh,Beras Medium I,15050.0,15892.424242424242,-842.424242424242,-5.3,-150.0,15200.0,14980.0,70.71067811866882,2026,2,9,0,SURPLUS
2026-02-24,Aceh,Beras Medium I,15050.0,15892.424242424242,-842.424242424242,-5.3,0.0,15171.42857142857,14993.333333333334,85.91246929843211,2026,2,9,1,SURPLUS
2026-02-25,Aceh,Beras Medium I,15050.0,15887.878787878788,-837.878787878788,-5.27,0.0,15142.857142857143,15006.666666666666,88.64052604279969,2026,2,9,2,SURPLUS
2026-02-26,Aceh,Beras Medium I,15050.0,15889.39393939394,-839.39393939394,-5.28,0.0,15114.285714285714,15020.0,80.17837257373473,2026,2,9,3,SURPLUS
2026-02-27,Aceh,Beras Medium I,15050.0,15887.878787878788,-837.878787878788,-5.27,0.0,15092.857142857143,15033.333333333334,73.19250547114713,2026,2,9,4,SURPLUS
2026-03-02,Aceh,Beras Medium I,15050.0,15840.90909090909,-790.9090909090901,-4.99,0.0,15071.42857142857,15046.666666666666,56.6946709513919,2026,3,10,0,NORMAL
2026-03-03,Aceh,Beras Medium I,15050.0,15884.848484848484,-834.8484848484841,-5.26,0.0,15050.0,15060.0,2.7253513653250174e-05,2026,3,10,1,SURPLUS
2026-03-04,Aceh,Beras Medium I,15050.0,15890.90909090909,-840.9090909090901,-5.29,0.0,15050.0,15073.333333333334,2.7253513653250174e-05,2026,3,10,2,SURPLUS
2026-03-05,Aceh,Beras Medium I,15050.0,15892.424242424242,-842.424242424242,-5.3,0.0,15050.0,15086.666666666666,2.7253513653250174e-05,2026,3,10,3,SURPLUS
2026-03-06,Aceh,Beras Medium I,15000.0,15887.878787878788,-887.878787878788,-5.59,-50.0,15042.857142857143,15098.333333333334,18.89822365047958,2026,3,10,4,SURPLUS
2026-03-09,Aceh,Beras Medium I,15000.0,15887.878787878788,-887.878787878788,-5.59,0.0,15035.714285714286,15110.0,24.39750182372628,2026,3,11,0,SURPLUS
2026-03-10,Aceh,Beras Medium I,15000.0,15887.878787878788,-887.878787878788,-5.59,0.0,15028.57142857143,15118.333333333334,26.726124191253398,2026,3,11,1,SURPLUS
2026-03-11,Aceh,Beras Medium I,15000.0,15895.454545454546,-895.454545454546,-5.63,0.0,15021.42857142857,15126.666666666666,26.726124191252485,2026,3,11,2,SURPLUS
2026-03-12,Aceh,Beras Medium I,15000.0,15910.60606060606,-910.60606060606,-5.72,0.0,15014.285714285714,15135.0,24.397501823723548,2026,3,11,3,SURPLUS
2026-03-13,Aceh,Beras Medium I,15000.0,15912.121212121212,-912.121212121212,-5.73,0.0,15007.142857142857,15135.0,18.898223650473476,2026,3,11,4,SURPLUS
2026-03-16,Aceh,Beras Medium I,15000.0,15924.242424242424,-924.242424242424,-5.8,0.0,15000.0,15126.666666666666,2.0678831985476655e-05,2026,3,12,0,SURPLUS
2026-03-17,Aceh,Beras Medium I,15000.0,15934.848484848484,-934.8484848484841,-5.87,0.0,15000.0,15118.333333333334,2.0678831985476655e-05,2026,3,12,1,SURPLUS
2026-03-18,Aceh,Beras Medium I,15000.0,15931.818181818182,-931.818181818182,-5.85,0.0,15000.0,15110.0,2.0678831985476655e-05,2026,3,12,2,SURPLUS
2026-03-19,Aceh,Beras Medium I,15000.0,15930.30303030303,-930.30303030303,-5.84,0.0,15000.0,15101.666666666666,2.0678831985476655e-05,2026,3,12,3,SURPLUS
2026-03-20,Aceh,Beras Medium I,15000.0,15931.818181818182,-931.818181818182,-5.85,0.0,15000.0,15093.333333333334,2.0678831985476655e-05,2026,3,12,4,SURPLUS
2026-03-23,Aceh,Beras Medium I,15000.0,15933.333333333334,-933.3333333333339,-5.86,0.0,15000.0,15085.0,2.0678831985476655e-05,2026,3,13,0,SURPLUS
2026-03-24,Aceh,Beras Medium I,15000.0,15931.818181818182,-931.818181818182,-5.85,0.0,15000.0,15076.666666666666,2.0678831985476655e-05,2026,3,13,1,SURPLUS
2026-03-25,Aceh,Beras Medium I,15000.0,15940.90909090909,-940.9090909090901,-5.9,0.0,15000.0,15068.333333333334,2.0678831985476655e-05,2026,3,13,2,SURPLUS
2026-03-26,Aceh,Beras Medium I,15000.0,15942.424242424242,-942.424242424242,-5.91,0.0,15000.0,15060.0,2.0678831985476655e-05,2026,3,13,3,SURPLUS
2026-03-27,Aceh,Beras Medium I,15000.0,15942.424242424242,-942.424242424242,-5.91,0.0,15000.0,15051.666666666666,2.0678831985476655e-05,2026,3,13,4,SURPLUS
2026-03-30,Aceh,Beras Medium I,14950.0,15956.060606060606,-1006.060606060606,-6.31,-50.0,14992.857142857143,15041.666666666666,18.898223650471987,2026,3,14,0,SURPLUS
2026-03-31,Aceh,Beras Medium I,14950.0,15960.60606060606,-1010.60606060606,-6.33,0.0,14985.714285714286,15031.666666666666,24.397501823720976,2026,3,14,1,SURPLUS
2026-04-01,Aceh,Beras Medium I,14950.0,15965.151515151516,-1015.1515151515159,-6.36,0.0,14978.57142857143,15023.333333333334,26.72612419124908,2026,4,14,2,SURPLUS
2026-04-02,Aceh,Beras Medium I,14950.0,15965.151515151516,-1015.1515151515159,-6.36,0.0,14971.42857142857,15015.0,26.726124191248697,2026,4,14,3,SURPLUS
2026-04-03,Aceh,Beras Medium I,14950.0,15945.454545454546,-995.454545454546,-6.24,0.0,14964.285714285714,15006.666666666666,24.397501823719974,2026,4,14,4,SURPLUS
2026-04-06,Aceh,Beras Medium I,14950.0,15981.818181818182,-1031.818181818182,-6.46,0.0,14957.142857142857,15003.333333333334,18.898223650469607,2026,4,15,0,SURPLUS
2026-04-07,Aceh,Beras Medium I,14950.0,15995.454545454546,-1045.454545454546,-6.54,0.0,14950.0,15000.0,1.7593503445970804e-05,2026,4,15,1,SURPLUS
2026-04-08,Aceh,Beras Medium I,14950.0,15983.333333333334,-1033.333333333334,-6.47,0.0,14950.0,14996.666666666666,1.7593503445970804e-05,2026,4,15,2,SURPLUS
2026-04-09,Aceh,Beras Medium I,14950.0,15989.39393939394,-1039.39393939394,-6.5,0.0,14950.0,14993.333333333334,1.7593503445970804e-05,2026,4,15,3,SURPLUS
2026-04-10,Aceh,Beras Medium I,14950.0,16010.60606060606,-1060.60606060606,-6.62,0.0,14950.0,14990.0,1.7593503445970804e-05,2026,4,15,4,SURPLUS
2026-04-13,Aceh,Beras Medium I,14950.0,16113.636363636364,-1163.636363636364,-7.22,0.0,14950.0,14986.666666666666,1.7593503445970804e-05,2026,4,16,0,SURPLUS
2026-01-01,Bali,Beras Medium I,15150.0,15869.69696969697,-719.69696969697,-4.54,,15150.0,15150.0,,2026,1,1,3,NORMAL
2026-01-02,Bali,Beras Medium I,15150.0,15854.545454545454,-704.545454545454,-4.44,0.0,15150.0,15150.0,0.0,2026,1,1,4,NORMAL
2026-01-05,Bali,Beras Medium I,15150.0,15843.939393939394,-693.939393939394,-4.38,0.0,15150.0,15150.0,0.0,2026,1,2,0,NORMAL
2026-01-06,Bali,Beras Medium I,15150.0,15857.575757575758,-707.575757575758,-4.46,0.0,15150.0,15150.0,0.0,2026,1,2,1,NORMAL
2026-01-07,Bali,Beras Medium I,15050.0,15854.545454545454,-804.545454545454,-5.07,-100.0,15130.0,15130.0,44.721359549995796,2026,1,2,2,SURPLUS
2026-01-08,Bali,Beras Medium I,15050.0,15859.09090909091,-809.0909090909099,-5.1,0.0,15116.666666666666,15116.666666666666,51.63977794943213,2026,1,2,3,SURPLUS
2026-01-09,Bali,Beras Medium I,15150.0,15860.60606060606,-710.60606060606,-4.48,100.0,15121.42857142857,15121.42857142857,48.795003647426654,2026,1,2,4,NORMAL
2026-01-12,Bali,Beras Medium I,15150.0,15848.484848484848,-698.484848484848,-4.41,0.0,15121.42857142857,15125.0,48.795003647426654,2026,1,3,0,NORMAL
2026-01-13,Bali,Beras Medium I,15150.0,15846.969696969696,-696.9696969696961,-4.4,0.0,15121.42857142857,15127.777777777777,48.795003647426654,2026,1,3,1,NORMAL
2026-01-14,Bali,Beras Medium I,15150.0,15848.484848484848,-698.484848484848,-4.41,0.0,15121.42857142857,15130.0,48.795003647426654,2026,1,3,2,NORMAL
2026-01-15,Bali,Beras Medium I,15150.0,15843.939393939394,-693.939393939394,-4.38,0.0,15121.42857142857,15131.818181818182,48.795003647426654,2026,1,3,3,NORMAL
2026-01-16,Bali,Beras Medium I,15150.0,15837.878787878788,-687.878787878788,-4.34,0.0,15135.714285714286,15133.333333333334,37.796447300923134,2026,1,3,4,NORMAL
2026-01-19,Bali,Beras Medium I,15150.0,15836.363636363636,-686.363636363636,-4.33,0.0,15150.0,15134.615384615385,0.0,2026,1,4,0,NORMAL
2026-01-20,Bali,Beras Medium I,15150.0,15836.363636363636,-686.363636363636,-4.33,0.0,15150.0,15135.714285714286,0.0,2026,1,4,1,NORMAL
2026-01-21,Bali,Beras Medium I,15150.0,15834.848484848484,-684.8484848484841,-4.32,0.0,15150.0,15136.666666666666,0.0,2026,1,4,2,NORMAL
2026-01-22,Bali,Beras Medium I,15150.0,15834.848484848484,-684.8484848484841,-4.32,0.0,15150.0,15137.5,0.0,2026,1,4,3,NORMAL
2026-01-23,Bali,Beras Medium I,15150.0,15845.454545454546,-695.454545454546,-4.39,0.0,15150.0,15138.235294117647,0.0,2026,1,4,4,NORMAL
2026-01-26,Bali,Beras Medium I,15150.0,15843.939393939394,-693.939393939394,-4.38,0.0,15150.0,15138.888888888889,0.0,2026,1,5,0,NORMAL
2026-01-27,Bali,Beras Medium I,15150.0,15846.969696969696,-696.9696969696961,-4.4,0.0,15150.0,15139.473684210527,0.0,2026,1,5,1,NORMAL
2026-01-28,Bali,Beras Medium I,15150.0,15850.0,-700.0,-4.42,0.0,15150.0,15140.0,0.0,2026,1,5,2,NORMAL
2026-01-29,Bali,Beras Medium I,15150.0,15850.0,-700.0,-4.42,0.0,15150.0,15140.47619047619,0.0,2026,1,5,3,NORMAL
2026-01-30,Bali,Beras Medium I,15150.0,15868.181818181818,-718.181818181818,-4.53,0.0,15150.0,15140.90909090909,0.0,2026,1,5,4,NORMAL
2026-02-02,Bali,Beras Medium I,15150.0,15872.727272727272,-722.7272727272721,-4.55,0.0,15150.0,15141.304347826086,0.0,2026,2,6,0,NORMAL
2026-02-03,Bali,Beras Medium I,15150.0,15865.151515151516,-715.1515151515159,-4.51,0.0,15150.0,15141.666666666666,0.0,2026,2,6,1,NORMAL
2026-02-04,Bali,Beras Medium I,15150.0,15880.30303030303,-730.30303030303,-4.6,0.0,15150.0,15142.0,0.0,2026,2,6,2,NORMAL
2026-02-05,Bali,Beras Medium I,15150.0,15868.181818181818,-718.181818181818,-4.53,0.0,15150.0,15142.307692307691,0.0,2026,2,6,3,NORMAL
2026-02-06,Bali,Beras Medium I,15150.0,15866.666666666666,-716.6666666666661,-4.52,0.0,15150.0,15142.592592592593,0.0,2026,2,6,4,NORMAL
2026-02-09,Bali,Beras Medium I,15150.0,15869.69696969697,-719.69696969697,-4.54,0.0,15150.0,15142.857142857143,0.0,2026,2,7,0,NORMAL
2026-02-10,Bali,Beras Medium I,15150.0,15869.69696969697,-719.69696969697,-4.54,0.0,15150.0,15143.103448275862,0.0,2026,2,7,1,NORMAL
2026-02-11,Bali,Beras Medium I,15150.0,15866.666666666666,-716.6666666666661,-4.52,0.0,15150.0,15143.333333333334,0.0,2026,2,7,2,NORMAL
2026-02-12,Bali,Beras Medium I,15150.0,15874.242424242424,-724.242424242424,-4.56,0.0,15150.0,15143.333333333334,0.0,2026,2,7,3,NORMAL
2026-02-13,Bali,Beras Medium I,15150.0,15881.818181818182,-731.818181818182,-4.61,0.0,15150.0,15143.333333333334,0.0,2026,2,7,4,NORMAL
2026-02-16,Bali,Beras Medium I,15150.0,15880.30303030303,-730.30303030303,-4.6,0.0,15150.0,15143.333333333334,0.0,2026,2,8,0,NORMAL
2026-02-17,Bali,Beras Medium I,15150.0,15880.30303030303,-730.30303030303,-4.6,0.0,15150.0,15143.333333333334,0.0,2026,2,8,1,NORMAL
2026-02-18,Bali,Beras Medium I,15150.0,15883.333333333334,-733.3333333333339,-4.62,0.0,15150.0,15146.666666666666,0.0,2026,2,8,2,NORMAL
2026-02-19,Bali,Beras Medium I,15150.0,15884.848484848484,-734.8484848484841,-4.63,0.0,15150.0,15150.0,0.0,2026,2,8,3,NORMAL
2026-02-20,Bali,Beras Medium I,15150.0,15880.30303030303,-730.30303030303,-4.6,0.0,15150.0,15150.0,0.0,2026,2,8,4,NORMAL
2026-02-23,Bali,Beras Medium I,15150.0,15892.424242424242,-742.424242424242,-4.67,0.0,15150.0,15150.0,0.0,2026,2,9,0,NORMAL
2026-02-24,Bali,Beras Medium I,15150.0,15892.424242424242,-742.424242424242,-4.67,0.0,15150.0,15150.0,0.0,2026,2,9,1,NORMAL
2026-02-25,Bali,Beras Medium I,15150.0,15887.878787878788,-737.878787878788,-4.64,0.0,15150.0,15150.0,0.0,2026,2,9,2,NORMAL
2026-02-26,Bali,Beras Medium I,15150.0,15889.39393939394,-739.39393939394,-4.65,0.0,15150.0,15150.0,0.0,2026,2,9,3,NORMAL
2026-02-27,Bali,Beras Medium I,15150.0,15887.878787878788,-737.878787878788,-4.64,0.0,15150.0,15150.0,0.0,2026,2,9,4,NORMAL
2026-03-02,Bali,Beras Medium I,15150.0,15840.90909090909,-690.9090909090901,-4.36,0.0,15150.0,15150.0,0.0,2026,3,10,0,NORMAL
2026-03-03,Bali,Beras Medium I,15150.0,15884.848484848484,-734.8484848484841,-4.63,0.0,15150.0,15150.0,0.0,2026,3,10,1,NORMAL
2026-03-04,Bali,Beras Medium I,15150.0,15890.90909090909,-740.9090909090901,-4.66,0.0,15150.0,15150.0,0.0,2026,3,10,2,NORMAL
2026-03-05,Bali,Beras Medium I,15150.0,15892.424242424242,-742.424242424242,-4.67,0.0,15150.0,15150.0,0.0,2026,3,10,3,NORMAL
2026-03-06,Bali,Beras Medium I,15150.0,15887.878787878788,-737.878787878788,-4.64,0.0,15150.0,15150.0,0.0,2026,3,10,4,NORMAL
2026-03-09,Bali,Beras Medium I,15150.0,15887.878787878788,-737.878787878788,-4.64,0.0,15150.0,15150.0,0.0,2026,3,11,0,NORMAL
2026-03-10,Bali,Beras Medium I,15150.0,15887.878787878788,-737.878787878788,-4.64,0.0,15150.0,15150.0,0.0,2026,3,11,1,NORMAL
2026-03-11,Bali,Beras Medium I,15150.0,15895.454545454546,-745.454545454546,-4.69,0.0,15150.0,15150.0,0.0,2026,3,11,2,NORMAL
2026-03-12,Bali,Beras Medium I,15150.0,15910.60606060606,-760.60606060606,-4.78,0.0,15150.0,15150.0,0.0,2026,3,11,3,NORMAL
2026-03-13,Bali,Beras Medium I,15150.0,15912.121212121212,-762.121212121212,-4.79,0.0,15150.0,15150.0,0.0,2026,3,11,4,NORMAL
2026-03-16,Bali,Beras Medium I,15150.0,15924.242424242424,-774.242424242424,-4.86,0.0,15150.0,15150.0,0.0,2026,3,12,0,NORMAL
2026-03-17,Bali,Beras Medium I,15150.0,15934.848484848484,-784.8484848484841,-4.93,0.0,15150.0,15150.0,0.0,2026,3,12,1,NORMAL
2026-03-18,Bali,Beras Medium I,15150.0,15931.818181818182,-781.818181818182,-4.91,0.0,15150.0,15150.0,0.0,2026,3,12,2,NORMAL
2026-03-19,Bali,Beras Medium I,15150.0,15930.30303030303,-780.30303030303,-4.9,0.0,15150.0,15150.0,0.0,2026,3,12,3,NORMAL
2026-03-20,Bali,Beras Medium I,15150.0,15931.818181818182,-781.818181818182,-4.91,0.0,15150.0,15150.0,0.0,2026,3,12,4,NORMAL
2026-03-23,Bali,Beras Medium I,15150.0,15933.333333333334,-783.3333333333339,-4.92,0.0,15150.0,15150.0,0.0,2026,3,13,0,NORMAL
2026-03-24,Bali,Beras Medium I,15150.0,15931.818181818182,-781.818181818182,-4.91,0.0,15150.0,15150.0,0.0,2026,3,13,1,NORMAL
2026-03-25,Bali,Beras Medium I,15150.0,15940.90909090909,-790.9090909090901,-4.96,0.0,15150.0,15150.0,0.0,2026,3,13,2,NORMAL
2026-03-26,Bali,Beras Medium I,15150.0,15942.424242424242,-792.424242424242,-4.97,0.0,15150.0,15150.0,0.0,2026,3,13,3,NORMAL
2026-03-27,Bali,Beras Medium I,15150.0,15942.424242424242,-792.424242424242,-4.97,0.0,15150.0,15150.0,0.0,2026,3,13,4,NORMAL
2026-03-30,Bali,Beras Medium I,15150.0,15956.060606060606,-806.060606060606,-5.05,0.0,15150.0,15150.0,0.0,2026,3,14,0,SURPLUS
2026-03-31,Bali,Beras Medium I,15150.0,15960.60606060606,-810.60606060606,-5.08,0.0,15150.0,15150.0,0.0,2026,3,14,1,SURPLUS
2026-04-01,Bali,Beras Medium I,15150.0,15965.151515151516,-815.1515151515159,-5.11,0.0,15150.0,15150.0,0.0,2026,4,14,2,SURPLUS
2026-04-02,Bali,Beras Medium I,15150.0,15965.151515151516,-815.1515151515159,-5.11,0.0,15150.0,15150.0,0.0,2026,4,14,3,SURPLUS
2026-04-03,Bali,Beras Medium I,15150.0,15945.454545454546,-795.454545454546,-4.99,0.0,15150.0,15150.0,0.0,2026,4,14,4,NORMAL
2026-04-06,Bali,Beras Medium I,15200.0,15981.818181818182,-781.818181818182,-4.89,50.0,15157.142857142857,15151.666666666666,18.898223650461418,2026,4,15,0,NORMAL
2026-04-07,Bali,Beras Medium I,15200.0,15995.454545454546,-795.454545454546,-4.97,0.0,15164.285714285714,15153.333333333334,24.397501823713633,2026,4,15,1,NORMAL
2026-04-08,Bali,Beras Medium I,15200.0,15983.333333333334,-783.3333333333339,-4.9,0.0,15171.42857142857,15155.0,26.726124191242906,2026,4,15,2,NORMAL
2026-04-09,Bali,Beras Medium I,15200.0,15989.39393939394,-789.39393939394,-4.94,0.0,15178.57142857143,15156.666666666666,26.726124191242906,2026,4,15,3,NORMAL
2026-04-10,Bali,Beras Medium I,15200.0,16010.60606060606,-810.60606060606,-5.06,0.0,15185.714285714286,15158.333333333334,24.397501823713633,2026,4,15,4,SURPLUS
2026-04-13,Bali,Beras Medium I,14900.0,16113.636363636364,-1213.636363636364,-7.53,-300.0,15150.0,15150.0,111.80339887499012,2026,4,16,0,SURPLUS
2026-01-01,Banten,Beras Medium I,14850.0,15869.69696969697,-1019.69696969697,-6.43,,14850.0,14850.0,,2026,1,1,3,SURPLUS
2026-01-02,Banten,Beras Medium I,14850.0,15854.545454545454,-1004.545454545454,-6.34,0.0,14850.0,14850.0,0.0,2026,1,1,4,SURPLUS
2026-01-05,Banten,Beras Medium I,14850.0,15843.939393939394,-993.939393939394,-6.27,0.0,14850.0,14850.0,0.0,2026,1,2,0,SURPLUS
2026-01-06,Banten,Beras Medium I,14850.0,15857.575757575758,-1007.575757575758,-6.35,0.0,14850.0,14850.0,0.0,2026,1,2,1,SURPLUS
2026-01-07,Banten,Beras Medium I,14850.0,15854.545454545454,-1004.545454545454,-6.34,0.0,14850.0,14850.0,0.0,2026,1,2,2,SURPLUS
2026-01-08,Banten,Beras Medium I,14850.0,15859.09090909091,-1009.0909090909099,-6.36,0.0,14850.0,14850.0,0.0,2026,1,2,3,SURPLUS
2026-01-09,Banten,Beras Medium I,14850.0,15860.60606060606,-1010.60606060606,-6.37,0.0,14850.0,14850.0,0.0,2026,1,2,4,SURPLUS
2026-01-12,Banten,Beras Medium I,14850.0,15848.484848484848,-998.484848484848,-6.3,0.0,14850.0,14850.0,0.0,2026,1,3,0,SURPLUS
2026-01-13,Banten,Beras Medium I,14850.0,15846.969696969696,-996.9696969696961,-6.29,0.0,14850.0,14850.0,0.0,2026,1,3,1,SURPLUS
2026-01-14,Banten,Beras Medium I,14850.0,15848.484848484848,-998.484848484848,-6.3,0.0,14850.0,14850.0,0.0,2026,1,3,2,SURPLUS
2026-01-15,Banten,Beras Medium I,14850.0,15843.939393939394,-993.939393939394,-6.27,0.0,14850.0,14850.0,0.0,2026,1,3,3,SURPLUS
2026-01-16,Banten,Beras Medium I,14850.0,15837.878787878788,-987.878787878788,-6.24,0.0,14850.0,14850.0,0.0,2026,1,3,4,SURPLUS
2026-01-19,Banten,Beras Medium I,14850.0,15836.363636363636,-986.363636363636,-6.23,0.0,14850.0,14850.0,0.0,2026,1,4,0,SURPLUS
2026-01-20,Banten,Beras Medium I,14850.0,15836.363636363636,-986.363636363636,-6.23,0.0,14850.0,14850.0,0.0,2026,1,4,1,SURPLUS
2026-01-21,Banten,Beras Medium I,14850.0,15834.848484848484,-984.8484848484841,-6.22,0.0,14850.0,14850.0,0.0,2026,1,4,2,SURPLUS
2026-01-22,Banten,Beras Medium I,14850.0,15834.848484848484,-984.8484848484841,-6.22,0.0,14850.0,14850.0,0.0,2026,1,4,3,SURPLUS
2026-01-23,Banten,Beras Medium I,14850.0,15845.454545454546,-995.454545454546,-6.28,0.0,14850.0,14850.0,0.0,2026,1,4,4,SURPLUS
2026-01-26,Banten,Beras Medium I,14850.0,15843.939393939394,-993.939393939394,-6.27,0.0,14850.0,14850.0,0.0,2026,1,5,0,SURPLUS
2026-01-27,Banten,Beras Medium I,14850.0,15846.969696969696,-996.9696969696961,-6.29,0.0,14850.0,14850.0,0.0,2026,1,5,1,SURPLUS
2026-01-28,Banten,Beras Medium I,14850.0,15850.0,-1000.0,-6.31,0.0,14850.0,14850.0,0.0,2026,1,5,2,SURPLUS
2026-01-29,Banten,Beras Medium I,14850.0,15850.0,-1000.0,-6.31,0.0,14850.0,14850.0,0.0,2026,1,5,3,SURPLUS
2026-01-30,Banten,Beras Medium I,14850.0,15868.181818181818,-1018.181818181818,-6.42,0.0,14850.0,14850.0,0.0,2026,1,5,4,SURPLUS
2026-02-02,Banten,Beras Medium I,14850.0,15872.727272727272,-1022.7272727272721,-6.44,0.0,14850.0,14850.0,0.0,2026,2,6,0,SURPLUS
2026-02-03,Banten,Beras Medium I,14850.0,15865.151515151516,-1015.1515151515159,-6.4,0.0,14850.0,14850.0,0.0,2026,2,6,1,SURPLUS
2026-02-04,Banten,Beras Medium I,14850.0,15880.30303030303,-1030.30303030303,-6.49,0.0,14850.0,14850.0,0.0,2026,2,6,2,SURPLUS
2026-02-05,Banten,Beras Medium I,14850.0,15868.181818181818,-1018.181818181818,-6.42,0.0,14850.0,14850.0,0.0,2026,2,6,3,SURPLUS
2026-02-06,Banten,Beras Medium I,14850.0,15866.666666666666,-1016.6666666666661,-6.41,0.0,14850.0,14850.0,0.0,2026,2,6,4,SURPLUS
2026-02-09,Banten,Beras Medium I,14850.0,15869.69696969697,-1019.69696969697,-6.43,0.0,14850.0,14850.0,0.0,2026,2,7,0,SURPLUS
2026-02-10,Banten,Beras Medium I,14850.0,15869.69696969697,-1019.69696969697,-6.43,0.0,14850.0,14850.0,0.0,2026,2,7,1,SURPLUS
2026-02-11,Banten,Beras Medium I,14850.0,15866.666666666666,-1016.6666666666661,-6.41,0.0,14850.0,14850.0,0.0,2026,2,7,2,SURPLUS
2026-02-12,Banten,Beras Medium I,14850.0,15874.242424242424,-1024.242424242424,-6.45,0.0,14850.0,14850.0,0.0,2026,2,7,3,SURPLUS
2026-02-13,Banten,Beras Medium I,14850.0,15881.818181818182,-1031.818181818182,-6.5,0.0,14850.0,14850.0,0.0,2026,2,7,4,SURPLUS
2026-02-16,Banten,Beras Medium I,14850.0,15880.30303030303,-1030.30303030303,-6.49,0.0,14850.0,14850.0,0.0,2026,2,8,0,SURPLUS
2026-02-17,Banten,Beras Medium I,14850.0,15880.30303030303,-1030.30303030303,-6.49,0.0,14850.0,14850.0,0.0,2026,2,8,1,SURPLUS
2026-02-18,Banten,Beras Medium I,14850.0,15883.333333333334,-1033.333333333334,-6.51,0.0,14850.0,14850.0,0.0,2026,2,8,2,SURPLUS
2026-02-19,Banten,Beras Medium I,14850.0,15884.848484848484,-1034.848484848484,-6.51,0.0,14850.0,14850.0,0.0,2026,2,8,3,SURPLUS
2026-02-20,Banten,Beras Medium I,14850.0,15880.30303030303,-1030.30303030303,-6.49,0.0,14850.0,14850.0,0.0,2026,2,8,4,SURPLUS
2026-02-23,Banten,Beras Medium I,15350.0,15892.424242424242,-542.424242424242,-3.41,500.0,14921.42857142857,14866.666666666666,188.98223650461378,2026,2,9,0,NORMAL
2026-02-24,Banten,Beras Medium I,15350.0,15892.424242424242,-542.424242424242,-3.41,0.0,14992.857142857143,14883.333333333334,243.97501823713384,2026,2,9,1,NORMAL
2026-02-25,Banten,Beras Medium I,15350.0,15887.878787878788,-537.878787878788,-3.39,0.0,15064.285714285714,14900.0,267.26124191242553,2026,2,9,2,NORMAL
2026-02-26,Banten,Beras Medium I,15350.0,15889.39393939394,-539.39393939394,-3.39,0.0,15135.714285714286,14916.666666666666,267.26124191242644,2026,2,9,3,NORMAL
2026-02-27,Banten,Beras Medium I,15350.0,15887.878787878788,-537.878787878788,-3.39,0.0,15207.142857142857,14933.333333333334,243.9750182371365,2026,2,9,4,NORMAL
2026-03-02,Banten,Beras Medium I,15350.0,15840.90909090909,-490.9090909090901,-3.1,0.0,15278.57142857143,14950.0,188.9822365046187,2026,3,10,0,NORMAL
2026-03-03,Banten,Beras Medium I,15350.0,15884.848484848484,-534.8484848484841,-3.37,0.0,15350.0,14966.666666666666,0.0,2026,3,10,1,NORMAL
2026-03-04,Banten,Beras Medium I,15350.0,15890.90909090909,-540.9090909090901,-3.4,0.0,15350.0,14983.333333333334,0.0,2026,3,10,2,NORMAL
2026-03-05,Banten,Beras Medium I,15350.0,15892.424242424242,-542.424242424242,-3.41,0.0,15350.0,15000.0,0.0,2026,3,10,3,NORMAL
2026-03-06,Banten,Beras Medium I,15350.0,15887.878787878788,-537.878787878788,-3.39,0.0,15350.0,15016.666666666666,0.0,2026,3,10,4,NORMAL
2026-03-09,Banten,Beras Medium I,15350.0,15887.878787878788,-537.878787878788,-3.39,0.0,15350.0,15033.333333333334,0.0,2026,3,11,0,NORMAL
2026-03-10,Banten,Beras Medium I,15350.0,15887.878787878788,-537.878787878788,-3.39,0.0,15350.0,15050.0,0.0,2026,3,11,1,NORMAL
2026-03-11,Banten,Beras Medium I,15350.0,15895.454545454546,-545.454545454546,-3.43,0.0,15350.0,15066.666666666666,0.0,2026,3,11,2,NORMAL
2026-03-12,Banten,Beras Medium I,15350.0,15910.60606060606,-560.60606060606,-3.52,0.0,15350.0,15083.333333333334,0.0,2026,3,11,3,NORMAL
2026-03-13,Banten,Beras Medium I,15350.0,15912.121212121212,-562.121212121212,-3.53,0.0,15350.0,15100.0,0.0,2026,3,11,4,NORMAL
2026-03-16,Banten,Beras Medium I,15350.0,15924.242424242424,-574.242424242424,-3.61,0.0,15350.0,15116.666666666666,0.0,2026,3,12,0,NORMAL
2026-03-17,Banten,Beras Medium I,15350.0,15934.848484848484,-584.8484848484841,-3.67,0.0,15350.0,15133.333333333334,0.0,2026,3,12,1,NORMAL
2026-03-18,Banten,Beras Medium I,15350.0,15931.818181818182,-581.818181818182,-3.65,0.0,15350.0,15150.0,0.0,2026,3,12,2,NORMAL
2026-03-19,Banten,Beras Medium I,15350.0,15930.30303030303,-580.30303030303,-3.64,0.0,15350.0,15166.666666666666,0.0,2026,3,12,3,NORMAL
2026-03-20,Banten,Beras Medium I,15350.0,15931.818181818182,-581.818181818182,-3.65,0.0,15350.0,15183.333333333334,0.0,2026,3,12,4,NORMAL
2026-03-23,Banten,Beras Medium I,15350.0,15933.333333333334,-583.3333333333339,-3.66,0.0,15350.0,15200.0,0.0,2026,3,13,0,NORMAL
2026-03-24,Banten,Beras Medium I,15350.0,15931.818181818182,-581.818181818182,-3.65,0.0,15350.0,15216.666666666666,0.0,2026,3,13,1,NORMAL
2026-03-25,Banten,Beras Medium I,15350.0,15940.90909090909,-590.9090909090901,-3.71,0.0,15350.0,15233.333333333334,0.0,2026,3,13,2,NORMAL
2026-03-26,Banten,Beras Medium I,15350.0,15942.424242424242,-592.424242424242,-3.72,0.0,15350.0,15250.0,0.0,2026,3,13,3,NORMAL
2026-03-27,Banten,Beras Medium I,15350.0,15942.424242424242,-592.424242424242,-3.72,0.0,15350.0,15266.666666666666,0.0,2026,3,13,4,NORMAL
2026-03-30,Banten,Beras Medium I,15350.0,15956.060606060606,-606.060606060606,-3.8,0.0,15350.0,15283.333333333334,0.0,2026,3,14,0,NORMAL
2026-03-31,Banten,Beras Medium I,15350.0,15960.60606060606,-610.60606060606,-3.83,0.0,15350.0,15300.0,0.0,2026,3,14,1,NORMAL
2026-04-01,Banten,Beras Medium I,15350.0,15965.151515151516,-615.1515151515159,-3.85,0.0,15350.0,15316.666666666666,0.0,2026,4,14,2,NORMAL
2026-04-02,Banten,Beras Medium I,15350.0,15965.151515151516,-615.1515151515159,-3.85,0.0,15350.0,15333.333333333334,0.0,2026,4,14,3,NORMAL
2026-04-03,Banten,Beras Medium I,15350.0,15945.454545454546,-595.454545454546,-3.73,0.0,15350.0,15350.0,0.0,2026,4,14,4,NORMAL
2026-04-06,Banten,Beras Medium I,15650.0,15981.818181818182,-331.818181818182,-2.08,300.0,15392.857142857143,15360.0,113.38934190276812,2026,4,15,0,NORMAL
2026-04-07,Banten,Beras Medium I,15650.0,15995.454545454546,-345.45454545454595,-2.16,0.0,15435.714285714286,15370.0,146.38501094227985,2026,4,15,1,NORMAL
2026-04-08,Banten,Beras Medium I,15650.0,15983.333333333334,-333.33333333333394,-2.09,0.0,15478.57142857143,15380.0,160.3567451474544,2026,4,15,2,NORMAL
2026-04-09,Banten,Beras Medium I,15650.0,15989.39393939394,-339.39393939393995,-2.12,0.0,15521.42857142857,15390.0,160.3567451474544,2026,4,15,3,NORMAL
2026-04-10,Banten,Beras Medium I,15650.0,16010.60606060606,-360.60606060606005,-2.25,0.0,15564.285714285714,15400.0,146.38501094227985,2026,4,15,4,NORMAL
2026-04-13,Banten,Beras Medium I,15650.0,16113.636363636364,-463.63636363636397,-2.88,0.0,15607.142857142857,15410.0,113.38934190276812,2026,4,16,0,NORMAL
2026-01-01,Bengkulu,Beras Medium I,15350.0,15869.69696969697,-519.69696969697,-3.27,,15350.0,15350.0,,2026,1,1,3,NORMAL
2026-01-02,Bengkulu,Beras Medium I,15350.0,15854.545454545454,-504.54545454545405,-3.18,0.0,15350.0,15350.0,0.0,2026,1,1,4,NORMAL
2026-01-05,Bengkulu,Beras Medium I,15350.0,15843.939393939394,-493.939393939394,-3.12,0.0,15350.0,15350.0,0.0,2026,1,2,0,NORMAL
2026-01-06,Bengkulu,Beras Medium I,15350.0,15857.575757575758,-507.57575757575796,-3.2,0.0,15350.0,15350.0,0.0,2026,1,2,1,NORMAL
2026-01-07,Bengkulu,Beras Medium I,15350.0,15854.545454545454,-504.54545454545405,-3.18,0.0,15350.0,15350.0,0.0,2026,1,2,2,NORMAL
2026-01-08,Bengkulu,Beras Medium I,15350.0,15859.09090909091,-509.0909090909099,-3.21,0.0,15350.0,15350.0,0.0,2026,1,2,3,NORMAL
2026-01-09,Bengkulu,Beras Medium I,15350.0,15860.60606060606,-510.60606060606005,-3.22,0.0,15350.0,15350.0,0.0,2026,1,2,4,NORMAL
2026-01-12,Bengkulu,Beras Medium I,15350.0,15848.484848484848,-498.48484848484804,-3.15,0.0,15350.0,15350.0,0.0,2026,1,3,0,NORMAL
2026-01-13,Bengkulu,Beras Medium I,15350.0,15846.969696969696,-496.9696969696961,-3.14,0.0,15350.0,15350.0,0.0,2026,1,3,1,NORMAL
2026-01-14,Bengkulu,Beras Medium I,15350.0,15848.484848484848,-498.48484848484804,-3.15,0.0,15350.0,15350.0,0.0,2026,1,3,2,NORMAL
2026-01-15,Bengkulu,Beras Medium I,15350.0,15843.939393939394,-493.939393939394,-3.12,0.0,15350.0,15350.0,0.0,2026,1,3,3,NORMAL
2026-01-16,Bengkulu,Beras Medium I,15350.0,15837.878787878788,-487.878787878788,-3.08,0.0,15350.0,15350.0,0.0,2026,1,3,4,NORMAL
2026-01-19,Bengkulu,Beras Medium I,15350.0,15836.363636363636,-486.36363636363603,-3.07,0.0,15350.0,15350.0,0.0,2026,1,4,0,NORMAL
2026-01-20,Bengkulu,Beras Medium I,15350.0,15836.363636363636,-486.36363636363603,-3.07,0.0,15350.0,15350.0,0.0,2026,1,4,1,NORMAL
2026-01-21,Bengkulu,Beras Medium I,15350.0,15834.848484848484,-484.8484848484841,-3.06,0.0,15350.0,15350.0,0.0,2026,1,4,2,NORMAL
2026-01-22,Bengkulu,Beras Medium I,15350.0,15834.848484848484,-484.8484848484841,-3.06,0.0,15350.0,15350.0,0.0,2026,1,4,3,NORMAL
2026-01-23,Bengkulu,Beras Medium I,15350.0,15845.454545454546,-495.45454545454595,-3.13,0.0,15350.0,15350.0,0.0,2026,1,4,4,NORMAL
2026-01-26,Bengkulu,Beras Medium I,15350.0,15843.939393939394,-493.939393939394,-3.12,0.0,15350.0,15350.0,0.0,2026,1,5,0,NORMAL
2026-01-27,Bengkulu,Beras Medium I,15350.0,15846.969696969696,-496.9696969696961,-3.14,0.0,15350.0,15350.0,0.0,2026,1,5,1,NORMAL
2026-01-28,Bengkulu,Beras Medium I,15350.0,15850.0,-500.0,-3.15,0.0,15350.0,15350.0,0.0,2026,1,5,2,NORMAL
2026-01-29,Bengkulu,Beras Medium I,15350.0,15850.0,-500.0,-3.15,0.0,15350.0,15350.0,0.0,2026,1,5,3,NORMAL
2026-01-30,Bengkulu,Beras Medium I,15350.0,15868.181818181818,-518.181818181818,-3.27,0.0,15350.0,15350.0,0.0,2026,1,5,4,NORMAL
2026-02-02,Bengkulu,Beras Medium I,15350.0,15872.727272727272,-522.7272727272721,-3.29,0.0,15350.0,15350.0,0.0,2026,2,6,0,NORMAL
2026-02-03,Bengkulu,Beras Medium I,15350.0,15865.151515151516,-515.1515151515159,-3.25,0.0,15350.0,15350.0,0.0,2026,2,6,1,NORMAL
2026-02-04,Bengkulu,Beras Medium I,15350.0,15880.30303030303,-530.30303030303,-3.34,0.0,15350.0,15350.0,0.0,2026,2,6,2,NORMAL
2026-02-05,Bengkulu,Beras Medium I,15350.0,15868.181818181818,-518.181818181818,-3.27,0.0,15350.0,15350.0,0.0,2026,2,6,3,NORMAL
2026-02-06,Bengkulu,Beras Medium I,15350.0,15866.666666666666,-516.6666666666661,-3.26,0.0,15350.0,15350.0,0.0,2026,2,6,4,NORMAL
2026-02-09,Bengkulu,Beras Medium I,15350.0,15869.69696969697,-519.69696969697,-3.27,0.0,15350.0,15350.0,0.0,2026,2,7,0,NORMAL
2026-02-10,Bengkulu,Beras Medium I,15350.0,15869.69696969697,-519.69696969697,-3.27,0.0,15350.0,15350.0,0.0,2026,2,7,1,NORMAL
2026-02-11,Bengkulu,Beras Medium I,15350.0,15866.666666666666,-516.6666666666661,-3.26,0.0,15350.0,15350.0,0.0,2026,2,7,2,NORMAL
2026-02-12,Bengkulu,Beras Medium I,15350.0,15874.242424242424,-524.242424242424,-3.3,0.0,15350.0,15350.0,0.0,2026,2,7,3,NORMAL
2026-02-13,Bengkulu,Beras Medium I,15350.0,15881.818181818182,-531.818181818182,-3.35,0.0,15350.0,15350.0,0.0,2026,2,7,4,NORMAL
2026-02-16,Bengkulu,Beras Medium I,15350.0,15880.30303030303,-530.30303030303,-3.34,0.0,15350.0,15350.0,0.0,2026,2,8,0,NORMAL
2026-02-17,Bengkulu,Beras Medium I,15350.0,15880.30303030303,-530.30303030303,-3.34,0.0,15350.0,15350.0,0.0,2026,2,8,1,NORMAL
2026-02-18,Bengkulu,Beras Medium I,15350.0,15883.333333333334,-533.3333333333339,-3.36,0.0,15350.0,15350.0,0.0,2026,2,8,2,NORMAL
2026-02-19,Bengkulu,Beras Medium I,15350.0,15884.848484848484,-534.8484848484841,-3.37,0.0,15350.0,15350.0,0.0,2026,2,8,3,NORMAL
2026-02-20,Bengkulu,Beras Medium I,15350.0,15880.30303030303,-530.30303030303,-3.34,0.0,15350.0,15350.0,0.0,2026,2,8,4,NORMAL
2026-02-23,Bengkulu,Beras Medium I,15350.0,15892.424242424242,-542.424242424242,-3.41,0.0,15350.0,15350.0,0.0,2026,2,9,0,NORMAL
2026-02-24,Bengkulu,Beras Medium I,15350.0,15892.424242424242,-542.424242424242,-3.41,0.0,15350.0,15350.0,0.0,2026,2,9,1,NORMAL
2026-02-25,Bengkulu,Beras Medium I,15350.0,15887.878787878788,-537.878787878788,-3.39,0.0,15350.0,15350.0,0.0,2026,2,9,2,NORMAL
2026-02-26,Bengkulu,Beras Medium I,15350.0,15889.39393939394,-539.39393939394,-3.39,0.0,15350.0,15350.0,0.0,2026,2,9,3,NORMAL
2026-02-27,Bengkulu,Beras Medium I,15350.0,15887.878787878788,-537.878787878788,-3.39,0.0,15350.0,15350.0,0.0,2026,2,9,4,NORMAL
2026-03-02,Bengkulu,Beras Medium I,15350.0,15840.90909090909,-490.9090909090901,-3.1,0.0,15350.0,15350.0,0.0,2026,3,10,0,NORMAL
2026-03-03,Bengkulu,Beras Medium I,15350.0,15884.848484848484,-534.8484848484841,-3.37,0.0,15350.0,15350.0,0.0,2026,3,10,1,NORMAL
2026-03-04,Bengkulu,Beras Medium I,15350.0,15890.90909090909,-540.9090909090901,-3.4,0.0,15350.0,15350.0,0.0,2026,3,10,2,NORMAL
2026-03-05,Bengkulu,Beras Medium I,15350.0,15892.424242424242,-542.424242424242,-3.41,0.0,15350.0,15350.0,0.0,2026,3,10,3,NORMAL
2026-03-06,Bengkulu,Beras Medium I,15350.0,15887.878787878788,-537.878787878788,-3.39,0.0,15350.0,15350.0,0.0,2026,3,10,4,NORMAL
2026-03-09,Bengkulu,Beras Medium I,15350.0,15887.878787878788,-537.878787878788,-3.39,0.0,15350.0,15350.0,0.0,2026,3,11,0,NORMAL
2026-03-10,Bengkulu,Beras Medium I,15350.0,15887.878787878788,-537.878787878788,-3.39,0.0,15350.0,15350.0,0.0,2026,3,11,1,NORMAL
2026-03-11,Bengkulu,Beras Medium I,15350.0,15895.454545454546,-545.454545454546,-3.43,0.0,15350.0,15350.0,0.0,2026,3,11,2,NORMAL
2026-03-12,Bengkulu,Beras Medium I,15350.0,15910.60606060606,-560.60606060606,-3.52,0.0,15350.0,15350.0,0.0,2026,3,11,3,NORMAL
2026-03-13,Bengkulu,Beras Medium I,15350.0,15912.121212121212,-562.121212121212,-3.53,0.0,15350.0,15350.0,0.0,2026,3,11,4,NORMAL
2026-03-16,Bengkulu,Beras Medium I,15350.0,15924.242424242424,-574.242424242424,-3.61,0.0,15350.0,15350.0,0.0,2026,3,12,0,NORMAL
2026-03-17,Bengkulu,Beras Medium I,15350.0,15934.848484848484,-584.8484848484841,-3.67,0.0,15350.0,15350.0,0.0,2026,3,12,1,NORMAL
2026-03-18,Bengkulu,Beras Medium I,15350.0,15931.818181818182,-581.818181818182,-3.65,0.0,15350.0,15350.0,0.0,2026,3,12,2,NORMAL
2026-03-19,Bengkulu,Beras Medium I,15350.0,15930.30303030303,-580.30303030303,-3.64,0.0,15350.0,15350.0,0.0,2026,3,12,3,NORMAL
2026-03-20,Bengkulu,Beras Medium I,15350.0,15931.818181818182,-581.818181818182,-3.65,0.0,15350.0,15350.0,0.0,2026,3,12,4,NORMAL
2026-03-23,Bengkulu,Beras Medium I,15350.0,15933.333333333334,-583.3333333333339,-3.66,0.0,15350.0,15350.0,0.0,2026,3,13,0,NORMAL
2026-03-24,Bengkulu,Beras Medium I,15350.0,15931.818181818182,-581.818181818182,-3.65,0.0,15350.0,15350.0,0.0,2026,3,13,1,NORMAL
2026-03-25,Bengkulu,Beras Medium I,15350.0,15940.90909090909,-590.9090909090901,-3.71,0.0,15350.0,15350.0,0.0,2026,3,13,2,NORMAL
2026-03-26,Bengkulu,Beras Medium I,15350.0,15942.424242424242,-592.424242424242,-3.72,0.0,15350.0,15350.0,0.0,2026,3,13,3,NORMAL
2026-03-27,Bengkulu,Beras Medium I,15350.0,15942.424242424242,-592.424242424242,-3.72,0.0,15350.0,15350.0,0.0,2026,3,13,4,NORMAL
2026-03-30,Bengkulu,Beras Medium I,15350.0,15956.060606060606,-606.060606060606,-3.8,0.0,15350.0,15350.0,0.0,2026,3,14,0,NORMAL
2026-03-31,Bengkulu,Beras Medium I,15350.0,15960.60606060606,-610.60606060606,-3.83,0.0,15350.0,15350.0,0.0,2026,3,14,1,NORMAL
2026-04-01,Bengkulu,Beras Medium I,15350.0,15965.151515151516,-615.1515151515159,-3.85,0.0,15350.0,15350.0,0.0,2026,4,14,2,NORMAL
2026-04-02,Bengkulu,Beras Medium I,15350.0,15965.151515151516,-615.1515151515159,-3.85,0.0,15350.0,15350.0,0.0,2026,4,14,3,NORMAL
2026-04-03,Bengkulu,Beras Medium I,15350.0,15945.454545454546,-595.454545454546,-3.73,0.0,15350.0,15350.0,0.0,2026,4,14,4,NORMAL
2026-04-06,Bengkulu,Beras Medium I,15350.0,15981.818181818182,-631.818181818182,-3.95,0.0,15350.0,15350.0,0.0,2026,4,15,0,NORMAL
2026-04-07,Bengkulu,Beras Medium I,15350.0,15995.454545454546,-645.454545454546,-4.04,0.0,15350.0,15350.0,0.0,2026,4,15,1,NORMAL
2026-04-08,Bengkulu,Beras Medium I,15350.0,15983.333333333334,-633.3333333333339,-3.96,0.0,15350.0,15350.0,0.0,2026,4,15,2,NORMAL
2026-04-09,Bengkulu,Beras Medium I,15350.0,15989.39393939394,-639.39393939394,-4.0,0.0,15350.0,15350.0,0.0,2026,4,15,3,NORMAL
2026-04-10,Bengkulu,Beras Medium I,15350.0,16010.60606060606,-660.60606060606,-4.13,0.0,15350.0,15350.0,0.0,2026,4,15,4,NORMAL
2026-04-13,Bengkulu,Beras Medium I,15350.0,16113.636363636364,-763.636363636364,-4.74,0.0,15350.0,15350.0,0.0,2026,4,16,0,NORMAL
2026-01-01,DI Yogyakarta,Beras Medium I,14900.0,15869.69696969697,-969.69696969697,-6.11,,14900.0,14900.0,,2026,1,1,3,SURPLUS
2026-01-02,DI Yogyakarta,Beras Medium I,14900.0,15854.545454545454,-954.545454545454,-6.02,0.0,14900.0,14900.0,0.0,2026,1,1,4,SURPLUS
2026-01-05,DI Yogyakarta,Beras Medium I,14900.0,15843.939393939394,-943.939393939394,-5.96,0.0,14900.0,14900.0,0.0,2026,1,2,0,SURPLUS
2026-01-06,DI Yogyakarta,Beras Medium I,14900.0,15857.575757575758,-957.575757575758,-6.04,0.0,14900.0,14900.0,0.0,2026,1,2,1,SURPLUS
2026-01-07,DI Yogyakarta,Beras Medium I,14900.0,15854.545454545454,-954.545454545454,-6.02,0.0,14900.0,14900.0,0.0,2026,1,2,2,SURPLUS
2026-01-08,DI Yogyakarta,Beras Medium I,14900.0,15859.09090909091,-959.0909090909099,-6.05,0.0,14900.0,14900.0,0.0,2026,1,2,3,SURPLUS
2026-01-09,DI Yogyakarta,Beras Medium I,14900.0,15860.60606060606,-960.60606060606,-6.06,0.0,14900.0,14900.0,0.0,2026,1,2,4,SURPLUS
2026-01-12,DI Yogyakarta,Beras Medium I,14900.0,15848.484848484848,-948.484848484848,-5.98,0.0,14900.0,14900.0,0.0,2026,1,3,0,SURPLUS
2026-01-13,DI Yogyakarta,Beras Medium I,14900.0,15846.969696969696,-946.9696969696961,-5.98,0.0,14900.0,14900.0,0.0,2026,1,3,1,SURPLUS
2026-01-14,DI Yogyakarta,Beras Medium I,14900.0,15848.484848484848,-948.484848484848,-5.98,0.0,14900.0,14900.0,0.0,2026,1,3,2,SURPLUS
2026-01-15,DI Yogyakarta,Beras Medium I,14900.0,15843.939393939394,-943.939393939394,-5.96,0.0,14900.0,14900.0,0.0,2026,1,3,3,SURPLUS
2026-01-16,DI Yogyakarta,Beras Medium I,14900.0,15837.878787878788,-937.878787878788,-5.92,0.0,14900.0,14900.0,0.0,2026,1,3,4,SURPLUS
2026-01-19,DI Yogyakarta,Beras Medium I,14900.0,15836.363636363636,-936.363636363636,-5.91,0.0,14900.0,14900.0,0.0,2026,1,4,0,SURPLUS
2026-01-20,DI Yogyakarta,Beras Medium I,14900.0,15836.363636363636,-936.363636363636,-5.91,0.0,14900.0,14900.0,0.0,2026,1,4,1,SURPLUS
2026-01-21,DI Yogyakarta,Beras Medium I,14900.0,15834.848484848484,-934.8484848484841,-5.9,0.0,14900.0,14900.0,0.0,2026,1,4,2,SURPLUS
2026-01-22,DI Yogyakarta,Beras Medium I,14900.0,15834.848484848484,-934.8484848484841,-5.9,0.0,14900.0,14900.0,0.0,2026,1,4,3,SURPLUS
2026-01-23,DI Yogyakarta,Beras Medium I,14900.0,15845.454545454546,-945.454545454546,-5.97,0.0,14900.0,14900.0,0.0,2026,1,4,4,SURPLUS
2026-01-26,DI Yogyakarta,Beras Medium I,14900.0,15843.939393939394,-943.939393939394,-5.96,0.0,14900.0,14900.0,0.0,2026,1,5,0,SURPLUS
2026-01-27,DI Yogyakarta,Beras Medium I,14900.0,15846.969696969696,-946.9696969696961,-5.98,0.0,14900.0,14900.0,0.0,2026,1,5,1,SURPLUS
2026-01-28,DI Yogyakarta,Beras Medium I,14900.0,15850.0,-950.0,-5.99,0.0,14900.0,14900.0,0.0,2026,1,5,2,SURPLUS
2026-01-29,DI Yogyakarta,Beras Medium I,14900.0,15850.0,-950.0,-5.99,0.0,14900.0,14900.0,0.0,2026,1,5,3,SURPLUS
2026-01-30,DI Yogyakarta,Beras Medium I,14900.0,15868.181818181818,-968.181818181818,-6.1,0.0,14900.0,14900.0,0.0,2026,1,5,4,SURPLUS
2026-02-02,DI Yogyakarta,Beras Medium I,14900.0,15872.727272727272,-972.7272727272721,-6.13,0.0,14900.0,14900.0,0.0,2026,2,6,0,SURPLUS
2026-02-03,DI Yogyakarta,Beras Medium I,14900.0,15865.151515151516,-965.1515151515159,-6.08,0.0,14900.0,14900.0,0.0,2026,2,6,1,SURPLUS
2026-02-04,DI Yogyakarta,Beras Medium I,14900.0,15880.30303030303,-980.30303030303,-6.17,0.0,14900.0,14900.0,0.0,2026,2,6,2,SURPLUS
2026-02-05,DI Yogyakarta,Beras Medium I,14900.0,15868.181818181818,-968.181818181818,-6.1,0.0,14900.0,14900.0,0.0,2026,2,6,3,SURPLUS
2026-02-06,DI Yogyakarta,Beras Medium I,14900.0,15866.666666666666,-966.6666666666661,-6.09,0.0,14900.0,14900.0,0.0,2026,2,6,4,SURPLUS
2026-02-09,DI Yogyakarta,Beras Medium I,14900.0,15869.69696969697,-969.69696969697,-6.11,0.0,14900.0,14900.0,0.0,2026,2,7,0,SURPLUS
2026-02-10,DI Yogyakarta,Beras Medium I,14900.0,15869.69696969697,-969.69696969697,-6.11,0.0,14900.0,14900.0,0.0,2026,2,7,1,SURPLUS
2026-02-11,DI Yogyakarta,Beras Medium I,14900.0,15866.666666666666,-966.6666666666661,-6.09,0.0,14900.0,14900.0,0.0,2026,2,7,2,SURPLUS
2026-02-12,DI Yogyakarta,Beras Medium I,14900.0,15874.242424242424,-974.242424242424,-6.14,0.0,14900.0,14900.0,0.0,2026,2,7,3,SURPLUS
2026-02-13,DI Yogyakarta,Beras Medium I,14900.0,15881.818181818182,-981.818181818182,-6.18,0.0,14900.0,14900.0,0.0,2026,2,7,4,SURPLUS
2026-02-16,DI Yogyakarta,Beras Medium I,14900.0,15880.30303030303,-980.30303030303,-6.17,0.0,14900.0,14900.0,0.0,2026,2,8,0,SURPLUS
2026-02-17,DI Yogyakarta,Beras Medium I,14900.0,15880.30303030303,-980.30303030303,-6.17,0.0,14900.0,14900.0,0.0,2026,2,8,1,SURPLUS
2026-02-18,DI Yogyakarta,Beras Medium I,14900.0,15883.333333333334,-983.3333333333339,-6.19,0.0,14900.0,14900.0,0.0,2026,2,8,2,SURPLUS
2026-02-19,DI Yogyakarta,Beras Medium I,14900.0,15884.848484848484,-984.8484848484841,-6.2,0.0,14900.0,14900.0,0.0,2026,2,8,3,SURPLUS
2026-02-20,DI Yogyakarta,Beras Medium I,14900.0,15880.30303030303,-980.30303030303,-6.17,0.0,14900.0,14900.0,0.0,2026,2,8,4,SURPLUS
2026-02-23,DI Yogyakarta,Beras Medium I,14900.0,15892.424242424242,-992.424242424242,-6.24,0.0,14900.0,14900.0,0.0,2026,2,9,0,SURPLUS
2026-02-24,DI Yogyakarta,Beras Medium I,14900.0,15892.424242424242,-992.424242424242,-6.24,0.0,14900.0,14900.0,0.0,2026,2,9,1,SURPLUS
2026-02-25,DI Yogyakarta,Beras Medium I,14900.0,15887.878787878788,-987.878787878788,-6.22,0.0,14900.0,14900.0,0.0,2026,2,9,2,SURPLUS
2026-02-26,DI Yogyakarta,Beras Medium I,14900.0,15889.39393939394,-989.39393939394,-6.23,0.0,14900.0,14900.0,0.0,2026,2,9,3,SURPLUS
2026-02-27,DI Yogyakarta,Beras Medium I,14900.0,15887.878787878788,-987.878787878788,-6.22,0.0,14900.0,14900.0,0.0,2026,2,9,4,SURPLUS
2026-03-02,DI Yogyakarta,Beras Medium I,14900.0,15840.90909090909,-940.9090909090901,-5.94,0.0,14900.0,14900.0,0.0,2026,3,10,0,SURPLUS
2026-03-03,DI Yogyakarta,Beras Medium I,14900.0,15884.848484848484,-984.8484848484841,-6.2,0.0,14900.0,14900.0,0.0,2026,3,10,1,SURPLUS
2026-03-04,DI Yogyakarta,Beras Medium I,14900.0,15890.90909090909,-990.9090909090901,-6.24,0.0,14900.0,14900.0,0.0,2026,3,10,2,SURPLUS
2026-03-05,DI Yogyakarta,Beras Medium I,14900.0,15892.424242424242,-992.424242424242,-6.24,0.0,14900.0,14900.0,0.0,2026,3,10,3,SURPLUS
2026-03-06,DI Yogyakarta,Beras Medium I,14900.0,15887.878787878788,-987.878787878788,-6.22,0.0,14900.0,14900.0,0.0,2026,3,10,4,SURPLUS
2026-03-09,DI Yogyakarta,Beras Medium I,14900.0,15887.878787878788,-987.878787878788,-6.22,0.0,14900.0,14900.0,0.0,2026,3,11,0,SURPLUS
2026-03-10,DI Yogyakarta,Beras Medium I,14900.0,15887.878787878788,-987.878787878788,-6.22,0.0,14900.0,14900.0,0.0,2026,3,11,1,SURPLUS
2026-03-11,DI Yogyakarta,Beras Medium I,14900.0,15895.454545454546,-995.454545454546,-6.26,0.0,14900.0,14900.0,0.0,2026,3,11,2,SURPLUS
2026-03-12,DI Yogyakarta,Beras Medium I,14900.0,15910.60606060606,-1010.60606060606,-6.35,0.0,14900.0,14900.0,0.0,2026,3,11,3,SURPLUS
2026-03-13,DI Yogyakarta,Beras Medium I,14900.0,15912.121212121212,-1012.121212121212,-6.36,0.0,14900.0,14900.0,0.0,2026,3,11,4,SURPLUS
2026-03-16,DI Yogyakarta,Beras Medium I,14900.0,15924.242424242424,-1024.242424242424,-6.43,0.0,14900.0,14900.0,0.0,2026,3,12,0,SURPLUS
2026-03-17,DI Yogyakarta,Beras Medium I,14900.0,15934.848484848484,-1034.848484848484,-6.49,0.0,14900.0,14900.0,0.0,2026,3,12,1,SURPLUS
2026-03-18,DI Yogyakarta,Beras Medium I,14900.0,15931.818181818182,-1031.818181818182,-6.48,0.0,14900.0,14900.0,0.0,2026,3,12,2,SURPLUS
2026-03-19,DI Yogyakarta,Beras Medium I,14900.0,15930.30303030303,-1030.30303030303,-6.47,0.0,14900.0,14900.0,0.0,2026,3,12,3,SURPLUS
2026-03-20,DI Yogyakarta,Beras Medium I,14900.0,15931.818181818182,-1031.818181818182,-6.48,0.0,14900.0,14900.0,0.0,2026,3,12,4,SURPLUS
2026-03-23,DI Yogyakarta,Beras Medium I,14900.0,15933.333333333334,-1033.333333333334,-6.49,0.0,14900.0,14900.0,0.0,2026,3,13,0,SURPLUS
2026-03-24,DI Yogyakarta,Beras Medium I,14900.0,15931.818181818182,-1031.818181818182,-6.48,0.0,14900.0,14900.0,0.0,2026,3,13,1,SURPLUS
2026-03-25,DI Yogyakarta,Beras Medium I,14900.0,15940.90909090909,-1040.90909090909,-6.53,0.0,14900.0,14900.0,0.0,2026,3,13,2,SURPLUS
2026-03-26,DI Yogyakarta,Beras Medium I,14900.0,15942.424242424242,-1042.424242424242,-6.54,0.0,14900.0,14900.0,0.0,2026,3,13,3,SURPLUS
2026-03-27,DI Yogyakarta,Beras Medium I,14900.0,15942.424242424242,-1042.424242424242,-6.54,0.0,14900.0,14900.0,0.0,2026,3,13,4,SURPLUS
2026-03-30,DI Yogyakarta,Beras Medium I,14900.0,15956.060606060606,-1056.060606060606,-6.62,0.0,14900.0,14900.0,0.0,2026,3,14,0,SURPLUS
2026-03-31,DI Yogyakarta,Beras Medium I,14900.0,15960.60606060606,-1060.60606060606,-6.65,0.0,14900.0,14900.0,0.0,2026,3,14,1,SURPLUS
2026-04-01,DI Yogyakarta,Beras Medium I,14900.0,15965.151515151516,-1065.151515151516,-6.67,0.0,14900.0,14900.0,0.0,2026,4,14,2,SURPLUS
2026-04-02,DI Yogyakarta,Beras Medium I,14900.0,15965.151515151516,-1065.151515151516,-6.67,0.0,14900.0,14900.0,0.0,2026,4,14,3,SURPLUS
2026-04-03,DI Yogyakarta,Beras Medium I,14900.0,15945.454545454546,-1045.454545454546,-6.56,0.0,14900.0,14900.0,0.0,2026,4,14,4,SURPLUS
2026-04-06,DI Yogyakarta,Beras Medium I,14900.0,15981.818181818182,-1081.818181818182,-6.77,0.0,14900.0,14900.0,0.0,2026,4,15,0,SURPLUS
2026-04-07,DI Yogyakarta,Beras Medium I,14900.0,15995.454545454546,-1095.454545454546,-6.85,0.0,14900.0,14900.0,0.0,2026,4,15,1,SURPLUS
2026-04-08,DI Yogyakarta,Beras Medium I,14900.0,15983.333333333334,-1083.333333333334,-6.78,0.0,14900.0,14900.0,0.0,2026,4,15,2,SURPLUS
2026-04-09,DI Yogyakarta,Beras Medium I,14900.0,15989.39393939394,-1089.39393939394,-6.81,0.0,14900.0,14900.0,0.0,2026,4,15,3,SURPLUS
2026-04-10,DI Yogyakarta,Beras Medium I,14900.0,16010.60606060606,-1110.60606060606,-6.94,0.0,14900.0,14900.0,0.0,2026,4,15,4,SURPLUS
2026-04-13,DI Yogyakarta,Beras Medium I,14900.0,16113.636363636364,-1213.636363636364,-7.53,0.0,14900.0,14900.0,0.0,2026,4,16,0,SURPLUS
2026-01-01,DKI Jakarta,Beras Medium I,16600.0,15869.69696969697,730.30303030303,4.6,,16600.0,16600.0,,2026,1,1,3,NORMAL
2026-01-02,DKI Jakarta,Beras Medium I,16600.0,15854.545454545454,745.454545454546,4.7,0.0,16600.0,16600.0,0.0,2026,1,1,4,NORMAL
2026-01-05,DKI Jakarta,Beras Medium I,16600.0,15843.939393939394,756.060606060606,4.77,0.0,16600.0,16600.0,0.0,2026,1,2,0,NORMAL
2026-01-06,DKI Jakarta,Beras Medium I,16600.0,15857.575757575758,742.424242424242,4.68,0.0,16600.0,16600.0,0.0,2026,1,2,1,NORMAL
2026-01-07,DKI Jakarta,Beras Medium I,16600.0,15854.545454545454,745.454545454546,4.7,0.0,16600.0,16600.0,0.0,2026,1,2,2,NORMAL
2026-01-08,DKI Jakarta,Beras Medium I,16600.0,15859.09090909091,740.9090909090901,4.67,0.0,16600.0,16600.0,0.0,2026,1,2,3,NORMAL
2026-01-09,DKI Jakarta,Beras Medium I,16600.0,15860.60606060606,739.39393939394,4.66,0.0,16600.0,16600.0,0.0,2026,1,2,4,NORMAL
2026-01-12,DKI Jakarta,Beras Medium I,16600.0,15848.484848484848,751.515151515152,4.74,0.0,16600.0,16600.0,0.0,2026,1,3,0,NORMAL
2026-01-13,DKI Jakarta,Beras Medium I,16600.0,15846.969696969696,753.0303030303039,4.75,0.0,16600.0,16600.0,0.0,2026,1,3,1,NORMAL
2026-01-14,DKI Jakarta,Beras Medium I,16600.0,15848.484848484848,751.515151515152,4.74,0.0,16600.0,16600.0,0.0,2026,1,3,2,NORMAL
2026-01-15,DKI Jakarta,Beras Medium I,16600.0,15843.939393939394,756.060606060606,4.77,0.0,16600.0,16600.0,0.0,2026,1,3,3,NORMAL
2026-01-16,DKI Jakarta,Beras Medium I,16600.0,15837.878787878788,762.121212121212,4.81,0.0,16600.0,16600.0,0.0,2026,1,3,4,NORMAL
2026-01-19,DKI Jakarta,Beras Medium I,16600.0,15836.363636363636,763.636363636364,4.82,0.0,16600.0,16600.0,0.0,2026,1,4,0,NORMAL
2026-01-20,DKI Jakarta,Beras Medium I,16600.0,15836.363636363636,763.636363636364,4.82,0.0,16600.0,16600.0,0.0,2026,1,4,1,NORMAL
2026-01-21,DKI Jakarta,Beras Medium I,16600.0,15834.848484848484,765.1515151515159,4.83,0.0,16600.0,16600.0,0.0,2026,1,4,2,NORMAL
2026-01-22,DKI Jakarta,Beras Medium I,16600.0,15834.848484848484,765.1515151515159,4.83,0.0,16600.0,16600.0,0.0,2026,1,4,3,NORMAL
2026-01-23,DKI Jakarta,Beras Medium I,16600.0,15845.454545454546,754.545454545454,4.76,0.0,16600.0,16600.0,0.0,2026,1,4,4,NORMAL
2026-01-26,DKI Jakarta,Beras Medium I,16600.0,15843.939393939394,756.060606060606,4.77,0.0,16600.0,16600.0,0.0,2026,1,5,0,NORMAL
2026-01-27,DKI Jakarta,Beras Medium I,16600.0,15846.969696969696,753.0303030303039,4.75,0.0,16600.0,16600.0,0.0,2026,1,5,1,NORMAL
2026-01-28,DKI Jakarta,Beras Medium I,16600.0,15850.0,750.0,4.73,0.0,16600.0,16600.0,0.0,2026,1,5,2,NORMAL
2026-01-29,DKI Jakarta,Beras Medium I,16600.0,15850.0,750.0,4.73,0.0,16600.0,16600.0,0.0,2026,1,5,3,NORMAL
2026-01-30,DKI Jakarta,Beras Medium I,16600.0,15868.181818181818,731.818181818182,4.61,0.0,16600.0,16600.0,0.0,2026,1,5,4,NORMAL
2026-02-02,DKI Jakarta,Beras Medium I,16600.0,15872.727272727272,727.2727272727279,4.58,0.0,16600.0,16600.0,0.0,2026,2,6,0,NORMAL
2026-02-03,DKI Jakarta,Beras Medium I,16600.0,15865.151515151516,734.8484848484841,4.63,0.0,16600.0,16600.0,0.0,2026,2,6,1,NORMAL
2026-02-04,DKI Jakarta,Beras Medium I,16600.0,15880.30303030303,719.69696969697,4.53,0.0,16600.0,16600.0,0.0,2026,2,6,2,NORMAL
2026-02-05,DKI Jakarta,Beras Medium I,16600.0,15868.181818181818,731.818181818182,4.61,0.0,16600.0,16600.0,0.0,2026,2,6,3,NORMAL
2026-02-06,DKI Jakarta,Beras Medium I,16600.0,15866.666666666666,733.3333333333339,4.62,0.0,16600.0,16600.0,0.0,2026,2,6,4,NORMAL
2026-02-09,DKI Jakarta,Beras Medium I,16600.0,15869.69696969697,730.30303030303,4.6,0.0,16600.0,16600.0,0.0,2026,2,7,0,NORMAL
2026-02-10,DKI Jakarta,Beras Medium I,16600.0,15869.69696969697,730.30303030303,4.6,0.0,16600.0,16600.0,0.0,2026,2,7,1,NORMAL
2026-02-11,DKI Jakarta,Beras Medium I,16600.0,15866.666666666666,733.3333333333339,4.62,0.0,16600.0,16600.0,0.0,2026,2,7,2,NORMAL
2026-02-12,DKI Jakarta,Beras Medium I,16600.0,15874.242424242424,725.757575757576,4.57,0.0,16600.0,16600.0,0.0,2026,2,7,3,NORMAL
2026-02-13,DKI Jakarta,Beras Medium I,16600.0,15881.818181818182,718.181818181818,4.52,0.0,16600.0,16600.0,0.0,2026,2,7,4,NORMAL
2026-02-16,DKI Jakarta,Beras Medium I,16600.0,15880.30303030303,719.69696969697,4.53,0.0,16600.0,16600.0,0.0,2026,2,8,0,NORMAL
2026-02-17,DKI Jakarta,Beras Medium I,16600.0,15880.30303030303,719.69696969697,4.53,0.0,16600.0,16600.0,0.0,2026,2,8,1,NORMAL
2026-02-18,DKI Jakarta,Beras Medium I,16600.0,15883.333333333334,716.6666666666661,4.51,0.0,16600.0,16600.0,0.0,2026,2,8,2,NORMAL
2026-02-19,DKI Jakarta,Beras Medium I,16600.0,15884.848484848484,715.1515151515159,4.5,0.0,16600.0,16600.0,0.0,2026,2,8,3,NORMAL
2026-02-20,DKI Jakarta,Beras Medium I,16600.0,15880.30303030303,719.69696969697,4.53,0.0,16600.0,16600.0,0.0,2026,2,8,4,NORMAL
2026-02-23,DKI Jakarta,Beras Medium I,16600.0,15892.424242424242,707.575757575758,4.45,0.0,16600.0,16600.0,0.0,2026,2,9,0,NORMAL
2026-02-24,DKI Jakarta,Beras Medium I,16600.0,15892.424242424242,707.575757575758,4.45,0.0,16600.0,16600.0,0.0,2026,2,9,1,NORMAL
2026-02-25,DKI Jakarta,Beras Medium I,16600.0,15887.878787878788,712.121212121212,4.48,0.0,16600.0,16600.0,0.0,2026,2,9,2,NORMAL
2026-02-26,DKI Jakarta,Beras Medium I,16600.0,15889.39393939394,710.60606060606,4.47,0.0,16600.0,16600.0,0.0,2026,2,9,3,NORMAL
2026-02-27,DKI Jakarta,Beras Medium I,16600.0,15887.878787878788,712.121212121212,4.48,0.0,16600.0,16600.0,0.0,2026,2,9,4,NORMAL
2026-03-02,DKI Jakarta,Beras Medium I,15150.0,15840.90909090909,-690.9090909090901,-4.36,-1450.0,16392.85714285714,16551.666666666668,548.0484858633791,2026,3,10,0,NORMAL
2026-03-03,DKI Jakarta,Beras Medium I,16600.0,15884.848484848484,715.1515151515159,4.5,1450.0,16392.85714285714,16551.666666666668,548.0484858633791,2026,3,10,1,NORMAL
2026-03-04,DKI Jakarta,Beras Medium I,16800.0,15890.90909090909,909.0909090909099,5.72,200.0,16421.428571428572,16558.333333333332,565.5801909375471,2026,3,10,2,DEFISIT
2026-03-05,DKI Jakarta,Beras Medium I,16800.0,15892.424242424242,907.575757575758,5.71,0.0,16450.0,16565.0,580.9475019311126,2026,3,10,3,DEFISIT
2026-03-06,DKI Jakarta,Beras Medium I,16800.0,15887.878787878788,912.121212121212,5.74,0.0,16478.571428571428,16571.666666666668,594.3183370166918,2026,3,10,4,DEFISIT
2026-03-09,DKI Jakarta,Beras Medium I,16800.0,15887.878787878788,912.121212121212,5.74,0.0,16507.14285714286,16578.333333333332,605.8249000526556,2026,3,11,0,DEFISIT
2026-03-10,DKI Jakarta,Beras Medium I,16800.0,15887.878787878788,912.121212121212,5.74,0.0,16535.714285714286,16585.0,615.5717435267578,2026,3,11,1,DEFISIT
2026-03-11,DKI Jakarta,Beras Medium I,16800.0,15895.454545454546,904.545454545454,5.69,0.0,16771.428571428572,16591.666666666668,75.59289460187965,2026,3,11,2,DEFISIT
2026-03-12,DKI Jakarta,Beras Medium I,16800.0,15910.60606060606,889.39393939394,5.59,0.0,16800.0,16598.333333333332,7.623829401377114e-05,2026,3,11,3,DEFISIT
2026-03-13,DKI Jakarta,Beras Medium I,16800.0,15912.121212121212,887.878787878788,5.58,0.0,16800.0,16605.0,7.623829401377114e-05,2026,3,11,4,DEFISIT
2026-03-16,DKI Jakarta,Beras Medium I,16800.0,15924.242424242424,875.757575757576,5.5,0.0,16800.0,16611.666666666668,7.623829401377114e-05,2026,3,12,0,DEFISIT
2026-03-17,DKI Jakarta,Beras Medium I,16800.0,15934.848484848484,865.1515151515159,5.43,0.0,16800.0,16618.333333333332,7.623829401377114e-05,2026,3,12,1,DEFISIT
2026-03-18,DKI Jakarta,Beras Medium I,16800.0,15931.818181818182,868.181818181818,5.45,0.0,16800.0,16625.0,7.623829401377114e-05,2026,3,12,2,DEFISIT
2026-03-19,DKI Jakarta,Beras Medium I,16800.0,15930.30303030303,869.69696969697,5.46,0.0,16800.0,16631.666666666668,7.623829401377114e-05,2026,3,12,3,DEFISIT
2026-03-20,DKI Jakarta,Beras Medium I,16800.0,15931.818181818182,868.181818181818,5.45,0.0,16800.0,16638.333333333332,7.623829401377114e-05,2026,3,12,4,DEFISIT
2026-03-23,DKI Jakarta,Beras Medium I,16800.0,15933.333333333334,866.6666666666661,5.44,0.0,16800.0,16645.0,7.623829401377114e-05,2026,3,13,0,DEFISIT
2026-03-24,DKI Jakarta,Beras Medium I,16800.0,15931.818181818182,868.181818181818,5.45,0.0,16800.0,16651.666666666668,7.623829401377114e-05,2026,3,13,1,DEFISIT
2026-03-25,DKI Jakarta,Beras Medium I,16800.0,15940.90909090909,859.0909090909099,5.39,0.0,16800.0,16658.333333333332,7.623829401377114e-05,2026,3,13,2,DEFISIT
2026-03-26,DKI Jakarta,Beras Medium I,16800.0,15942.424242424242,857.575757575758,5.38,0.0,16800.0,16665.0,7.623829401377114e-05,2026,3,13,3,DEFISIT
2026-03-27,DKI Jakarta,Beras Medium I,16800.0,15942.424242424242,857.575757575758,5.38,0.0,16800.0,16671.666666666668,7.623829401377114e-05,2026,3,13,4,DEFISIT
2026-03-30,DKI Jakarta,Beras Medium I,16800.0,15956.060606060606,843.939393939394,5.29,0.0,16800.0,16678.333333333332,7.623829401377114e-05,2026,3,14,0,DEFISIT
2026-03-31,DKI Jakarta,Beras Medium I,16800.0,15960.60606060606,839.39393939394,5.26,0.0,16800.0,16685.0,7.623829401377114e-05,2026,3,14,1,DEFISIT
2026-04-01,DKI Jakarta,Beras Medium I,16800.0,15965.151515151516,834.8484848484841,5.23,0.0,16800.0,16691.666666666668,7.623829401377114e-05,2026,4,14,2,DEFISIT
2026-04-02,DKI Jakarta,Beras Medium I,16800.0,15965.151515151516,834.8484848484841,5.23,0.0,16800.0,16698.333333333332,7.623829401377114e-05,2026,4,14,3,DEFISIT
2026-04-03,DKI Jakarta,Beras Medium I,16800.0,15945.454545454546,854.545454545454,5.36,0.0,16800.0,16705.0,7.623829401377114e-05,2026,4,14,4,DEFISIT
2026-04-06,DKI Jakarta,Beras Medium I,16800.0,15981.818181818182,818.181818181818,5.12,0.0,16800.0,16711.666666666668,7.623829401377114e-05,2026,4,15,0,DEFISIT
2026-04-07,DKI Jakarta,Beras Medium I,16800.0,15995.454545454546,804.545454545454,5.03,0.0,16800.0,16718.333333333332,7.623829401377114e-05,2026,4,15,1,DEFISIT
2026-04-08,DKI Jakarta,Beras Medium I,16800.0,15983.333333333334,816.6666666666661,5.11,0.0,16800.0,16725.0,7.623829401377114e-05,2026,4,15,2,DEFISIT
2026-04-09,DKI Jakarta,Beras Medium I,16800.0,15989.39393939394,810.60606060606,5.07,0.0,16800.0,16731.666666666668,7.623829401377114e-05,2026,4,15,3,DEFISIT
2026-04-10,DKI Jakarta,Beras Medium I,16800.0,16010.60606060606,789.39393939394,4.93,0.0,16800.0,16738.333333333332,7.623829401377114e-05,2026,4,15,4,NORMAL
2026-04-13,DKI Jakarta,Beras Medium I,16800.0,16113.636363636364,686.363636363636,4.26,0.0,16800.0,16793.333333333332,7.623829401377114e-05,2026,4,16,0,NORMAL
2026-01-01,Gorontalo,Beras Medium I,15000.0,15869.69696969697,-869.69696969697,-5.48,,15000.0,15000.0,,2026,1,1,3,SURPLUS
2026-01-02,Gorontalo,Beras Medium I,15000.0,15854.545454545454,-854.545454545454,-5.39,0.0,15000.0,15000.0,0.0,2026,1,1,4,SURPLUS
2026-01-05,Gorontalo,Beras Medium I,15000.0,15843.939393939394,-843.939393939394,-5.33,0.0,15000.0,15000.0,0.0,2026,1,2,0,SURPLUS
2026-01-06,Gorontalo,Beras Medium I,15000.0,15857.575757575758,-857.575757575758,-5.41,0.0,15000.0,15000.0,0.0,2026,1,2,1,SURPLUS
2026-01-07,Gorontalo,Beras Medium I,15000.0,15854.545454545454,-854.545454545454,-5.39,0.0,15000.0,15000.0,0.0,2026,1,2,2,SURPLUS
2026-01-08,Gorontalo,Beras Medium I,15000.0,15859.09090909091,-859.0909090909099,-5.42,0.0,15000.0,15000.0,0.0,2026,1,2,3,SURPLUS
2026-01-09,Gorontalo,Beras Medium I,15000.0,15860.60606060606,-860.60606060606,-5.43,0.0,15000.0,15000.0,0.0,2026,1,2,4,SURPLUS
2026-01-12,Gorontalo,Beras Medium I,15000.0,15848.484848484848,-848.484848484848,-5.35,0.0,15000.0,15000.0,0.0,2026,1,3,0,SURPLUS
2026-01-13,Gorontalo,Beras Medium I,14950.0,15846.969696969696,-896.9696969696961,-5.66,-50.0,14992.857142857143,14994.444444444445,18.898223650461418,2026,1,3,1,SURPLUS
2026-01-14,Gorontalo,Beras Medium I,14950.0,15848.484848484848,-898.484848484848,-5.67,0.0,14985.714285714286,14990.0,24.397501823713633,2026,1,3,2,SURPLUS
2026-01-15,Gorontalo,Beras Medium I,15100.0,15843.939393939394,-743.939393939394,-4.7,150.0,15000.0,15000.0,50.00000000000008,2026,1,3,3,NORMAL
2026-01-16,Gorontalo,Beras Medium I,15100.0,15837.878787878788,-737.878787878788,-4.66,0.0,15014.285714285714,15008.333333333334,62.678317052801,2026,1,3,4,NORMAL
2026-01-19,Gorontalo,Beras Medium I,14950.0,15836.363636363636,-886.363636363636,-5.6,-150.0,15007.142857142857,15003.846153846154,67.259270913455,2026,1,4,0,SURPLUS
2026-01-20,Gorontalo,Beras Medium I,14950.0,15836.363636363636,-886.363636363636,-5.6,0.0,15000.0,15000.0,70.71067811865464,2026,1,4,1,SURPLUS
2026-01-21,Gorontalo,Beras Medium I,14950.0,15834.848484848484,-884.8484848484841,-5.59,0.0,14992.857142857143,14996.666666666666,73.19250547113971,2026,1,4,2,SURPLUS
2026-01-22,Gorontalo,Beras Medium I,14950.0,15834.848484848484,-884.8484848484841,-5.59,0.0,14992.857142857143,14993.75,73.19250547113971,2026,1,4,3,SURPLUS
2026-01-23,Gorontalo,Beras Medium I,14950.0,15845.454545454546,-895.454545454546,-5.65,0.0,14992.857142857143,14991.176470588236,73.19250547113971,2026,1,4,4,SURPLUS
2026-01-26,Gorontalo,Beras Medium I,14850.0,15843.939393939394,-993.939393939394,-6.27,-100.0,14957.142857142857,14983.333333333334,73.19250547113874,2026,1,5,0,SURPLUS
2026-01-27,Gorontalo,Beras Medium I,14850.0,15846.969696969696,-996.9696969696961,-6.29,0.0,14921.42857142857,14976.315789473685,48.79500364742272,2026,1,5,1,SURPLUS
2026-01-28,Gorontalo,Beras Medium I,14850.0,15850.0,-1000.0,-6.31,0.0,14907.142857142857,14970.0,53.452248382480605,2026,1,5,2,SURPLUS
2026-01-29,Gorontalo,Beras Medium I,14850.0,15850.0,-1000.0,-6.31,0.0,14892.857142857143,14964.285714285714,53.45224838248008,2026,1,5,3,SURPLUS
2026-01-30,Gorontalo,Beras Medium I,14900.0,15868.181818181818,-968.181818181818,-6.1,50.0,14885.714285714286,14961.363636363636,47.55948656056146,2026,1,5,4,SURPLUS
2026-02-02,Gorontalo,Beras Medium I,14900.0,15872.727272727272,-972.7272727272721,-6.13,0.0,14878.57142857143,14958.695652173914,39.33978962346502,2026,2,6,0,SURPLUS
2026-02-03,Gorontalo,Beras Medium I,14900.0,15865.151515151516,-965.1515151515159,-6.08,0.0,14871.42857142857,14956.25,26.726124191231673,2026,2,6,1,SURPLUS
2026-02-04,Gorontalo,Beras Medium I,14900.0,15880.30303030303,-980.30303030303,-6.17,0.0,14878.57142857143,14954.0,26.726124191231673,2026,2,6,2,SURPLUS
2026-02-05,Gorontalo,Beras Medium I,14900.0,15868.181818181818,-968.181818181818,-6.1,0.0,14885.714285714286,14951.923076923076,24.397501823701326,2026,2,6,3,SURPLUS
2026-02-06,Gorontalo,Beras Medium I,14900.0,15866.666666666666,-966.6666666666661,-6.09,0.0,14892.857142857143,14950.0,18.898223650445534,2026,2,6,4,SURPLUS
2026-02-09,Gorontalo,Beras Medium I,14900.0,15869.69696969697,-969.69696969697,-6.11,0.0,14900.0,14948.214285714286,0.0,2026,2,7,0,SURPLUS
2026-02-10,Gorontalo,Beras Medium I,15000.0,15869.69696969697,-869.69696969697,-5.48,100.0,14914.285714285714,14950.0,37.796447300922836,2026,2,7,1,SURPLUS
2026-02-11,Gorontalo,Beras Medium I,15000.0,15866.666666666666,-866.6666666666661,-5.46,0.0,14928.57142857143,14951.666666666666,48.795003647427,2026,2,7,2,SURPLUS
2026-02-12,Gorontalo,Beras Medium I,15000.0,15874.242424242424,-874.242424242424,-5.51,0.0,14942.857142857143,14951.666666666666,53.45224838248557,2026,2,7,3,SURPLUS
2026-02-13,Gorontalo,Beras Medium I,15000.0,15881.818181818182,-881.818181818182,-5.55,0.0,14957.142857142857,14951.666666666666,53.4522483824861,2026,2,7,4,SURPLUS
2026-02-16,Gorontalo,Beras Medium I,15000.0,15880.30303030303,-880.30303030303,-5.54,0.0,14971.42857142857,14951.666666666666,48.79500364742873,2026,2,8,0,SURPLUS
2026-02-17,Gorontalo,Beras Medium I,15000.0,15880.30303030303,-880.30303030303,-5.54,0.0,14985.714285714286,14951.666666666666,37.79644730092656,2026,2,8,1,SURPLUS
2026-02-18,Gorontalo,Beras Medium I,14900.0,15883.333333333334,-983.3333333333339,-6.19,-100.0,14985.714285714286,14948.333333333334,37.79644730092656,2026,2,8,2,SURPLUS
2026-02-19,Gorontalo,Beras Medium I,14900.0,15884.848484848484,-984.8484848484841,-6.2,0.0,14971.42857142857,14945.0,48.79500364742873,2026,2,8,3,SURPLUS
2026-02-20,Gorontalo,Beras Medium I,14900.0,15880.30303030303,-980.30303030303,-6.17,0.0,14957.142857142857,14941.666666666666,53.4522483824861,2026,2,8,4,SURPLUS
2026-02-23,Gorontalo,Beras Medium I,14900.0,15892.424242424242,-992.424242424242,-6.24,0.0,14942.857142857143,14938.333333333334,53.45224838248557,2026,2,9,0,SURPLUS
2026-02-24,Gorontalo,Beras Medium I,14900.0,15892.424242424242,-992.424242424242,-6.24,0.0,14928.57142857143,14936.666666666666,48.795003647426995,2026,2,9,1,SURPLUS
2026-02-25,Gorontalo,Beras Medium I,14750.0,15887.878787878788,-1137.878787878788,-7.16,-150.0,14892.857142857143,14930.0,73.19250547114002,2026,2,9,2,SURPLUS
2026-02-26,Gorontalo,Beras Medium I,14750.0,15889.39393939394,-1139.39393939394,-7.17,0.0,14857.142857142857,14918.333333333334,73.19250547114002,2026,2,9,3,SURPLUS
2026-02-27,Gorontalo,Beras Medium I,14750.0,15887.878787878788,-1137.878787878788,-7.16,0.0,14835.714285714286,14906.666666666666,80.17837257372739,2026,2,9,4,SURPLUS
2026-03-02,Gorontalo,Beras Medium I,14750.0,15840.90909090909,-1090.90909090909,-6.89,0.0,14814.285714285714,14900.0,80.17837257372739,2026,3,10,0,SURPLUS
2026-03-03,Gorontalo,Beras Medium I,14750.0,15884.848484848484,-1134.848484848484,-7.14,0.0,14792.857142857143,14893.333333333334,73.19250547114002,2026,3,10,1,SURPLUS
2026-03-04,Gorontalo,Beras Medium I,14750.0,15890.90909090909,-1140.90909090909,-7.18,0.0,14771.42857142857,14886.666666666666,56.69467095138415,2026,3,10,2,SURPLUS
2026-03-05,Gorontalo,Beras Medium I,14750.0,15892.424242424242,-1142.424242424242,-7.19,0.0,14750.0,14880.0,0.0,2026,3,10,3,SURPLUS
2026-03-06,Gorontalo,Beras Medium I,14750.0,15887.878787878788,-1137.878787878788,-7.16,0.0,14750.0,14873.333333333334,0.0,2026,3,10,4,SURPLUS
2026-03-09,Gorontalo,Beras Medium I,14750.0,15887.878787878788,-1137.878787878788,-7.16,0.0,14750.0,14870.0,0.0,2026,3,11,0,SURPLUS
2026-03-10,Gorontalo,Beras Medium I,14750.0,15887.878787878788,-1137.878787878788,-7.16,0.0,14750.0,14866.666666666666,0.0,2026,3,11,1,SURPLUS
2026-03-11,Gorontalo,Beras Medium I,14750.0,15895.454545454546,-1145.454545454546,-7.21,0.0,14750.0,14863.333333333334,0.0,2026,3,11,2,SURPLUS
2026-03-12,Gorontalo,Beras Medium I,14750.0,15910.60606060606,-1160.60606060606,-7.29,0.0,14750.0,14860.0,0.0,2026,3,11,3,SURPLUS
2026-03-13,Gorontalo,Beras Medium I,14750.0,15912.121212121212,-1162.121212121212,-7.3,0.0,14750.0,14855.0,0.0,2026,3,11,4,SURPLUS
2026-03-16,Gorontalo,Beras Medium I,14750.0,15924.242424242424,-1174.242424242424,-7.37,0.0,14750.0,14850.0,0.0,2026,3,12,0,SURPLUS
2026-03-17,Gorontalo,Beras Medium I,14750.0,15934.848484848484,-1184.848484848484,-7.44,0.0,14750.0,14845.0,0.0,2026,3,12,1,SURPLUS
2026-03-18,Gorontalo,Beras Medium I,14750.0,15931.818181818182,-1181.818181818182,-7.42,0.0,14750.0,14840.0,0.0,2026,3,12,2,SURPLUS
2026-03-19,Gorontalo,Beras Medium I,14750.0,15930.30303030303,-1180.30303030303,-7.41,0.0,14750.0,14835.0,0.0,2026,3,12,3,SURPLUS
2026-03-20,Gorontalo,Beras Medium I,14750.0,15931.818181818182,-1181.818181818182,-7.42,0.0,14750.0,14830.0,0.0,2026,3,12,4,SURPLUS
2026-03-23,Gorontalo,Beras Medium I,14750.0,15933.333333333334,-1183.333333333334,-7.43,0.0,14750.0,14825.0,0.0,2026,3,13,0,SURPLUS
2026-03-24,Gorontalo,Beras Medium I,14750.0,15931.818181818182,-1181.818181818182,-7.42,0.0,14750.0,14816.666666666666,0.0,2026,3,13,1,SURPLUS
2026-03-25,Gorontalo,Beras Medium I,14750.0,15940.90909090909,-1190.90909090909,-7.47,0.0,14750.0,14808.333333333334,0.0,2026,3,13,2,SURPLUS
2026-03-26,Gorontalo,Beras Medium I,14750.0,15942.424242424242,-1192.424242424242,-7.48,0.0,14750.0,14800.0,0.0,2026,3,13,3,SURPLUS
2026-03-27,Gorontalo,Beras Medium I,14750.0,15942.424242424242,-1192.424242424242,-7.48,0.0,14750.0,14791.666666666666,0.0,2026,3,13,4,SURPLUS
2026-03-30,Gorontalo,Beras Medium I,14750.0,15956.060606060606,-1206.060606060606,-7.56,0.0,14750.0,14783.333333333334,0.0,2026,3,14,0,SURPLUS
2026-03-31,Gorontalo,Beras Medium I,14750.0,15960.60606060606,-1210.60606060606,-7.58,0.0,14750.0,14775.0,0.0,2026,3,14,1,SURPLUS
2026-04-01,Gorontalo,Beras Medium I,14750.0,15965.151515151516,-1215.151515151516,-7.61,0.0,14750.0,14770.0,0.0,2026,4,14,2,SURPLUS
2026-04-02,Gorontalo,Beras Medium I,14750.0,15965.151515151516,-1215.151515151516,-7.61,0.0,14750.0,14765.0,0.0,2026,4,14,3,SURPLUS
2026-04-03,Gorontalo,Beras Medium I,14750.0,15945.454545454546,-1195.454545454546,-7.5,0.0,14750.0,14760.0,0.0,2026,4,14,4,SURPLUS
2026-04-06,Gorontalo,Beras Medium I,14750.0,15981.818181818182,-1231.818181818182,-7.71,0.0,14750.0,14755.0,0.0,2026,4,15,0,SURPLUS
2026-04-07,Gorontalo,Beras Medium I,14750.0,15995.454545454546,-1245.454545454546,-7.79,0.0,14750.0,14750.0,0.0,2026,4,15,1,SURPLUS
2026-04-08,Gorontalo,Beras Medium I,14750.0,15983.333333333334,-1233.333333333334,-7.72,0.0,14750.0,14750.0,0.0,2026,4,15,2,SURPLUS
2026-04-09,Gorontalo,Beras Medium I,14750.0,15989.39393939394,-1239.39393939394,-7.75,0.0,14750.0,14750.0,0.0,2026,4,15,3,SURPLUS
2026-04-10,Gorontalo,Beras Medium I,14750.0,16010.60606060606,-1260.60606060606,-7.87,0.0,14750.0,14750.0,0.0,2026,4,15,4,SURPLUS
2026-04-13,Gorontalo,Beras Medium I,14750.0,16113.636363636364,-1363.636363636364,-8.46,0.0,14750.0,14750.0,0.0,2026,4,16,0,SURPLUS
2026-01-01,Jambi,Beras Medium I,16400.0,15869.69696969697,530.30303030303,3.34,,16400.0,16400.0,,2026,1,1,3,NORMAL
2026-01-02,Jambi,Beras Medium I,16400.0,15854.545454545454,545.454545454546,3.44,0.0,16400.0,16400.0,0.0,2026,1,1,4,NORMAL
2026-01-05,Jambi,Beras Medium I,16400.0,15843.939393939394,556.060606060606,3.51,0.0,16400.0,16400.0,0.0,2026,1,2,0,NORMAL
2026-01-06,Jambi,Beras Medium I,16400.0,15857.575757575758,542.424242424242,3.42,0.0,16400.0,16400.0,0.0,2026,1,2,1,NORMAL
2026-01-07,Jambi,Beras Medium I,16400.0,15854.545454545454,545.454545454546,3.44,0.0,16400.0,16400.0,0.0,2026,1,2,2,NORMAL
2026-01-08,Jambi,Beras Medium I,16400.0,15859.09090909091,540.9090909090901,3.41,0.0,16400.0,16400.0,0.0,2026,1,2,3,NORMAL
2026-01-09,Jambi,Beras Medium I,16400.0,15860.60606060606,539.39393939394,3.4,0.0,16400.0,16400.0,0.0,2026,1,2,4,NORMAL
2026-01-12,Jambi,Beras Medium I,16400.0,15848.484848484848,551.515151515152,3.48,0.0,16400.0,16400.0,0.0,2026,1,3,0,NORMAL
2026-01-13,Jambi,Beras Medium I,16400.0,15846.969696969696,553.0303030303039,3.49,0.0,16400.0,16400.0,0.0,2026,1,3,1,NORMAL
2026-01-14,Jambi,Beras Medium I,16400.0,15848.484848484848,551.515151515152,3.48,0.0,16400.0,16400.0,0.0,2026,1,3,2,NORMAL
2026-01-15,Jambi,Beras Medium I,16400.0,15843.939393939394,556.060606060606,3.51,0.0,16400.0,16400.0,0.0,2026,1,3,3,NORMAL
2026-01-16,Jambi,Beras Medium I,16400.0,15837.878787878788,562.121212121212,3.55,0.0,16400.0,16400.0,0.0,2026,1,3,4,NORMAL
2026-01-19,Jambi,Beras Medium I,16400.0,15836.363636363636,563.636363636364,3.56,0.0,16400.0,16400.0,0.0,2026,1,4,0,NORMAL
2026-01-20,Jambi,Beras Medium I,16400.0,15836.363636363636,563.636363636364,3.56,0.0,16400.0,16400.0,0.0,2026,1,4,1,NORMAL
2026-01-21,Jambi,Beras Medium I,16400.0,15834.848484848484,565.1515151515159,3.57,0.0,16400.0,16400.0,0.0,2026,1,4,2,NORMAL
2026-01-22,Jambi,Beras Medium I,16400.0,15834.848484848484,565.1515151515159,3.57,0.0,16400.0,16400.0,0.0,2026,1,4,3,NORMAL
2026-01-23,Jambi,Beras Medium I,16400.0,15845.454545454546,554.545454545454,3.5,0.0,16400.0,16400.0,0.0,2026,1,4,4,NORMAL
2026-01-26,Jambi,Beras Medium I,16400.0,15843.939393939394,556.060606060606,3.51,0.0,16400.0,16400.0,0.0,2026,1,5,0,NORMAL
2026-01-27,Jambi,Beras Medium I,16400.0,15846.969696969696,553.0303030303039,3.49,0.0,16400.0,16400.0,0.0,2026,1,5,1,NORMAL
2026-01-28,Jambi,Beras Medium I,16400.0,15850.0,550.0,3.47,0.0,16400.0,16400.0,0.0,2026,1,5,2,NORMAL
2026-01-29,Jambi,Beras Medium I,16400.0,15850.0,550.0,3.47,0.0,16400.0,16400.0,0.0,2026,1,5,3,NORMAL
2026-01-30,Jambi,Beras Medium I,16400.0,15868.181818181818,531.818181818182,3.35,0.0,16400.0,16400.0,0.0,2026,1,5,4,NORMAL
2026-02-02,Jambi,Beras Medium I,16400.0,15872.727272727272,527.2727272727279,3.32,0.0,16400.0,16400.0,0.0,2026,2,6,0,NORMAL
2026-02-03,Jambi,Beras Medium I,16400.0,15865.151515151516,534.8484848484841,3.37,0.0,16400.0,16400.0,0.0,2026,2,6,1,NORMAL
2026-02-04,Jambi,Beras Medium I,16400.0,15880.30303030303,519.69696969697,3.27,0.0,16400.0,16400.0,0.0,2026,2,6,2,NORMAL
2026-02-05,Jambi,Beras Medium I,16400.0,15868.181818181818,531.818181818182,3.35,0.0,16400.0,16400.0,0.0,2026,2,6,3,NORMAL
2026-02-06,Jambi,Beras Medium I,16400.0,15866.666666666666,533.3333333333339,3.36,0.0,16400.0,16400.0,0.0,2026,2,6,4,NORMAL
2026-02-09,Jambi,Beras Medium I,16400.0,15869.69696969697,530.30303030303,3.34,0.0,16400.0,16400.0,0.0,2026,2,7,0,NORMAL
2026-02-10,Jambi,Beras Medium I,16400.0,15869.69696969697,530.30303030303,3.34,0.0,16400.0,16400.0,0.0,2026,2,7,1,NORMAL
2026-02-11,Jambi,Beras Medium I,16400.0,15866.666666666666,533.3333333333339,3.36,0.0,16400.0,16400.0,0.0,2026,2,7,2,NORMAL
2026-02-12,Jambi,Beras Medium I,16400.0,15874.242424242424,525.757575757576,3.31,0.0,16400.0,16400.0,0.0,2026,2,7,3,NORMAL
2026-02-13,Jambi,Beras Medium I,16400.0,15881.818181818182,518.181818181818,3.26,0.0,16400.0,16400.0,0.0,2026,2,7,4,NORMAL
2026-02-16,Jambi,Beras Medium I,16400.0,15880.30303030303,519.69696969697,3.27,0.0,16400.0,16400.0,0.0,2026,2,8,0,NORMAL
2026-02-17,Jambi,Beras Medium I,16400.0,15880.30303030303,519.69696969697,3.27,0.0,16400.0,16400.0,0.0,2026,2,8,1,NORMAL
2026-02-18,Jambi,Beras Medium I,16400.0,15883.333333333334,516.6666666666661,3.25,0.0,16400.0,16400.0,0.0,2026,2,8,2,NORMAL
2026-02-19,Jambi,Beras Medium I,16400.0,15884.848484848484,515.1515151515159,3.24,0.0,16400.0,16400.0,0.0,2026,2,8,3,NORMAL
2026-02-20,Jambi,Beras Medium I,16400.0,15880.30303030303,519.69696969697,3.27,0.0,16400.0,16400.0,0.0,2026,2,8,4,NORMAL
2026-02-23,Jambi,Beras Medium I,16400.0,15892.424242424242,507.57575757575796,3.19,0.0,16400.0,16400.0,0.0,2026,2,9,0,NORMAL
2026-02-24,Jambi,Beras Medium I,16400.0,15892.424242424242,507.57575757575796,3.19,0.0,16400.0,16400.0,0.0,2026,2,9,1,NORMAL
2026-02-25,Jambi,Beras Medium I,16400.0,15887.878787878788,512.121212121212,3.22,0.0,16400.0,16400.0,0.0,2026,2,9,2,NORMAL
2026-02-26,Jambi,Beras Medium I,16400.0,15889.39393939394,510.60606060606005,3.21,0.0,16400.0,16400.0,0.0,2026,2,9,3,NORMAL
2026-02-27,Jambi,Beras Medium I,16400.0,15887.878787878788,512.121212121212,3.22,0.0,16400.0,16400.0,0.0,2026,2,9,4,NORMAL
2026-03-02,Jambi,Beras Medium I,16400.0,15840.90909090909,559.0909090909099,3.53,0.0,16400.0,16400.0,0.0,2026,3,10,0,NORMAL
2026-03-03,Jambi,Beras Medium I,16400.0,15884.848484848484,515.1515151515159,3.24,0.0,16400.0,16400.0,0.0,2026,3,10,1,NORMAL
2026-03-04,Jambi,Beras Medium I,16400.0,15890.90909090909,509.0909090909099,3.2,0.0,16400.0,16400.0,0.0,2026,3,10,2,NORMAL
2026-03-05,Jambi,Beras Medium I,16400.0,15892.424242424242,507.57575757575796,3.19,0.0,16400.0,16400.0,0.0,2026,3,10,3,NORMAL
2026-03-06,Jambi,Beras Medium I,16400.0,15887.878787878788,512.121212121212,3.22,0.0,16400.0,16400.0,0.0,2026,3,10,4,NORMAL
2026-03-09,Jambi,Beras Medium I,16400.0,15887.878787878788,512.121212121212,3.22,0.0,16400.0,16400.0,0.0,2026,3,11,0,NORMAL
2026-03-10,Jambi,Beras Medium I,16400.0,15887.878787878788,512.121212121212,3.22,0.0,16400.0,16400.0,0.0,2026,3,11,1,NORMAL
2026-03-11,Jambi,Beras Medium I,16400.0,15895.454545454546,504.54545454545405,3.17,0.0,16400.0,16400.0,0.0,2026,3,11,2,NORMAL
2026-03-12,Jambi,Beras Medium I,16400.0,15910.60606060606,489.39393939393995,3.08,0.0,16400.0,16400.0,0.0,2026,3,11,3,NORMAL
2026-03-13,Jambi,Beras Medium I,16400.0,15912.121212121212,487.878787878788,3.07,0.0,16400.0,16400.0,0.0,2026,3,11,4,NORMAL
2026-03-16,Jambi,Beras Medium I,16400.0,15924.242424242424,475.757575757576,2.99,0.0,16400.0,16400.0,0.0,2026,3,12,0,NORMAL
2026-03-17,Jambi,Beras Medium I,16400.0,15934.848484848484,465.1515151515159,2.92,0.0,16400.0,16400.0,0.0,2026,3,12,1,NORMAL
2026-03-18,Jambi,Beras Medium I,16400.0,15931.818181818182,468.181818181818,2.94,0.0,16400.0,16400.0,0.0,2026,3,12,2,NORMAL
2026-03-19,Jambi,Beras Medium I,16400.0,15930.30303030303,469.69696969697,2.95,0.0,16400.0,16400.0,0.0,2026,3,12,3,NORMAL
2026-03-20,Jambi,Beras Medium I,16400.0,15931.818181818182,468.181818181818,2.94,0.0,16400.0,16400.0,0.0,2026,3,12,4,NORMAL
2026-03-23,Jambi,Beras Medium I,16400.0,15933.333333333334,466.66666666666606,2.93,0.0,16400.0,16400.0,0.0,2026,3,13,0,NORMAL
2026-03-24,Jambi,Beras Medium I,16400.0,15931.818181818182,468.181818181818,2.94,0.0,16400.0,16400.0,0.0,2026,3,13,1,NORMAL
2026-03-25,Jambi,Beras Medium I,16400.0,15940.90909090909,459.0909090909099,2.88,0.0,16400.0,16400.0,0.0,2026,3,13,2,NORMAL
2026-03-26,Jambi,Beras Medium I,16400.0,15942.424242424242,457.57575757575796,2.87,0.0,16400.0,16400.0,0.0,2026,3,13,3,NORMAL
2026-03-27,Jambi,Beras Medium I,16400.0,15942.424242424242,457.57575757575796,2.87,0.0,16400.0,16400.0,0.0,2026,3,13,4,NORMAL
2026-03-30,Jambi,Beras Medium I,16650.0,15956.060606060606,693.939393939394,4.35,250.0,16435.714285714286,16408.333333333332,94.49111825230669,2026,3,14,0,NORMAL
2026-03-31,Jambi,Beras Medium I,16650.0,15960.60606060606,689.39393939394,4.32,0.0,16471.428571428572,16416.666666666668,121.98750911856621,2026,3,14,1,NORMAL
2026-04-01,Jambi,Beras Medium I,16650.0,15965.151515151516,684.8484848484841,4.29,0.0,16507.14285714286,16425.0,133.63062095621126,2026,4,14,2,NORMAL
2026-04-02,Jambi,Beras Medium I,16650.0,15965.151515151516,684.8484848484841,4.29,0.0,16542.85714285714,16433.333333333332,133.63062095621126,2026,4,14,3,NORMAL
2026-04-03,Jambi,Beras Medium I,16650.0,15945.454545454546,704.545454545454,4.42,0.0,16578.571428571428,16441.666666666668,121.98750911856621,2026,4,14,4,NORMAL
2026-04-06,Jambi,Beras Medium I,16650.0,15981.818181818182,668.181818181818,4.18,0.0,16614.285714285714,16450.0,94.49111825230669,2026,4,15,0,NORMAL
2026-04-07,Jambi,Beras Medium I,16650.0,15995.454545454546,654.545454545454,4.09,0.0,16650.0,16458.333333333332,0.0,2026,4,15,1,NORMAL
2026-04-08,Jambi,Beras Medium I,16650.0,15983.333333333334,666.6666666666661,4.17,0.0,16650.0,16466.666666666668,0.0,2026,4,15,2,NORMAL
2026-04-09,Jambi,Beras Medium I,16650.0,15989.39393939394,660.60606060606,4.13,0.0,16650.0,16475.0,0.0,2026,4,15,3,NORMAL
2026-04-10,Jambi,Beras Medium I,16650.0,16010.60606060606,639.39393939394,3.99,0.0,16650.0,16483.333333333332,0.0,2026,4,15,4,NORMAL
2026-04-13,Jambi,Beras Medium I,16650.0,16113.636363636364,536.363636363636,3.33,0.0,16650.0,16491.666666666668,0.0,2026,4,16,0,NORMAL
2026-01-01,Jawa Barat,Beras Medium I,15100.0,15869.69696969697,-769.69696969697,-4.85,,15100.0,15100.0,,2026,1,1,3,NORMAL
2026-01-02,Jawa Barat,Beras Medium I,15100.0,15854.545454545454,-754.545454545454,-4.76,0.0,15100.0,15100.0,0.0,2026,1,1,4,NORMAL
2026-01-05,Jawa Barat,Beras Medium I,15100.0,15843.939393939394,-743.939393939394,-4.7,0.0,15100.0,15100.0,0.0,2026,1,2,0,NORMAL
2026-01-06,Jawa Barat,Beras Medium I,15100.0,15857.575757575758,-757.575757575758,-4.78,0.0,15100.0,15100.0,0.0,2026,1,2,1,NORMAL
2026-01-07,Jawa Barat,Beras Medium I,15100.0,15854.545454545454,-754.545454545454,-4.76,0.0,15100.0,15100.0,0.0,2026,1,2,2,NORMAL
2026-01-08,Jawa Barat,Beras Medium I,15100.0,15859.09090909091,-759.0909090909099,-4.79,0.0,15100.0,15100.0,0.0,2026,1,2,3,NORMAL
2026-01-09,Jawa Barat,Beras Medium I,15100.0,15860.60606060606,-760.60606060606,-4.8,0.0,15100.0,15100.0,0.0,2026,1,2,4,NORMAL
2026-01-12,Jawa Barat,Beras Medium I,15100.0,15848.484848484848,-748.484848484848,-4.72,0.0,15100.0,15100.0,0.0,2026,1,3,0,NORMAL
2026-01-13,Jawa Barat,Beras Medium I,15100.0,15846.969696969696,-746.9696969696961,-4.71,0.0,15100.0,15100.0,0.0,2026,1,3,1,NORMAL
2026-01-14,Jawa Barat,Beras Medium I,15100.0,15848.484848484848,-748.484848484848,-4.72,0.0,15100.0,15100.0,0.0,2026,1,3,2,NORMAL
2026-01-15,Jawa Barat,Beras Medium I,15100.0,15843.939393939394,-743.939393939394,-4.7,0.0,15100.0,15100.0,0.0,2026,1,3,3,NORMAL
2026-01-16,Jawa Barat,Beras Medium I,15100.0,15837.878787878788,-737.878787878788,-4.66,0.0,15100.0,15100.0,0.0,2026,1,3,4,NORMAL
2026-01-19,Jawa Barat,Beras Medium I,15100.0,15836.363636363636,-736.363636363636,-4.65,0.0,15100.0,15100.0,0.0,2026,1,4,0,NORMAL
2026-01-20,Jawa Barat,Beras Medium I,15100.0,15836.363636363636,-736.363636363636,-4.65,0.0,15100.0,15100.0,0.0,2026,1,4,1,NORMAL
2026-01-21,Jawa Barat,Beras Medium I,15100.0,15834.848484848484,-734.8484848484841,-4.64,0.0,15100.0,15100.0,0.0,2026,1,4,2,NORMAL
2026-01-22,Jawa Barat,Beras Medium I,15100.0,15834.848484848484,-734.8484848484841,-4.64,0.0,15100.0,15100.0,0.0,2026,1,4,3,NORMAL
2026-01-23,Jawa Barat,Beras Medium I,15100.0,15845.454545454546,-745.454545454546,-4.7,0.0,15100.0,15100.0,0.0,2026,1,4,4,NORMAL
2026-01-26,Jawa Barat,Beras Medium I,15100.0,15843.939393939394,-743.939393939394,-4.7,0.0,15100.0,15100.0,0.0,2026,1,5,0,NORMAL
2026-01-27,Jawa Barat,Beras Medium I,15100.0,15846.969696969696,-746.9696969696961,-4.71,0.0,15100.0,15100.0,0.0,2026,1,5,1,NORMAL
2026-01-28,Jawa Barat,Beras Medium I,15100.0,15850.0,-750.0,-4.73,0.0,15100.0,15100.0,0.0,2026,1,5,2,NORMAL
2026-01-29,Jawa Barat,Beras Medium I,15100.0,15850.0,-750.0,-4.73,0.0,15100.0,15100.0,0.0,2026,1,5,3,NORMAL
2026-01-30,Jawa Barat,Beras Medium I,15100.0,15868.181818181818,-768.181818181818,-4.84,0.0,15100.0,15100.0,0.0,2026,1,5,4,NORMAL
2026-02-02,Jawa Barat,Beras Medium I,15100.0,15872.727272727272,-772.7272727272721,-4.87,0.0,15100.0,15100.0,0.0,2026,2,6,0,NORMAL
2026-02-03,Jawa Barat,Beras Medium I,15100.0,15865.151515151516,-765.1515151515159,-4.82,0.0,15100.0,15100.0,0.0,2026,2,6,1,NORMAL
2026-02-04,Jawa Barat,Beras Medium I,15100.0,15880.30303030303,-780.30303030303,-4.91,0.0,15100.0,15100.0,0.0,2026,2,6,2,NORMAL
2026-02-05,Jawa Barat,Beras Medium I,15100.0,15868.181818181818,-768.181818181818,-4.84,0.0,15100.0,15100.0,0.0,2026,2,6,3,NORMAL
2026-02-06,Jawa Barat,Beras Medium I,15100.0,15866.666666666666,-766.6666666666661,-4.83,0.0,15100.0,15100.0,0.0,2026,2,6,4,NORMAL
2026-02-09,Jawa Barat,Beras Medium I,15100.0,15869.69696969697,-769.69696969697,-4.85,0.0,15100.0,15100.0,0.0,2026,2,7,0,NORMAL
2026-02-10,Jawa Barat,Beras Medium I,15150.0,15869.69696969697,-719.69696969697,-4.54,50.0,15107.142857142857,15101.724137931034,18.898223650461418,2026,2,7,1,NORMAL
2026-02-11,Jawa Barat,Beras Medium I,15150.0,15866.666666666666,-716.6666666666661,-4.52,0.0,15114.285714285714,15103.333333333334,24.397501823713633,2026,2,7,2,NORMAL
2026-02-12,Jawa Barat,Beras Medium I,15150.0,15874.242424242424,-724.242424242424,-4.56,0.0,15121.42857142857,15105.0,26.726124191242906,2026,2,7,3,NORMAL
2026-02-13,Jawa Barat,Beras Medium I,15150.0,15881.818181818182,-731.818181818182,-4.61,0.0,15128.57142857143,15106.666666666666,26.726124191242906,2026,2,7,4,NORMAL
2026-02-16,Jawa Barat,Beras Medium I,15150.0,15880.30303030303,-730.30303030303,-4.6,0.0,15135.714285714286,15108.333333333334,24.397501823713633,2026,2,8,0,NORMAL
2026-02-17,Jawa Barat,Beras Medium I,15150.0,15880.30303030303,-730.30303030303,-4.6,0.0,15142.857142857143,15110.0,18.898223650461418,2026,2,8,1,NORMAL
2026-02-18,Jawa Barat,Beras Medium I,15150.0,15883.333333333334,-733.3333333333339,-4.62,0.0,15150.0,15111.666666666666,0.0,2026,2,8,2,NORMAL
2026-02-19,Jawa Barat,Beras Medium I,15150.0,15884.848484848484,-734.8484848484841,-4.63,0.0,15150.0,15113.333333333334,0.0,2026,2,8,3,NORMAL
2026-02-20,Jawa Barat,Beras Medium I,15150.0,15880.30303030303,-730.30303030303,-4.6,0.0,15150.0,15115.0,0.0,2026,2,8,4,NORMAL
2026-02-23,Jawa Barat,Beras Medium I,15150.0,15892.424242424242,-742.424242424242,-4.67,0.0,15150.0,15116.666666666666,0.0,2026,2,9,0,NORMAL
2026-02-24,Jawa Barat,Beras Medium I,15150.0,15892.424242424242,-742.424242424242,-4.67,0.0,15150.0,15118.333333333334,0.0,2026,2,9,1,NORMAL
2026-02-25,Jawa Barat,Beras Medium I,15150.0,15887.878787878788,-737.878787878788,-4.64,0.0,15150.0,15120.0,0.0,2026,2,9,2,NORMAL
2026-02-26,Jawa Barat,Beras Medium I,15150.0,15889.39393939394,-739.39393939394,-4.65,0.0,15150.0,15121.666666666666,0.0,2026,2,9,3,NORMAL
2026-02-27,Jawa Barat,Beras Medium I,15150.0,15887.878787878788,-737.878787878788,-4.64,0.0,15150.0,15123.333333333334,0.0,2026,2,9,4,NORMAL
2026-03-02,Jawa Barat,Beras Medium I,15200.0,15840.90909090909,-640.9090909090901,-4.05,50.0,15157.142857142857,15126.666666666666,18.898223650461418,2026,3,10,0,NORMAL
2026-03-03,Jawa Barat,Beras Medium I,15200.0,15884.848484848484,-684.8484848484841,-4.31,0.0,15164.285714285714,15130.0,24.397501823713633,2026,3,10,1,NORMAL
2026-03-04,Jawa Barat,Beras Medium I,15200.0,15890.90909090909,-690.9090909090901,-4.35,0.0,15171.42857142857,15133.333333333334,26.726124191242906,2026,3,10,2,NORMAL
2026-03-05,Jawa Barat,Beras Medium I,15200.0,15892.424242424242,-692.424242424242,-4.36,0.0,15178.57142857143,15136.666666666666,26.726124191242906,2026,3,10,3,NORMAL
2026-03-06,Jawa Barat,Beras Medium I,15200.0,15887.878787878788,-687.878787878788,-4.33,0.0,15185.714285714286,15140.0,24.397501823713633,2026,3,10,4,NORMAL
2026-03-09,Jawa Barat,Beras Medium I,15250.0,15887.878787878788,-637.878787878788,-4.01,50.0,15200.0,15145.0,28.867513459480875,2026,3,11,0,NORMAL
2026-03-10,Jawa Barat,Beras Medium I,15250.0,15887.878787878788,-637.878787878788,-4.01,0.0,15214.285714285714,15150.0,24.397501823711583,2026,3,11,1,NORMAL
2026-03-11,Jawa Barat,Beras Medium I,15250.0,15895.454545454546,-645.454545454546,-4.06,0.0,15221.42857142857,15155.0,26.726124191240505,2026,3,11,2,NORMAL
2026-03-12,Jawa Barat,Beras Medium I,15250.0,15910.60606060606,-660.60606060606,-4.15,0.0,15228.57142857143,15160.0,26.72612419124012,2026,3,11,3,NORMAL
2026-03-13,Jawa Barat,Beras Medium I,15250.0,15912.121212121212,-662.121212121212,-4.16,0.0,15235.714285714286,15165.0,24.39750182371058,2026,3,11,4,NORMAL
2026-03-16,Jawa Barat,Beras Medium I,15250.0,15924.242424242424,-674.242424242424,-4.23,0.0,15242.857142857143,15170.0,18.89822365045748,2026,3,12,0,NORMAL
2026-03-17,Jawa Barat,Beras Medium I,15250.0,15934.848484848484,-684.8484848484841,-4.3,0.0,15250.0,15175.0,0.0,2026,3,12,1,NORMAL
2026-03-18,Jawa Barat,Beras Medium I,15250.0,15931.818181818182,-681.818181818182,-4.28,0.0,15250.0,15180.0,0.0,2026,3,12,2,NORMAL
2026-03-19,Jawa Barat,Beras Medium I,15250.0,15930.30303030303,-680.30303030303,-4.27,0.0,15250.0,15185.0,0.0,2026,3,12,3,NORMAL
2026-03-20,Jawa Barat,Beras Medium I,15250.0,15931.818181818182,-681.818181818182,-4.28,0.0,15250.0,15190.0,0.0,2026,3,12,4,NORMAL
2026-03-23,Jawa Barat,Beras Medium I,15250.0,15933.333333333334,-683.3333333333339,-4.29,0.0,15250.0,15195.0,0.0,2026,3,13,0,NORMAL
2026-03-24,Jawa Barat,Beras Medium I,15250.0,15931.818181818182,-681.818181818182,-4.28,0.0,15250.0,15198.333333333334,0.0,2026,3,13,1,NORMAL
2026-03-25,Jawa Barat,Beras Medium I,15250.0,15940.90909090909,-690.9090909090901,-4.33,0.0,15250.0,15201.666666666666,0.0,2026,3,13,2,NORMAL
2026-03-26,Jawa Barat,Beras Medium I,15350.0,15942.424242424242,-592.424242424242,-3.72,100.0,15264.285714285714,15208.333333333334,37.796447300922836,2026,3,13,3,NORMAL
2026-03-27,Jawa Barat,Beras Medium I,15350.0,15942.424242424242,-592.424242424242,-3.72,0.0,15278.57142857143,15215.0,48.795003647427,2026,3,13,4,NORMAL
2026-03-30,Jawa Barat,Beras Medium I,15350.0,15956.060606060606,-606.060606060606,-3.8,0.0,15292.857142857143,15221.666666666666,53.45224838248557,2026,3,14,0,NORMAL
2026-03-31,Jawa Barat,Beras Medium I,15350.0,15960.60606060606,-610.60606060606,-3.83,0.0,15307.142857142857,15228.333333333334,53.4522483824861,2026,3,14,1,NORMAL
2026-04-01,Jawa Barat,Beras Medium I,15350.0,15965.151515151516,-615.1515151515159,-3.85,0.0,15321.42857142857,15235.0,48.79500364742873,2026,4,14,2,NORMAL
2026-04-02,Jawa Barat,Beras Medium I,15350.0,15965.151515151516,-615.1515151515159,-3.85,0.0,15335.714285714286,15241.666666666666,37.79644730092656,2026,4,14,3,NORMAL
2026-04-03,Jawa Barat,Beras Medium I,15350.0,15945.454545454546,-595.454545454546,-3.73,0.0,15350.0,15248.333333333334,1.985231399027003e-05,2026,4,14,4,NORMAL
2026-04-06,Jawa Barat,Beras Medium I,15350.0,15981.818181818182,-631.818181818182,-3.95,0.0,15350.0,15255.0,1.985231399027003e-05,2026,4,15,0,NORMAL
2026-04-07,Jawa Barat,Beras Medium I,15350.0,15995.454545454546,-645.454545454546,-4.04,0.0,15350.0,15261.666666666666,1.985231399027003e-05,2026,4,15,1,NORMAL
2026-04-08,Jawa Barat,Beras Medium I,15350.0,15983.333333333334,-633.3333333333339,-3.96,0.0,15350.0,15268.333333333334,1.985231399027003e-05,2026,4,15,2,NORMAL
2026-04-09,Jawa Barat,Beras Medium I,15350.0,15989.39393939394,-639.39393939394,-4.0,0.0,15350.0,15275.0,1.985231399027003e-05,2026,4,15,3,NORMAL
2026-04-10,Jawa Barat,Beras Medium I,15350.0,16010.60606060606,-660.60606060606,-4.13,0.0,15350.0,15281.666666666666,1.985231399027003e-05,2026,4,15,4,NORMAL
2026-04-13,Jawa Barat,Beras Medium I,14850.0,16113.636363636364,-1263.636363636364,-7.84,-500.0,15278.57142857143,15270.0,188.98223650461333,2026,4,16,0,SURPLUS
2026-01-01,Jawa Tengah,Beras Medium I,15550.0,15869.69696969697,-319.69696969697,-2.01,,15550.0,15550.0,,2026,1,1,3,NORMAL
2026-01-02,Jawa Tengah,Beras Medium I,15450.0,15854.545454545454,-404.54545454545405,-2.55,-100.0,15500.0,15500.0,70.71067811865476,2026,1,1,4,NORMAL
2026-01-05,Jawa Tengah,Beras Medium I,15450.0,15843.939393939394,-393.939393939394,-2.49,0.0,15483.333333333334,15483.333333333334,57.73502691896271,2026,1,2,0,NORMAL
2026-01-06,Jawa Tengah,Beras Medium I,15500.0,15857.575757575758,-357.57575757575796,-2.25,50.0,15487.5,15487.5,47.87135538781698,2026,1,2,1,NORMAL
2026-01-07,Jawa Tengah,Beras Medium I,15500.0,15854.545454545454,-354.54545454545405,-2.24,0.0,15490.0,15490.0,41.833001326703844,2026,1,2,2,NORMAL
2026-01-08,Jawa Tengah,Beras Medium I,15500.0,15859.09090909091,-359.0909090909099,-2.26,0.0,15491.666666666666,15491.666666666666,37.63863263545413,2026,1,2,3,NORMAL
2026-01-09,Jawa Tengah,Beras Medium I,15500.0,15860.60606060606,-360.60606060606005,-2.27,0.0,15492.857142857143,15492.857142857143,34.50327796711778,2026,1,2,4,NORMAL
2026-01-12,Jawa Tengah,Beras Medium I,15500.0,15848.484848484848,-348.48484848484804,-2.2,0.0,15485.714285714286,15493.75,24.397501823713554,2026,1,3,0,NORMAL
2026-01-13,Jawa Tengah,Beras Medium I,15500.0,15846.969696969696,-346.9696969696961,-2.19,0.0,15492.857142857143,15494.444444444445,18.89822365046132,2026,1,3,1,NORMAL
2026-01-14,Jawa Tengah,Beras Medium I,15500.0,15848.484848484848,-348.48484848484804,-2.2,0.0,15500.0,15495.0,0.0,2026,1,3,2,NORMAL
2026-01-15,Jawa Tengah,Beras Medium I,15500.0,15843.939393939394,-343.939393939394,-2.17,0.0,15500.0,15495.454545454546,0.0,2026,1,3,3,NORMAL
2026-01-16,Jawa Tengah,Beras Medium I,15500.0,15837.878787878788,-337.878787878788,-2.13,0.0,15500.0,15495.833333333334,0.0,2026,1,3,4,NORMAL
2026-01-19,Jawa Tengah,Beras Medium I,15450.0,15836.363636363636,-386.36363636363603,-2.44,-50.0,15492.857142857143,15492.307692307691,18.898223650461418,2026,1,4,0,NORMAL
2026-01-20,Jawa Tengah,Beras Medium I,15450.0,15836.363636363636,-386.36363636363603,-2.44,0.0,15485.714285714286,15489.285714285714,24.397501823713633,2026,1,4,1,NORMAL
2026-01-21,Jawa Tengah,Beras Medium I,15450.0,15834.848484848484,-384.8484848484841,-2.43,0.0,15478.57142857143,15486.666666666666,26.726124191242906,2026,1,4,2,NORMAL
2026-01-22,Jawa Tengah,Beras Medium I,15450.0,15834.848484848484,-384.8484848484841,-2.43,0.0,15471.42857142857,15484.375,26.726124191242906,2026,1,4,3,NORMAL
2026-01-23,Jawa Tengah,Beras Medium I,15450.0,15845.454545454546,-395.45454545454595,-2.5,0.0,15464.285714285714,15482.35294117647,24.397501823713633,2026,1,4,4,NORMAL
2026-01-26,Jawa Tengah,Beras Medium I,15450.0,15843.939393939394,-393.939393939394,-2.49,0.0,15457.142857142857,15480.555555555555,18.898223650461418,2026,1,5,0,NORMAL
2026-01-27,Jawa Tengah,Beras Medium I,15450.0,15846.969696969696,-396.9696969696961,-2.51,0.0,15450.0,15478.947368421053,0.0,2026,1,5,1,NORMAL
2026-01-28,Jawa Tengah,Beras Medium I,15450.0,15850.0,-400.0,-2.52,0.0,15450.0,15477.5,0.0,2026,1,5,2,NORMAL
2026-01-29,Jawa Tengah,Beras Medium I,15450.0,15850.0,-400.0,-2.52,0.0,15450.0,15476.190476190477,0.0,2026,1,5,3,NORMAL
2026-01-30,Jawa Tengah,Beras Medium I,15450.0,15868.181818181818,-418.181818181818,-2.64,0.0,15450.0,15475.0,0.0,2026,1,5,4,NORMAL
2026-02-02,Jawa Tengah,Beras Medium I,15500.0,15872.727272727272,-372.72727272727207,-2.35,50.0,15457.142857142857,15476.08695652174,18.898223650461418,2026,2,6,0,NORMAL
2026-02-03,Jawa Tengah,Beras Medium I,15500.0,15865.151515151516,-365.1515151515159,-2.3,0.0,15464.285714285714,15477.083333333334,24.397501823713633,2026,2,6,1,NORMAL
2026-02-04,Jawa Tengah,Beras Medium I,15500.0,15880.30303030303,-380.30303030303,-2.39,0.0,15471.42857142857,15478.0,26.726124191242906,2026,2,6,2,NORMAL
2026-02-05,Jawa Tengah,Beras Medium I,15500.0,15868.181818181818,-368.181818181818,-2.32,0.0,15478.57142857143,15478.846153846154,26.726124191242906,2026,2,6,3,NORMAL
2026-02-06,Jawa Tengah,Beras Medium I,15500.0,15866.666666666666,-366.66666666666606,-2.31,0.0,15485.714285714286,15479.62962962963,24.397501823713633,2026,2,6,4,NORMAL
2026-02-09,Jawa Tengah,Beras Medium I,15600.0,15869.69696969697,-269.69696969697,-1.7,100.0,15507.142857142857,15483.92857142857,44.98677054212139,2026,2,7,0,NORMAL
2026-02-10,Jawa Tengah,Beras Medium I,15600.0,15869.69696969697,-269.69696969697,-1.7,0.0,15528.57142857143,15487.931034482759,48.795003647425666,2026,2,7,1,NORMAL
2026-02-11,Jawa Tengah,Beras Medium I,15600.0,15866.666666666666,-266.66666666666606,-1.68,0.0,15542.857142857143,15491.666666666666,53.452248382483816,2026,2,7,2,NORMAL
2026-02-12,Jawa Tengah,Beras Medium I,15600.0,15874.242424242424,-274.242424242424,-1.73,0.0,15557.142857142857,15493.333333333334,53.452248382483816,2026,2,7,3,NORMAL
2026-02-13,Jawa Tengah,Beras Medium I,15600.0,15881.818181818182,-281.818181818182,-1.77,0.0,15571.42857142857,15498.333333333334,48.795003647425666,2026,2,7,4,NORMAL
2026-02-16,Jawa Tengah,Beras Medium I,15600.0,15880.30303030303,-280.30303030303,-1.77,0.0,15585.714285714286,15503.333333333334,37.796447300921855,2026,2,8,0,NORMAL
2026-02-17,Jawa Tengah,Beras Medium I,15600.0,15880.30303030303,-280.30303030303,-1.77,0.0,15600.0,15506.666666666666,0.0,2026,2,8,1,NORMAL
2026-02-18,Jawa Tengah,Beras Medium I,15600.0,15883.333333333334,-283.33333333333394,-1.78,0.0,15600.0,15510.0,0.0,2026,2,8,2,NORMAL
2026-02-19,Jawa Tengah,Beras Medium I,15600.0,15884.848484848484,-284.8484848484841,-1.79,0.0,15600.0,15513.333333333334,0.0,2026,2,8,3,NORMAL
2026-02-20,Jawa Tengah,Beras Medium I,15600.0,15880.30303030303,-280.30303030303,-1.77,0.0,15600.0,15516.666666666666,0.0,2026,2,8,4,NORMAL
2026-02-23,Jawa Tengah,Beras Medium I,15650.0,15892.424242424242,-242.42424242424204,-1.53,50.0,15607.142857142857,15521.666666666666,18.898223650461418,2026,2,9,0,NORMAL
2026-02-24,Jawa Tengah,Beras Medium I,15650.0,15892.424242424242,-242.42424242424204,-1.53,0.0,15614.285714285714,15526.666666666666,24.397501823713633,2026,2,9,1,NORMAL
2026-02-25,Jawa Tengah,Beras Medium I,15650.0,15887.878787878788,-237.878787878788,-1.5,0.0,15621.42857142857,15531.666666666666,26.726124191242906,2026,2,9,2,NORMAL
2026-02-26,Jawa Tengah,Beras Medium I,15700.0,15889.39393939394,-189.39393939393995,-1.19,50.0,15635.714285714286,15538.333333333334,37.79644730092301,2026,2,9,3,NORMAL
2026-02-27,Jawa Tengah,Beras Medium I,15700.0,15887.878787878788,-187.878787878788,-1.18,0.0,15650.0,15545.0,40.82482904638609,2026,2,9,4,NORMAL
2026-03-02,Jawa Tengah,Beras Medium I,15700.0,15840.90909090909,-140.90909090909008,-0.89,0.0,15664.285714285714,15553.333333333334,37.796447300921685,2026,3,10,0,NORMAL
2026-03-03,Jawa Tengah,Beras Medium I,15700.0,15884.848484848484,-184.84848484848408,-1.16,0.0,15678.57142857143,15561.666666666666,26.72612419124012,2026,3,10,1,NORMAL
2026-03-04,Jawa Tengah,Beras Medium I,15700.0,15890.90909090909,-190.90909090909008,-1.2,0.0,15685.714285714286,15570.0,24.39750182371058,2026,3,10,2,NORMAL
2026-03-05,Jawa Tengah,Beras Medium I,15700.0,15892.424242424242,-192.42424242424204,-1.21,0.0,15692.857142857143,15578.333333333334,18.89822365045748,2026,3,10,3,NORMAL
2026-03-06,Jawa Tengah,Beras Medium I,15700.0,15887.878787878788,-187.878787878788,-1.18,0.0,15700.0,15586.666666666666,0.0,2026,3,10,4,NORMAL
2026-03-09,Jawa Tengah,Beras Medium I,15700.0,15887.878787878788,-187.878787878788,-1.18,0.0,15700.0,15595.0,0.0,2026,3,11,0,NORMAL
2026-03-10,Jawa Tengah,Beras Medium I,15700.0,15887.878787878788,-187.878787878788,-1.18,0.0,15700.0,15603.333333333334,0.0,2026,3,11,1,NORMAL
2026-03-11,Jawa Tengah,Beras Medium I,15700.0,15895.454545454546,-195.45454545454595,-1.23,0.0,15700.0,15611.666666666666,0.0,2026,3,11,2,NORMAL
2026-03-12,Jawa Tengah,Beras Medium I,15700.0,15910.60606060606,-210.60606060606005,-1.32,0.0,15700.0,15620.0,0.0,2026,3,11,3,NORMAL
2026-03-13,Jawa Tengah,Beras Medium I,15700.0,15912.121212121212,-212.121212121212,-1.33,0.0,15700.0,15628.333333333334,0.0,2026,3,11,4,NORMAL
2026-03-16,Jawa Tengah,Beras Medium I,15700.0,15924.242424242424,-224.24242424242402,-1.41,0.0,15700.0,15635.0,0.0,2026,3,12,0,NORMAL
2026-03-17,Jawa Tengah,Beras Medium I,15700.0,15934.848484848484,-234.84848484848408,-1.47,0.0,15700.0,15641.666666666666,0.0,2026,3,12,1,NORMAL
2026-03-18,Jawa Tengah,Beras Medium I,15700.0,15931.818181818182,-231.81818181818198,-1.46,0.0,15700.0,15648.333333333334,0.0,2026,3,12,2,NORMAL
2026-03-19,Jawa Tengah,Beras Medium I,15650.0,15930.30303030303,-280.30303030303,-1.76,-50.0,15692.857142857143,15653.333333333334,18.898223650461418,2026,3,12,3,NORMAL
2026-03-20,Jawa Tengah,Beras Medium I,15700.0,15931.818181818182,-231.81818181818198,-1.46,50.0,15692.857142857143,15660.0,18.898223650461418,2026,3,12,4,NORMAL
2026-03-23,Jawa Tengah,Beras Medium I,15700.0,15933.333333333334,-233.33333333333394,-1.46,0.0,15692.857142857143,15663.333333333334,18.898223650461418,2026,3,13,0,NORMAL
2026-03-24,Jawa Tengah,Beras Medium I,15700.0,15931.818181818182,-231.81818181818198,-1.46,0.0,15692.857142857143,15666.666666666666,18.898223650461418,2026,3,13,1,NORMAL
2026-03-25,Jawa Tengah,Beras Medium I,15700.0,15940.90909090909,-240.90909090909008,-1.51,0.0,15692.857142857143,15670.0,18.898223650461418,2026,3,13,2,NORMAL
2026-03-26,Jawa Tengah,Beras Medium I,15700.0,15942.424242424242,-242.42424242424204,-1.52,0.0,15692.857142857143,15673.333333333334,18.898223650461418,2026,3,13,3,NORMAL
2026-03-27,Jawa Tengah,Beras Medium I,15700.0,15942.424242424242,-242.42424242424204,-1.52,0.0,15692.857142857143,15676.666666666666,18.898223650461418,2026,3,13,4,NORMAL
2026-03-30,Jawa Tengah,Beras Medium I,15700.0,15956.060606060606,-256.060606060606,-1.6,0.0,15700.0,15680.0,0.0,2026,3,14,0,NORMAL
2026-03-31,Jawa Tengah,Beras Medium I,15700.0,15960.60606060606,-260.60606060606005,-1.63,0.0,15700.0,15683.333333333334,0.0,2026,3,14,1,NORMAL
2026-04-01,Jawa Tengah,Beras Medium I,15700.0,15965.151515151516,-265.1515151515159,-1.66,0.0,15700.0,15686.666666666666,0.0,2026,4,14,2,NORMAL
2026-04-02,Jawa Tengah,Beras Medium I,15700.0,15965.151515151516,-265.1515151515159,-1.66,0.0,15700.0,15690.0,0.0,2026,4,14,3,NORMAL
2026-04-03,Jawa Tengah,Beras Medium I,15800.0,15945.454545454546,-145.45454545454595,-0.91,100.0,15714.285714285714,15696.666666666666,37.796447300922836,2026,4,14,4,NORMAL
2026-04-06,Jawa Tengah,Beras Medium I,15700.0,15981.818181818182,-281.818181818182,-1.76,-100.0,15714.285714285714,15698.333333333334,37.796447300922836,2026,4,15,0,NORMAL
2026-04-07,Jawa Tengah,Beras Medium I,15700.0,15995.454545454546,-295.45454545454595,-1.85,0.0,15714.285714285714,15700.0,37.796447300922836,2026,4,15,1,NORMAL
2026-04-08,Jawa Tengah,Beras Medium I,15700.0,15983.333333333334,-283.33333333333394,-1.77,0.0,15714.285714285714,15701.666666666666,37.796447300922836,2026,4,15,2,NORMAL
2026-04-09,Jawa Tengah,Beras Medium I,15700.0,15989.39393939394,-289.39393939393995,-1.81,0.0,15714.285714285714,15701.666666666666,37.796447300922836,2026,4,15,3,NORMAL
2026-04-10,Jawa Tengah,Beras Medium I,15700.0,16010.60606060606,-310.60606060606005,-1.94,0.0,15714.285714285714,15701.666666666666,37.796447300922836,2026,4,15,4,NORMAL
2026-04-13,Jawa Tengah,Beras Medium I,15800.0,16113.636363636364,-313.63636363636397,-1.95,100.0,15728.57142857143,15705.0,48.795003647427,2026,4,16,0,NORMAL
2026-01-01,Jawa Timur,Beras Medium I,14450.0,15869.69696969697,-1419.69696969697,-8.95,,14450.0,14450.0,,2026,1,1,3,SURPLUS
2026-01-02,Jawa Timur,Beras Medium I,14450.0,15854.545454545454,-1404.545454545454,-8.86,0.0,14450.0,14450.0,0.0,2026,1,1,4,SURPLUS
2026-01-05,Jawa Timur,Beras Medium I,14450.0,15843.939393939394,-1393.939393939394,-8.8,0.0,14450.0,14450.0,0.0,2026,1,2,0,SURPLUS
2026-01-06,Jawa Timur,Beras Medium I,14450.0,15857.575757575758,-1407.575757575758,-8.88,0.0,14450.0,14450.0,0.0,2026,1,2,1,SURPLUS
2026-01-07,Jawa Timur,Beras Medium I,14450.0,15854.545454545454,-1404.545454545454,-8.86,0.0,14450.0,14450.0,0.0,2026,1,2,2,SURPLUS
2026-01-08,Jawa Timur,Beras Medium I,14450.0,15859.09090909091,-1409.09090909091,-8.89,0.0,14450.0,14450.0,0.0,2026,1,2,3,SURPLUS
2026-01-09,Jawa Timur,Beras Medium I,14450.0,15860.60606060606,-1410.60606060606,-8.89,0.0,14450.0,14450.0,0.0,2026,1,2,4,SURPLUS
2026-01-12,Jawa Timur,Beras Medium I,14450.0,15848.484848484848,-1398.484848484848,-8.82,0.0,14450.0,14450.0,0.0,2026,1,3,0,SURPLUS
2026-01-13,Jawa Timur,Beras Medium I,14450.0,15846.969696969696,-1396.969696969696,-8.82,0.0,14450.0,14450.0,0.0,2026,1,3,1,SURPLUS
2026-01-14,Jawa Timur,Beras Medium I,14450.0,15848.484848484848,-1398.484848484848,-8.82,0.0,14450.0,14450.0,0.0,2026,1,3,2,SURPLUS
2026-01-15,Jawa Timur,Beras Medium I,14450.0,15843.939393939394,-1393.939393939394,-8.8,0.0,14450.0,14450.0,0.0,2026,1,3,3,SURPLUS
2026-01-16,Jawa Timur,Beras Medium I,14250.0,15837.878787878788,-1587.878787878788,-10.03,-200.0,14421.42857142857,14433.333333333334,75.59289460184527,2026,1,3,4,SURPLUS
2026-01-19,Jawa Timur,Beras Medium I,14450.0,15836.363636363636,-1386.363636363636,-8.75,200.0,14421.42857142857,14434.615384615385,75.59289460184527,2026,1,4,0,SURPLUS
2026-01-20,Jawa Timur,Beras Medium I,14450.0,15836.363636363636,-1386.363636363636,-8.75,0.0,14421.42857142857,14435.714285714286,75.59289460184527,2026,1,4,1,SURPLUS
2026-01-21,Jawa Timur,Beras Medium I,14450.0,15834.848484848484,-1384.848484848484,-8.75,0.0,14421.42857142857,14436.666666666666,75.59289460184527,2026,1,4,2,SURPLUS
2026-01-22,Jawa Timur,Beras Medium I,14450.0,15834.848484848484,-1384.848484848484,-8.75,0.0,14421.42857142857,14437.5,75.59289460184527,2026,1,4,3,SURPLUS
2026-01-23,Jawa Timur,Beras Medium I,14450.0,15845.454545454546,-1395.454545454546,-8.81,0.0,14421.42857142857,14438.235294117647,75.59289460184527,2026,1,4,4,SURPLUS
2026-01-26,Jawa Timur,Beras Medium I,14500.0,15843.939393939394,-1343.939393939394,-8.48,50.0,14428.57142857143,14441.666666666666,80.91735937126863,2026,1,5,0,SURPLUS
2026-01-27,Jawa Timur,Beras Medium I,14450.0,15846.969696969696,-1396.969696969696,-8.82,-50.0,14457.142857142857,14442.105263157895,18.898223650462928,2026,1,5,1,SURPLUS
2026-01-28,Jawa Timur,Beras Medium I,14450.0,15850.0,-1400.0,-8.83,0.0,14457.142857142857,14442.5,18.898223650462928,2026,1,5,2,SURPLUS
2026-01-29,Jawa Timur,Beras Medium I,14450.0,15850.0,-1400.0,-8.83,0.0,14457.142857142857,14442.857142857143,18.898223650462928,2026,1,5,3,SURPLUS
2026-01-30,Jawa Timur,Beras Medium I,14450.0,15868.181818181818,-1418.181818181818,-8.94,0.0,14457.142857142857,14443.181818181818,18.898223650462928,2026,1,5,4,SURPLUS
2026-02-02,Jawa Timur,Beras Medium I,14450.0,15872.727272727272,-1422.727272727272,-8.96,0.0,14457.142857142857,14443.478260869566,18.898223650462928,2026,2,6,0,SURPLUS
2026-02-03,Jawa Timur,Beras Medium I,14500.0,15865.151515151516,-1365.151515151516,-8.6,50.0,14464.285714285714,14445.833333333334,24.397501823714805,2026,2,6,1,SURPLUS
2026-02-04,Jawa Timur,Beras Medium I,14500.0,15880.30303030303,-1380.30303030303,-8.69,0.0,14464.285714285714,14448.0,24.397501823714805,2026,2,6,2,SURPLUS
2026-02-05,Jawa Timur,Beras Medium I,14500.0,15868.181818181818,-1368.181818181818,-8.62,0.0,14471.42857142857,14450.0,26.726124191243972,2026,2,6,3,SURPLUS
2026-02-06,Jawa Timur,Beras Medium I,14500.0,15866.666666666666,-1366.666666666666,-8.61,0.0,14478.57142857143,14451.851851851852,26.726124191243972,2026,2,6,4,SURPLUS
2026-02-09,Jawa Timur,Beras Medium I,14500.0,15869.69696969697,-1369.69696969697,-8.63,0.0,14485.714285714286,14453.57142857143,24.3975018237148,2026,2,7,0,SURPLUS
2026-02-10,Jawa Timur,Beras Medium I,14500.0,15869.69696969697,-1369.69696969697,-8.63,0.0,14492.857142857143,14455.172413793103,18.898223650462928,2026,2,7,1,SURPLUS
2026-02-11,Jawa Timur,Beras Medium I,14400.0,15866.666666666666,-1466.666666666666,-9.24,-100.0,14485.714285714286,14453.333333333334,37.796447300922836,2026,2,7,2,SURPLUS
2026-02-12,Jawa Timur,Beras Medium I,14500.0,15874.242424242424,-1374.242424242424,-8.66,100.0,14485.714285714286,14455.0,37.796447300922836,2026,2,7,3,SURPLUS
2026-02-13,Jawa Timur,Beras Medium I,14500.0,15881.818181818182,-1381.818181818182,-8.7,0.0,14485.714285714286,14456.666666666666,37.796447300922836,2026,2,7,4,SURPLUS
2026-02-16,Jawa Timur,Beras Medium I,14500.0,15880.30303030303,-1380.30303030303,-8.69,0.0,14485.714285714286,14458.333333333334,37.796447300922836,2026,2,8,0,SURPLUS
2026-02-17,Jawa Timur,Beras Medium I,14500.0,15880.30303030303,-1380.30303030303,-8.69,0.0,14485.714285714286,14460.0,37.796447300922836,2026,2,8,1,SURPLUS
2026-02-18,Jawa Timur,Beras Medium I,14600.0,15883.333333333334,-1283.333333333334,-8.08,100.0,14500.0,14465.0,57.73502691896259,2026,2,8,2,SURPLUS
2026-02-19,Jawa Timur,Beras Medium I,14600.0,15884.848484848484,-1284.848484848484,-8.09,0.0,14514.285714285714,14470.0,69.0065559342355,2026,2,8,3,SURPLUS
2026-02-20,Jawa Timur,Beras Medium I,14600.0,15880.30303030303,-1280.30303030303,-8.06,0.0,14542.857142857143,14475.0,53.45224838248557,2026,2,8,4,SURPLUS
2026-02-23,Jawa Timur,Beras Medium I,14600.0,15892.424242424242,-1292.424242424242,-8.13,0.0,14557.142857142857,14480.0,53.4522483824861,2026,2,9,0,SURPLUS
2026-02-24,Jawa Timur,Beras Medium I,14600.0,15892.424242424242,-1292.424242424242,-8.13,0.0,14571.42857142857,14485.0,48.79500364742873,2026,2,9,1,SURPLUS
2026-02-25,Jawa Timur,Beras Medium I,14600.0,15887.878787878788,-1287.878787878788,-8.11,0.0,14585.714285714286,14490.0,37.79644730092656,2026,2,9,2,SURPLUS
2026-02-26,Jawa Timur,Beras Medium I,14600.0,15889.39393939394,-1289.39393939394,-8.11,0.0,14600.0,14495.0,1.985231399027003e-05,2026,2,9,3,SURPLUS
2026-02-27,Jawa Timur,Beras Medium I,14600.0,15887.878787878788,-1287.878787878788,-8.11,0.0,14600.0,14506.666666666666,1.985231399027003e-05,2026,2,9,4,SURPLUS
2026-03-02,Jawa Timur,Beras Medium I,14700.0,15840.90909090909,-1140.90909090909,-7.2,100.0,14614.285714285714,14515.0,37.79644730092914,2026,3,10,0,SURPLUS
2026-03-03,Jawa Timur,Beras Medium I,14700.0,15884.848484848484,-1184.848484848484,-7.46,0.0,14628.57142857143,14523.333333333334,48.79500364743246,2026,3,10,1,SURPLUS
2026-03-04,Jawa Timur,Beras Medium I,14700.0,15890.90909090909,-1190.90909090909,-7.49,0.0,14642.857142857143,14531.666666666666,53.45224838249107,2026,3,10,2,SURPLUS
2026-03-05,Jawa Timur,Beras Medium I,14700.0,15892.424242424242,-1192.424242424242,-7.5,0.0,14657.142857142857,14540.0,53.45224838249213,2026,3,10,3,SURPLUS
2026-03-06,Jawa Timur,Beras Medium I,14700.0,15887.878787878788,-1187.878787878788,-7.48,0.0,14671.42857142857,14548.333333333334,48.79500364743592,2026,3,10,4,SURPLUS
2026-03-09,Jawa Timur,Beras Medium I,14700.0,15887.878787878788,-1187.878787878788,-7.48,0.0,14685.714285714286,14555.0,37.79644730093659,2026,3,11,0,SURPLUS
2026-03-10,Jawa Timur,Beras Medium I,14700.0,15887.878787878788,-1187.878787878788,-7.48,0.0,14700.0,14563.333333333334,3.4762268248139904e-05,2026,3,11,1,SURPLUS
2026-03-11,Jawa Timur,Beras Medium I,14700.0,15895.454545454546,-1195.454545454546,-7.52,0.0,14700.0,14571.666666666666,3.4762268248139904e-05,2026,3,11,2,SURPLUS
2026-03-12,Jawa Timur,Beras Medium I,14700.0,15910.60606060606,-1210.60606060606,-7.61,0.0,14700.0,14580.0,3.4762268248139904e-05,2026,3,11,3,SURPLUS
2026-03-13,Jawa Timur,Beras Medium I,14700.0,15912.121212121212,-1212.121212121212,-7.62,0.0,14700.0,14588.333333333334,3.4762268248139904e-05,2026,3,11,4,SURPLUS
2026-03-16,Jawa Timur,Beras Medium I,14700.0,15924.242424242424,-1224.242424242424,-7.69,0.0,14700.0,14596.666666666666,3.4762268248139904e-05,2026,3,12,0,SURPLUS
2026-03-17,Jawa Timur,Beras Medium I,14700.0,15934.848484848484,-1234.848484848484,-7.75,0.0,14700.0,14603.333333333334,3.4762268248139904e-05,2026,3,12,1,SURPLUS
2026-03-18,Jawa Timur,Beras Medium I,14700.0,15931.818181818182,-1231.818181818182,-7.73,0.0,14700.0,14610.0,3.4762268248139904e-05,2026,3,12,2,SURPLUS
2026-03-19,Jawa Timur,Beras Medium I,14700.0,15930.30303030303,-1230.30303030303,-7.72,0.0,14700.0,14616.666666666666,3.4762268248139904e-05,2026,3,12,3,SURPLUS
2026-03-20,Jawa Timur,Beras Medium I,14700.0,15931.818181818182,-1231.818181818182,-7.73,0.0,14700.0,14623.333333333334,3.4762268248139904e-05,2026,3,12,4,SURPLUS
2026-03-23,Jawa Timur,Beras Medium I,14700.0,15933.333333333334,-1233.333333333334,-7.74,0.0,14700.0,14630.0,3.4762268248139904e-05,2026,3,13,0,SURPLUS
2026-03-24,Jawa Timur,Beras Medium I,14700.0,15931.818181818182,-1231.818181818182,-7.73,0.0,14700.0,14636.666666666666,3.4762268248139904e-05,2026,3,13,1,SURPLUS
2026-03-25,Jawa Timur,Beras Medium I,14700.0,15940.90909090909,-1240.90909090909,-7.78,0.0,14700.0,14646.666666666666,3.4762268248139904e-05,2026,3,13,2,SURPLUS
2026-03-26,Jawa Timur,Beras Medium I,14700.0,15942.424242424242,-1242.424242424242,-7.79,0.0,14700.0,14653.333333333334,3.4762268248139904e-05,2026,3,13,3,SURPLUS
2026-03-27,Jawa Timur,Beras Medium I,14700.0,15942.424242424242,-1242.424242424242,-7.79,0.0,14700.0,14660.0,3.4762268248139904e-05,2026,3,13,4,SURPLUS
2026-03-30,Jawa Timur,Beras Medium I,14700.0,15956.060606060606,-1256.060606060606,-7.87,0.0,14700.0,14666.666666666666,3.4762268248139904e-05,2026,3,14,0,SURPLUS
2026-03-31,Jawa Timur,Beras Medium I,14700.0,15960.60606060606,-1260.60606060606,-7.9,0.0,14700.0,14673.333333333334,3.4762268248139904e-05,2026,3,14,1,SURPLUS
2026-04-01,Jawa Timur,Beras Medium I,14700.0,15965.151515151516,-1265.151515151516,-7.92,0.0,14700.0,14676.666666666666,3.4762268248139904e-05,2026,4,14,2,SURPLUS
2026-04-02,Jawa Timur,Beras Medium I,14700.0,15965.151515151516,-1265.151515151516,-7.92,0.0,14700.0,14680.0,3.4762268248139904e-05,2026,4,14,3,SURPLUS
2026-04-03,Jawa Timur,Beras Medium I,14550.0,15945.454545454546,-1395.454545454546,-8.75,-150.0,14678.57142857143,14678.333333333334,56.694670951391934,2026,4,14,4,SURPLUS
2026-04-06,Jawa Timur,Beras Medium I,14700.0,15981.818181818182,-1281.818181818182,-8.02,150.0,14678.57142857143,14681.666666666666,56.694670951391934,2026,4,15,0,SURPLUS
2026-04-07,Jawa Timur,Beras Medium I,14700.0,15995.454545454546,-1295.454545454546,-8.1,0.0,14678.57142857143,14685.0,56.694670951391934,2026,4,15,1,SURPLUS
2026-04-08,Jawa Timur,Beras Medium I,14700.0,15983.333333333334,-1283.333333333334,-8.03,0.0,14678.57142857143,14688.333333333334,56.694670951391934,2026,4,15,2,SURPLUS
2026-04-09,Jawa Timur,Beras Medium I,14700.0,15989.39393939394,-1289.39393939394,-8.06,0.0,14678.57142857143,14691.666666666666,56.694670951391934,2026,4,15,3,SURPLUS
2026-04-10,Jawa Timur,Beras Medium I,14700.0,16010.60606060606,-1310.60606060606,-8.19,0.0,14678.57142857143,14695.0,56.694670951391934,2026,4,15,4,SURPLUS
2026-04-13,Jawa Timur,Beras Medium I,15300.0,16113.636363636364,-813.636363636364,-5.05,600.0,14764.285714285714,14715.0,242.75207811381046,2026,4,16,0,SURPLUS
2026-01-01,Kalimantan Barat,Beras Medium I,16950.0,15869.69696969697,1080.30303030303,6.81,,16950.0,16950.0,,2026,1,1,3,DEFISIT
2026-01-02,Kalimantan Barat,Beras Medium I,16950.0,15854.545454545454,1095.454545454546,6.91,0.0,16950.0,16950.0,0.0,2026,1,1,4,DEFISIT
2026-01-05,Kalimantan Barat,Beras Medium I,16350.0,15843.939393939394,506.060606060606,3.19,-600.0,16750.0,16750.0,346.41016151377545,2026,1,2,0,NORMAL
2026-01-06,Kalimantan Barat,Beras Medium I,16350.0,15857.575757575758,492.42424242424204,3.11,0.0,16650.0,16650.0,346.41016151377545,2026,1,2,1,NORMAL
2026-01-07,Kalimantan Barat,Beras Medium I,16400.0,15854.545454545454,545.454545454546,3.44,50.0,16600.0,16600.0,320.1562118716424,2026,1,2,2,NORMAL
2026-01-08,Kalimantan Barat,Beras Medium I,16400.0,15859.09090909091,540.9090909090901,3.41,0.0,16566.666666666668,16566.666666666668,297.769485788364,2026,1,2,3,NORMAL
2026-01-09,Kalimantan Barat,Beras Medium I,16400.0,15860.60606060606,539.39393939394,3.4,0.0,16542.85714285714,16542.85714285714,279.0289283517804,2026,1,2,4,NORMAL
2026-01-12,Kalimantan Barat,Beras Medium I,16400.0,15848.484848484848,551.515151515152,3.48,0.0,16464.285714285714,16525.0,215.4729018428351,2026,1,3,0,NORMAL
2026-01-13,Kalimantan Barat,Beras Medium I,16400.0,15846.969696969696,553.0303030303039,3.49,0.0,16385.714285714286,16511.11111111111,24.397501823738665,2026,1,3,1,NORMAL
2026-01-14,Kalimantan Barat,Beras Medium I,16400.0,15848.484848484848,551.515151515152,3.48,0.0,16392.85714285714,16500.0,18.89822365049218,2026,1,3,2,NORMAL
2026-01-15,Kalimantan Barat,Beras Medium I,16400.0,15843.939393939394,556.060606060606,3.51,0.0,16400.0,16490.909090909092,3.263694039315578e-05,2026,1,3,3,NORMAL
2026-01-16,Kalimantan Barat,Beras Medium I,16400.0,15837.878787878788,562.121212121212,3.55,0.0,16400.0,16483.333333333332,3.263694039315578e-05,2026,1,3,4,NORMAL
2026-01-19,Kalimantan Barat,Beras Medium I,16400.0,15836.363636363636,563.636363636364,3.56,0.0,16400.0,16476.923076923078,3.263694039315578e-05,2026,1,4,0,NORMAL
2026-01-20,Kalimantan Barat,Beras Medium I,16400.0,15836.363636363636,563.636363636364,3.56,0.0,16400.0,16471.428571428572,3.263694039315578e-05,2026,1,4,1,NORMAL
2026-01-21,Kalimantan Barat,Beras Medium I,16400.0,15834.848484848484,565.1515151515159,3.57,0.0,16400.0,16466.666666666668,3.263694039315578e-05,2026,1,4,2,NORMAL
2026-01-22,Kalimantan Barat,Beras Medium I,16400.0,15834.848484848484,565.1515151515159,3.57,0.0,16400.0,16462.5,3.263694039315578e-05,2026,1,4,3,NORMAL
2026-01-23,Kalimantan Barat,Beras Medium I,16400.0,15845.454545454546,554.545454545454,3.5,0.0,16400.0,16458.823529411766,3.263694039315578e-05,2026,1,4,4,NORMAL
2026-01-26,Kalimantan Barat,Beras Medium I,16400.0,15843.939393939394,556.060606060606,3.51,0.0,16400.0,16455.555555555555,3.263694039315578e-05,2026,1,5,0,NORMAL
2026-01-27,Kalimantan Barat,Beras Medium I,16400.0,15846.969696969696,553.0303030303039,3.49,0.0,16400.0,16452.63157894737,3.263694039315578e-05,2026,1,5,1,NORMAL
2026-01-28,Kalimantan Barat,Beras Medium I,16400.0,15850.0,550.0,3.47,0.0,16400.0,16450.0,3.263694039315578e-05,2026,1,5,2,NORMAL
2026-01-29,Kalimantan Barat,Beras Medium I,16400.0,15850.0,550.0,3.47,0.0,16400.0,16447.619047619046,3.263694039315578e-05,2026,1,5,3,NORMAL
2026-01-30,Kalimantan Barat,Beras Medium I,16400.0,15868.181818181818,531.818181818182,3.35,0.0,16400.0,16445.454545454544,3.263694039315578e-05,2026,1,5,4,NORMAL
2026-02-02,Kalimantan Barat,Beras Medium I,16400.0,15872.727272727272,527.2727272727279,3.32,0.0,16400.0,16443.478260869564,3.263694039315578e-05,2026,2,6,0,NORMAL
2026-02-03,Kalimantan Barat,Beras Medium I,16400.0,15865.151515151516,534.8484848484841,3.37,0.0,16400.0,16441.666666666668,3.263694039315578e-05,2026,2,6,1,NORMAL
2026-02-04,Kalimantan Barat,Beras Medium I,16450.0,15880.30303030303,569.69696969697,3.59,50.0,16407.14285714286,16442.0,18.898223650487022,2026,2,6,2,NORMAL
2026-02-05,Kalimantan Barat,Beras Medium I,16250.0,15868.181818181818,381.818181818182,2.41,-200.0,16385.714285714286,16434.615384615383,62.67831705281046,2026,2,6,3,NORMAL
2026-02-06,Kalimantan Barat,Beras Medium I,16450.0,15866.666666666666,583.3333333333339,3.68,200.0,16392.85714285714,16435.185185185186,67.25927091346355,2026,2,6,4,NORMAL
2026-02-09,Kalimantan Barat,Beras Medium I,16450.0,15869.69696969697,580.30303030303,3.66,0.0,16400.0,16435.714285714286,70.71067811866291,2026,2,7,0,NORMAL
2026-02-10,Kalimantan Barat,Beras Medium I,16450.0,15869.69696969697,580.30303030303,3.66,0.0,16407.14285714286,16436.206896551725,73.19250547114778,2026,2,7,1,NORMAL
2026-02-11,Kalimantan Barat,Beras Medium I,16500.0,15866.666666666666,633.3333333333339,3.99,50.0,16421.428571428572,16438.333333333332,80.91735937127544,2026,2,7,2,NORMAL
2026-02-12,Kalimantan Barat,Beras Medium I,16550.0,15874.242424242424,675.757575757576,4.26,50.0,16442.85714285714,16425.0,93.22272357358645,2026,2,7,3,NORMAL
2026-02-13,Kalimantan Barat,Beras Medium I,16500.0,15881.818181818182,618.181818181818,3.89,-50.0,16450.0,16410.0,95.74271077563992,2026,2,7,4,NORMAL
2026-02-16,Kalimantan Barat,Beras Medium I,16600.0,15880.30303030303,719.69696969697,4.53,100.0,16500.0,16418.333333333332,57.73502691897664,2026,2,8,0,NORMAL
2026-02-17,Kalimantan Barat,Beras Medium I,16600.0,15880.30303030303,719.69696969697,4.53,0.0,16521.428571428572,16426.666666666668,63.620901028049346,2026,2,8,1,NORMAL
2026-02-18,Kalimantan Barat,Beras Medium I,16650.0,15883.333333333334,766.6666666666661,4.83,50.0,16550.0,16435.0,70.71067811866924,2026,2,8,2,NORMAL
2026-02-19,Kalimantan Barat,Beras Medium I,16650.0,15884.848484848484,765.1515151515159,4.82,0.0,16578.571428571428,16443.333333333332,63.62090102805249,2026,2,8,3,NORMAL
2026-02-20,Kalimantan Barat,Beras Medium I,16650.0,15880.30303030303,769.69696969697,4.85,0.0,16600.0,16451.666666666668,57.73502691898254,2026,2,8,4,NORMAL
2026-02-23,Kalimantan Barat,Beras Medium I,16650.0,15892.424242424242,757.575757575758,4.77,0.0,16614.285714285714,16460.0,55.634864026440596,2026,2,9,0,NORMAL
2026-02-24,Kalimantan Barat,Beras Medium I,16650.0,15892.424242424242,757.575757575758,4.77,0.0,16635.714285714286,16468.333333333332,24.397501823767513,2026,2,9,1,NORMAL
2026-02-25,Kalimantan Barat,Beras Medium I,16650.0,15887.878787878788,762.121212121212,4.8,0.0,16642.85714285714,16476.666666666668,18.8982236505324,2026,2,9,2,NORMAL
2026-02-26,Kalimantan Barat,Beras Medium I,16650.0,15889.39393939394,760.60606060606,4.79,0.0,16650.0,16485.0,5.1942429985604175e-05,2026,2,9,3,NORMAL
2026-02-27,Kalimantan Barat,Beras Medium I,16650.0,15887.878787878788,762.121212121212,4.8,0.0,16650.0,16493.333333333332,5.1942429985604175e-05,2026,2,9,4,NORMAL
2026-03-02,Kalimantan Barat,Beras Medium I,16650.0,15840.90909090909,809.0909090909099,5.11,0.0,16650.0,16501.666666666668,5.1942429985604175e-05,2026,3,10,0,DEFISIT
2026-03-03,Kalimantan Barat,Beras Medium I,16650.0,15884.848484848484,765.1515151515159,4.82,0.0,16650.0,16510.0,5.1942429985604175e-05,2026,3,10,1,NORMAL
2026-03-04,Kalimantan Barat,Beras Medium I,16650.0,15890.90909090909,759.0909090909099,4.78,0.0,16650.0,16518.333333333332,5.1942429985604175e-05,2026,3,10,2,NORMAL
2026-03-05,Kalimantan Barat,Beras Medium I,16700.0,15892.424242424242,807.575757575758,5.08,50.0,16657.14285714286,16528.333333333332,18.8982236505324,2026,3,10,3,DEFISIT
2026-03-06,Kalimantan Barat,Beras Medium I,16700.0,15887.878787878788,812.121212121212,5.11,0.0,16664.285714285714,16538.333333333332,24.397501823767513,2026,3,10,4,DEFISIT
2026-03-09,Kalimantan Barat,Beras Medium I,16700.0,15887.878787878788,812.121212121212,5.11,0.0,16671.428571428572,16548.333333333332,26.726124191290605,2026,3,11,0,DEFISIT
2026-03-10,Kalimantan Barat,Beras Medium I,16700.0,15887.878787878788,812.121212121212,5.11,0.0,16678.571428571428,16558.333333333332,26.72612419128878,2026,3,11,1,DEFISIT
2026-03-11,Kalimantan Barat,Beras Medium I,16700.0,15895.454545454546,804.545454545454,5.06,0.0,16685.714285714286,16568.333333333332,24.397501823762262,2026,3,11,2,DEFISIT
2026-03-12,Kalimantan Barat,Beras Medium I,16700.0,15910.60606060606,789.39393939394,4.96,0.0,16692.85714285714,16578.333333333332,18.89822365052264,2026,3,11,3,NORMAL
2026-03-13,Kalimantan Barat,Beras Medium I,16700.0,15912.121212121212,787.878787878788,4.95,0.0,16700.0,16588.333333333332,4.7079872338885786e-05,2026,3,11,4,NORMAL
2026-03-16,Kalimantan Barat,Beras Medium I,16700.0,15924.242424242424,775.757575757576,4.87,0.0,16700.0,16598.333333333332,4.7079872338885786e-05,2026,3,12,0,NORMAL
2026-03-17,Kalimantan Barat,Beras Medium I,16700.0,15934.848484848484,765.1515151515159,4.8,0.0,16700.0,16608.333333333332,4.7079872338885786e-05,2026,3,12,1,NORMAL
2026-03-18,Kalimantan Barat,Beras Medium I,16700.0,15931.818181818182,768.181818181818,4.82,0.0,16700.0,16616.666666666668,4.7079872338885786e-05,2026,3,12,2,NORMAL
2026-03-19,Kalimantan Barat,Beras Medium I,16700.0,15930.30303030303,769.69696969697,4.83,0.0,16700.0,16631.666666666668,4.7079872338885786e-05,2026,3,12,3,NORMAL
2026-03-20,Kalimantan Barat,Beras Medium I,16700.0,15931.818181818182,768.181818181818,4.82,0.0,16700.0,16640.0,4.7079872338885786e-05,2026,3,12,4,NORMAL
2026-03-23,Kalimantan Barat,Beras Medium I,16700.0,15933.333333333334,766.6666666666661,4.81,0.0,16700.0,16648.333333333332,4.7079872338885786e-05,2026,3,13,0,NORMAL
2026-03-24,Kalimantan Barat,Beras Medium I,16700.0,15931.818181818182,768.181818181818,4.82,0.0,16700.0,16656.666666666668,4.7079872338885786e-05,2026,3,13,1,NORMAL
2026-03-25,Kalimantan Barat,Beras Medium I,16700.0,15940.90909090909,759.0909090909099,4.76,0.0,16700.0,16663.333333333332,4.7079872338885786e-05,2026,3,13,2,NORMAL
2026-03-26,Kalimantan Barat,Beras Medium I,16700.0,15942.424242424242,757.575757575758,4.75,0.0,16700.0,16668.333333333332,4.7079872338885786e-05,2026,3,13,3,NORMAL
2026-03-27,Kalimantan Barat,Beras Medium I,16700.0,15942.424242424242,757.575757575758,4.75,0.0,16700.0,16675.0,4.7079872338885786e-05,2026,3,13,4,NORMAL
2026-03-30,Kalimantan Barat,Beras Medium I,16650.0,15956.060606060606,693.939393939394,4.35,-50.0,16692.85714285714,16676.666666666668,18.89822365052264,2026,3,14,0,NORMAL
2026-03-31,Kalimantan Barat,Beras Medium I,16850.0,15960.60606060606,889.39393939394,5.57,200.0,16714.285714285714,16685.0,62.67831705281793,2026,3,14,1,DEFISIT
2026-04-01,Kalimantan Barat,Beras Medium I,16850.0,15965.151515151516,884.8484848484841,5.54,0.0,16735.714285714286,16691.666666666668,80.17837257373937,2026,4,14,2,DEFISIT
2026-04-02,Kalimantan Barat,Beras Medium I,16850.0,15965.151515151516,884.8484848484841,5.54,0.0,16757.14285714286,16698.333333333332,88.64052604280145,2026,4,14,3,DEFISIT
2026-04-03,Kalimantan Barat,Beras Medium I,16850.0,15945.454545454546,904.545454545454,5.67,0.0,16778.571428571428,16705.0,90.63269671750488,2026,4,14,4,DEFISIT
2026-04-06,Kalimantan Barat,Beras Medium I,16950.0,15981.818181818182,968.181818181818,6.06,100.0,16814.285714285714,16715.0,102.93317295818345,2026,4,15,0,DEFISIT
2026-04-07,Kalimantan Barat,Beras Medium I,16950.0,15995.454545454546,954.545454545454,5.97,0.0,16850.0,16725.0,100.00000000000495,2026,4,15,1,DEFISIT
2026-04-08,Kalimantan Barat,Beras Medium I,16950.0,15983.333333333334,966.6666666666661,6.05,0.0,16892.85714285714,16735.0,53.4522483824916,2026,4,15,2,DEFISIT
2026-04-09,Kalimantan Barat,Beras Medium I,16950.0,15989.39393939394,960.60606060606,6.01,0.0,16907.14285714286,16745.0,53.45224838249082,2026,4,15,3,DEFISIT
2026-04-10,Kalimantan Barat,Beras Medium I,16950.0,16010.60606060606,939.39393939394,5.87,0.0,16921.428571428572,16755.0,48.79500364743276,2026,4,15,4,DEFISIT
2026-04-13,Kalimantan Barat,Beras Medium I,16950.0,16113.636363636364,836.363636363636,5.19,0.0,16935.714285714286,16765.0,37.79644730092993,2026,4,16,0,DEFISIT
2026-01-01,Kalimantan Selatan,Beras Medium I,16200.0,15869.69696969697,330.30303030303,2.08,,16200.0,16200.0,,2026,1,1,3,NORMAL
2026-01-02,Kalimantan Selatan,Beras Medium I,16200.0,15854.545454545454,345.45454545454595,2.18,0.0,16200.0,16200.0,0.0,2026,1,1,4,NORMAL
2026-01-05,Kalimantan Selatan,Beras Medium I,16650.0,15843.939393939394,806.060606060606,5.09,450.0,16350.0,16350.0,259.8076211353316,2026,1,2,0,DEFISIT
2026-01-06,Kalimantan Selatan,Beras Medium I,16650.0,15857.575757575758,792.424242424242,5.0,0.0,16425.0,16425.0,259.8076211353316,2026,1,2,1,NORMAL
2026-01-07,Kalimantan Selatan,Beras Medium I,16650.0,15854.545454545454,795.454545454546,5.02,0.0,16470.0,16470.0,246.47515087732475,2026,1,2,2,DEFISIT
2026-01-08,Kalimantan Selatan,Beras Medium I,16650.0,15859.09090909091,790.9090909090901,4.99,0.0,16500.0,16500.0,232.379000772445,2026,1,2,3,NORMAL
2026-01-09,Kalimantan Selatan,Beras Medium I,16650.0,15860.60606060606,789.39393939394,4.98,0.0,16521.428571428572,16521.428571428572,219.57751641341991,2026,1,2,4,NORMAL
2026-01-12,Kalimantan Selatan,Beras Medium I,16650.0,15848.484848484848,801.515151515152,5.06,0.0,16585.714285714286,16537.5,170.08401285415198,2026,1,3,0,DEFISIT
2026-01-13,Kalimantan Selatan,Beras Medium I,16650.0,15846.969696969696,803.0303030303039,5.07,0.0,16650.0,16550.0,0.0,2026,1,3,1,DEFISIT
2026-01-14,Kalimantan Selatan,Beras Medium I,16650.0,15848.484848484848,801.515151515152,5.06,0.0,16650.0,16560.0,0.0,2026,1,3,2,DEFISIT
2026-01-15,Kalimantan Selatan,Beras Medium I,16650.0,15843.939393939394,806.060606060606,5.09,0.0,16650.0,16568.18181818182,0.0,2026,1,3,3,DEFISIT
2026-01-16,Kalimantan Selatan,Beras Medium I,16650.0,15837.878787878788,812.121212121212,5.13,0.0,16650.0,16575.0,0.0,2026,1,3,4,DEFISIT
2026-01-19,Kalimantan Selatan,Beras Medium I,16650.0,15836.363636363636,813.636363636364,5.14,0.0,16650.0,16580.76923076923,0.0,2026,1,4,0,DEFISIT
2026-01-20,Kalimantan Selatan,Beras Medium I,16650.0,15836.363636363636,813.636363636364,5.14,0.0,16650.0,16585.714285714286,0.0,2026,1,4,1,DEFISIT
2026-01-21,Kalimantan Selatan,Beras Medium I,16650.0,15834.848484848484,815.1515151515159,5.15,0.0,16650.0,16590.0,0.0,2026,1,4,2,DEFISIT
2026-01-22,Kalimantan Selatan,Beras Medium I,16650.0,15834.848484848484,815.1515151515159,5.15,0.0,16650.0,16593.75,0.0,2026,1,4,3,DEFISIT
2026-01-23,Kalimantan Selatan,Beras Medium I,16650.0,15845.454545454546,804.545454545454,5.08,0.0,16650.0,16597.058823529413,0.0,2026,1,4,4,DEFISIT
2026-01-26,Kalimantan Selatan,Beras Medium I,16650.0,15843.939393939394,806.060606060606,5.09,0.0,16650.0,16600.0,0.0,2026,1,5,0,DEFISIT
2026-01-27,Kalimantan Selatan,Beras Medium I,16650.0,15846.969696969696,803.0303030303039,5.07,0.0,16650.0,16602.63157894737,0.0,2026,1,5,1,DEFISIT
2026-01-28,Kalimantan Selatan,Beras Medium I,16650.0,15850.0,800.0,5.05,0.0,16650.0,16605.0,0.0,2026,1,5,2,DEFISIT
2026-01-29,Kalimantan Selatan,Beras Medium I,16650.0,15850.0,800.0,5.05,0.0,16650.0,16607.14285714286,0.0,2026,1,5,3,DEFISIT
2026-01-30,Kalimantan Selatan,Beras Medium I,16650.0,15868.181818181818,781.818181818182,4.93,0.0,16650.0,16609.090909090908,0.0,2026,1,5,4,NORMAL
2026-02-02,Kalimantan Selatan,Beras Medium I,16650.0,15872.727272727272,777.2727272727279,4.9,0.0,16650.0,16610.869565217392,0.0,2026,2,6,0,NORMAL
2026-02-03,Kalimantan Selatan,Beras Medium I,16650.0,15865.151515151516,784.8484848484841,4.95,0.0,16650.0,16612.5,0.0,2026,2,6,1,NORMAL
2026-02-04,Kalimantan Selatan,Beras Medium I,16650.0,15880.30303030303,769.69696969697,4.85,0.0,16650.0,16614.0,0.0,2026,2,6,2,NORMAL
2026-02-05,Kalimantan Selatan,Beras Medium I,16650.0,15868.181818181818,781.818181818182,4.93,0.0,16650.0,16615.384615384617,0.0,2026,2,6,3,NORMAL
2026-02-06,Kalimantan Selatan,Beras Medium I,16650.0,15866.666666666666,783.3333333333339,4.94,0.0,16650.0,16616.666666666668,0.0,2026,2,6,4,NORMAL
2026-02-09,Kalimantan Selatan,Beras Medium I,16650.0,15869.69696969697,780.30303030303,4.92,0.0,16650.0,16617.85714285714,0.0,2026,2,7,0,NORMAL
2026-02-10,Kalimantan Selatan,Beras Medium I,16650.0,15869.69696969697,780.30303030303,4.92,0.0,16650.0,16618.96551724138,0.0,2026,2,7,1,NORMAL
2026-02-11,Kalimantan Selatan,Beras Medium I,16650.0,15866.666666666666,783.3333333333339,4.94,0.0,16650.0,16620.0,0.0,2026,2,7,2,NORMAL
2026-02-12,Kalimantan Selatan,Beras Medium I,16650.0,15874.242424242424,775.757575757576,4.89,0.0,16650.0,16635.0,0.0,2026,2,7,3,NORMAL
2026-02-13,Kalimantan Selatan,Beras Medium I,16800.0,15881.818181818182,918.181818181818,5.78,150.0,16671.428571428572,16655.0,56.694670951383856,2026,2,7,4,DEFISIT
2026-02-16,Kalimantan Selatan,Beras Medium I,16800.0,15880.30303030303,919.69696969697,5.79,0.0,16692.85714285714,16660.0,73.19250547114001,2026,2,8,0,DEFISIT
2026-02-17,Kalimantan Selatan,Beras Medium I,16800.0,15880.30303030303,919.69696969697,5.79,0.0,16714.285714285714,16665.0,80.17837257372746,2026,2,8,1,DEFISIT
2026-02-18,Kalimantan Selatan,Beras Medium I,16900.0,15883.333333333334,1016.6666666666661,6.4,100.0,16750.0,16673.333333333332,100.00000000000014,2026,2,8,2,DEFISIT
2026-02-19,Kalimantan Selatan,Beras Medium I,16900.0,15884.848484848484,1015.1515151515159,6.39,0.0,16785.714285714286,16681.666666666668,102.93317295817744,2026,2,8,3,DEFISIT
2026-02-20,Kalimantan Selatan,Beras Medium I,16900.0,15880.30303030303,1019.69696969697,6.42,0.0,16821.428571428572,16690.0,90.6326967174958,2026,2,8,4,DEFISIT
2026-02-23,Kalimantan Selatan,Beras Medium I,16900.0,15892.424242424242,1007.575757575758,6.34,0.0,16857.14285714286,16698.333333333332,53.45224838248312,2026,2,9,0,DEFISIT
2026-02-24,Kalimantan Selatan,Beras Medium I,16900.0,15892.424242424242,1007.575757575758,6.34,0.0,16871.428571428572,16706.666666666668,48.79500364742432,2026,2,9,1,DEFISIT
2026-02-25,Kalimantan Selatan,Beras Medium I,16900.0,15887.878787878788,1012.121212121212,6.37,0.0,16885.714285714286,16715.0,37.796447300919034,2026,2,9,2,DEFISIT
2026-02-26,Kalimantan Selatan,Beras Medium I,16900.0,15889.39393939394,1010.60606060606,6.36,0.0,16900.0,16723.333333333332,0.0,2026,2,9,3,DEFISIT
2026-02-27,Kalimantan Selatan,Beras Medium I,16900.0,15887.878787878788,1012.121212121212,6.37,0.0,16900.0,16731.666666666668,0.0,2026,2,9,4,DEFISIT
2026-03-02,Kalimantan Selatan,Beras Medium I,16900.0,15840.90909090909,1059.09090909091,6.69,0.0,16900.0,16740.0,0.0,2026,3,10,0,DEFISIT
2026-03-03,Kalimantan Selatan,Beras Medium I,16900.0,15884.848484848484,1015.1515151515159,6.39,0.0,16900.0,16748.333333333332,0.0,2026,3,10,1,DEFISIT
2026-03-04,Kalimantan Selatan,Beras Medium I,16900.0,15890.90909090909,1009.0909090909099,6.35,0.0,16900.0,16756.666666666668,0.0,2026,3,10,2,DEFISIT
2026-03-05,Kalimantan Selatan,Beras Medium I,16900.0,15892.424242424242,1007.575757575758,6.34,0.0,16900.0,16765.0,0.0,2026,3,10,3,DEFISIT
2026-03-06,Kalimantan Selatan,Beras Medium I,16900.0,15887.878787878788,1012.121212121212,6.37,0.0,16900.0,16773.333333333332,0.0,2026,3,10,4,DEFISIT
2026-03-09,Kalimantan Selatan,Beras Medium I,16900.0,15887.878787878788,1012.121212121212,6.37,0.0,16900.0,16781.666666666668,0.0,2026,3,11,0,DEFISIT
2026-03-10,Kalimantan Selatan,Beras Medium I,16900.0,15887.878787878788,1012.121212121212,6.37,0.0,16900.0,16790.0,0.0,2026,3,11,1,DEFISIT
2026-03-11,Kalimantan Selatan,Beras Medium I,17100.0,15895.454545454546,1204.545454545454,7.58,200.0,16928.571428571428,16805.0,75.59289460184567,2026,3,11,2,DEFISIT
2026-03-12,Kalimantan Selatan,Beras Medium I,17200.0,15910.60606060606,1289.39393939394,8.1,100.0,16971.428571428572,16823.333333333332,125.35663410560258,2026,3,11,3,DEFISIT
2026-03-13,Kalimantan Selatan,Beras Medium I,17200.0,15912.121212121212,1287.878787878788,8.09,0.0,17014.285714285714,16841.666666666668,146.38501094228204,2026,3,11,4,DEFISIT
2026-03-16,Kalimantan Selatan,Beras Medium I,17200.0,15924.242424242424,1275.757575757576,8.01,0.0,17057.14285714286,16860.0,151.18578920369438,2026,3,12,0,DEFISIT
2026-03-17,Kalimantan Selatan,Beras Medium I,17300.0,15934.848484848484,1365.151515151516,8.57,100.0,17114.285714285714,16881.666666666668,157.35915849389391,2026,3,12,1,DEFISIT
2026-03-18,Kalimantan Selatan,Beras Medium I,17300.0,15931.818181818182,1368.181818181818,8.59,0.0,17171.428571428572,16903.333333333332,138.0131118684785,2026,3,12,2,DEFISIT
2026-03-19,Kalimantan Selatan,Beras Medium I,17300.0,15930.30303030303,1369.69696969697,8.6,0.0,17228.571428571428,16925.0,75.5928946018613,2026,3,12,3,DEFISIT
2026-03-20,Kalimantan Selatan,Beras Medium I,17300.0,15931.818181818182,1368.181818181818,8.59,0.0,17257.14285714286,16946.666666666668,53.45224838250742,2026,3,12,4,DEFISIT
2026-03-23,Kalimantan Selatan,Beras Medium I,17300.0,15933.333333333334,1366.666666666666,8.58,0.0,17271.428571428572,16968.333333333332,48.79500364745094,2026,3,13,0,DEFISIT
2026-03-24,Kalimantan Selatan,Beras Medium I,17300.0,15931.818181818182,1368.181818181818,8.59,0.0,17285.714285714286,16990.0,37.796447300953396,2026,3,13,1,DEFISIT
2026-03-25,Kalimantan Selatan,Beras Medium I,17300.0,15940.90909090909,1359.09090909091,8.53,0.0,17300.0,17011.666666666668,4.806367175428067e-05,2026,3,13,2,DEFISIT
2026-03-26,Kalimantan Selatan,Beras Medium I,17300.0,15942.424242424242,1357.575757575758,8.52,0.0,17300.0,17033.333333333332,4.806367175428067e-05,2026,3,13,3,DEFISIT
2026-03-27,Kalimantan Selatan,Beras Medium I,17300.0,15942.424242424242,1357.575757575758,8.52,0.0,17300.0,17050.0,4.806367175428067e-05,2026,3,13,4,DEFISIT
2026-03-30,Kalimantan Selatan,Beras Medium I,17300.0,15956.060606060606,1343.939393939394,8.42,0.0,17300.0,17066.666666666668,4.806367175428067e-05,2026,3,14,0,DEFISIT
2026-03-31,Kalimantan Selatan,Beras Medium I,17300.0,15960.60606060606,1339.39393939394,8.39,0.0,17300.0,17083.333333333332,4.806367175428067e-05,2026,3,14,1,DEFISIT
2026-04-01,Kalimantan Selatan,Beras Medium I,17300.0,15965.151515151516,1334.848484848484,8.36,0.0,17300.0,17096.666666666668,4.806367175428067e-05,2026,4,14,2,DEFISIT
2026-04-02,Kalimantan Selatan,Beras Medium I,17300.0,15965.151515151516,1334.848484848484,8.36,0.0,17300.0,17110.0,4.806367175428067e-05,2026,4,14,3,DEFISIT
2026-04-03,Kalimantan Selatan,Beras Medium I,17300.0,15945.454545454546,1354.545454545454,8.49,0.0,17300.0,17123.333333333332,4.806367175428067e-05,2026,4,14,4,DEFISIT
2026-04-06,Kalimantan Selatan,Beras Medium I,17300.0,15981.818181818182,1318.181818181818,8.25,0.0,17300.0,17136.666666666668,4.806367175428067e-05,2026,4,15,0,DEFISIT
2026-04-07,Kalimantan Selatan,Beras Medium I,17750.0,15995.454545454546,1754.545454545454,10.97,450.0,17364.285714285714,17165.0,170.08401285415917,2026,4,15,1,DEFISIT
2026-04-08,Kalimantan Selatan,Beras Medium I,17750.0,15983.333333333334,1766.666666666666,11.05,0.0,17428.571428571428,17193.333333333332,219.57751641342549,2026,4,15,2,DEFISIT
2026-04-09,Kalimantan Selatan,Beras Medium I,17750.0,15989.39393939394,1760.60606060606,11.01,0.0,17492.85714285714,17221.666666666668,240.5351177211872,2026,4,15,3,DEFISIT
2026-04-10,Kalimantan Selatan,Beras Medium I,18000.0,16010.60606060606,1989.39393939394,12.43,250.0,17592.85714285714,17258.333333333332,287.84916685157447,2026,4,15,4,DEFISIT
2026-04-13,Kalimantan Selatan,Beras Medium I,21500.0,16113.636363636364,5386.363636363636,33.43,3500.0,18192.85714285714,17411.666666666668,1480.8298831591521,2026,4,16,0,DEFISIT
2026-01-01,Kalimantan Tengah,Beras Medium I,18650.0,15869.69696969697,2780.30303030303,17.52,,18650.0,18650.0,,2026,1,1,3,DEFISIT
2026-01-02,Kalimantan Tengah,Beras Medium I,18650.0,15854.545454545454,2795.454545454546,17.63,0.0,18650.0,18650.0,0.0,2026,1,1,4,DEFISIT
2026-01-05,Kalimantan Tengah,Beras Medium I,18650.0,15843.939393939394,2806.060606060606,17.71,0.0,18650.0,18650.0,0.0,2026,1,2,0,DEFISIT
2026-01-06,Kalimantan Tengah,Beras Medium I,18650.0,15857.575757575758,2792.424242424242,17.61,0.0,18650.0,18650.0,0.0,2026,1,2,1,DEFISIT
2026-01-07,Kalimantan Tengah,Beras Medium I,18650.0,15854.545454545454,2795.454545454546,17.63,0.0,18650.0,18650.0,0.0,2026,1,2,2,DEFISIT
2026-01-08,Kalimantan Tengah,Beras Medium I,18650.0,15859.09090909091,2790.90909090909,17.6,0.0,18650.0,18650.0,0.0,2026,1,2,3,DEFISIT
2026-01-09,Kalimantan Tengah,Beras Medium I,18650.0,15860.60606060606,2789.39393939394,17.59,0.0,18650.0,18650.0,0.0,2026,1,2,4,DEFISIT
2026-01-12,Kalimantan Tengah,Beras Medium I,18650.0,15848.484848484848,2801.515151515152,17.68,0.0,18650.0,18650.0,0.0,2026,1,3,0,DEFISIT
2026-01-13,Kalimantan Tengah,Beras Medium I,18650.0,15846.969696969696,2803.030303030304,17.69,0.0,18650.0,18650.0,0.0,2026,1,3,1,DEFISIT
2026-01-14,Kalimantan Tengah,Beras Medium I,18650.0,15848.484848484848,2801.515151515152,17.68,0.0,18650.0,18650.0,0.0,2026,1,3,2,DEFISIT
2026-01-15,Kalimantan Tengah,Beras Medium I,18350.0,15843.939393939394,2506.060606060606,15.82,-300.0,18607.14285714286,18622.727272727272,113.3893419027685,2026,1,3,3,DEFISIT
2026-01-16,Kalimantan Tengah,Beras Medium I,18350.0,15837.878787878788,2512.121212121212,15.86,0.0,18564.285714285714,18600.0,146.38501094228022,2026,1,3,4,DEFISIT
2026-01-19,Kalimantan Tengah,Beras Medium I,18350.0,15836.363636363636,2513.636363636364,15.87,0.0,18521.428571428572,18580.76923076923,160.35674514745492,2026,1,4,0,DEFISIT
2026-01-20,Kalimantan Tengah,Beras Medium I,18350.0,15836.363636363636,2513.636363636364,15.87,0.0,18478.571428571428,18564.285714285714,160.35674514745492,2026,1,4,1,DEFISIT
2026-01-21,Kalimantan Tengah,Beras Medium I,18350.0,15834.848484848484,2515.151515151516,15.88,0.0,18435.714285714286,18550.0,146.38501094228022,2026,1,4,2,DEFISIT
2026-01-22,Kalimantan Tengah,Beras Medium I,18350.0,15834.848484848484,2515.151515151516,15.88,0.0,18392.85714285714,18537.5,113.3893419027685,2026,1,4,3,DEFISIT
2026-01-23,Kalimantan Tengah,Beras Medium I,18350.0,15845.454545454546,2504.545454545454,15.81,0.0,18350.0,18526.470588235294,0.0,2026,1,4,4,DEFISIT
2026-01-26,Kalimantan Tengah,Beras Medium I,18350.0,15843.939393939394,2506.060606060606,15.82,0.0,18350.0,18516.666666666668,0.0,2026,1,5,0,DEFISIT
2026-01-27,Kalimantan Tengah,Beras Medium I,18350.0,15846.969696969696,2503.030303030304,15.8,0.0,18350.0,18507.894736842107,0.0,2026,1,5,1,DEFISIT
2026-01-28,Kalimantan Tengah,Beras Medium I,18200.0,15850.0,2350.0,14.83,-150.0,18328.571428571428,18492.5,56.694670951383856,2026,1,5,2,DEFISIT
2026-01-29,Kalimantan Tengah,Beras Medium I,18200.0,15850.0,2350.0,14.83,0.0,18307.14285714286,18478.571428571428,73.19250547114001,2026,1,5,3,DEFISIT
2026-01-30,Kalimantan Tengah,Beras Medium I,18200.0,15868.181818181818,2331.818181818182,14.69,0.0,18285.714285714286,18465.909090909092,80.17837257372746,2026,1,5,4,DEFISIT
2026-02-02,Kalimantan Tengah,Beras Medium I,18200.0,15872.727272727272,2327.272727272728,14.66,0.0,18264.285714285714,18454.347826086956,80.17837257372746,2026,2,6,0,DEFISIT
2026-02-03,Kalimantan Tengah,Beras Medium I,18200.0,15865.151515151516,2334.848484848484,14.72,0.0,18242.85714285714,18443.75,73.19250547114,2026,2,6,1,DEFISIT
2026-02-04,Kalimantan Tengah,Beras Medium I,18200.0,15880.30303030303,2319.69696969697,14.61,0.0,18221.428571428572,18434.0,56.69467095138385,2026,2,6,2,DEFISIT
2026-02-05,Kalimantan Tengah,Beras Medium I,18200.0,15868.181818181818,2331.818181818182,14.69,0.0,18200.0,18425.0,0.0,2026,2,6,3,DEFISIT
2026-02-06,Kalimantan Tengah,Beras Medium I,18200.0,15866.666666666666,2333.333333333334,14.71,0.0,18200.0,18416.666666666668,0.0,2026,2,6,4,DEFISIT
2026-02-09,Kalimantan Tengah,Beras Medium I,18200.0,15869.69696969697,2330.30303030303,14.68,0.0,18200.0,18408.928571428572,0.0,2026,2,7,0,DEFISIT
2026-02-10,Kalimantan Tengah,Beras Medium I,18200.0,15869.69696969697,2330.30303030303,14.68,0.0,18200.0,18401.724137931036,0.0,2026,2,7,1,DEFISIT
2026-02-11,Kalimantan Tengah,Beras Medium I,18200.0,15866.666666666666,2333.333333333334,14.71,0.0,18200.0,18395.0,0.0,2026,2,7,2,DEFISIT
2026-02-12,Kalimantan Tengah,Beras Medium I,18200.0,15874.242424242424,2325.757575757576,14.65,0.0,18200.0,18380.0,0.0,2026,2,7,3,DEFISIT
2026-02-13,Kalimantan Tengah,Beras Medium I,18200.0,15881.818181818182,2318.181818181818,14.6,0.0,18200.0,18365.0,0.0,2026,2,7,4,DEFISIT
2026-02-16,Kalimantan Tengah,Beras Medium I,18200.0,15880.30303030303,2319.69696969697,14.61,0.0,18200.0,18350.0,0.0,2026,2,8,0,DEFISIT
2026-02-17,Kalimantan Tengah,Beras Medium I,18200.0,15880.30303030303,2319.69696969697,14.61,0.0,18200.0,18335.0,0.0,2026,2,8,1,DEFISIT
2026-02-18,Kalimantan Tengah,Beras Medium I,18200.0,15883.333333333334,2316.666666666666,14.59,0.0,18200.0,18320.0,0.0,2026,2,8,2,DEFISIT
2026-02-19,Kalimantan Tengah,Beras Medium I,18200.0,15884.848484848484,2315.151515151516,14.57,0.0,18200.0,18305.0,0.0,2026,2,8,3,DEFISIT
2026-02-20,Kalimantan Tengah,Beras Medium I,18200.0,15880.30303030303,2319.69696969697,14.61,0.0,18200.0,18290.0,0.0,2026,2,8,4,DEFISIT
2026-02-23,Kalimantan Tengah,Beras Medium I,18200.0,15892.424242424242,2307.575757575758,14.52,0.0,18200.0,18275.0,0.0,2026,2,9,0,DEFISIT
2026-02-24,Kalimantan Tengah,Beras Medium I,18200.0,15892.424242424242,2307.575757575758,14.52,0.0,18200.0,18260.0,0.0,2026,2,9,1,DEFISIT
2026-02-25,Kalimantan Tengah,Beras Medium I,18200.0,15887.878787878788,2312.121212121212,14.55,0.0,18200.0,18245.0,0.0,2026,2,9,2,DEFISIT
2026-02-26,Kalimantan Tengah,Beras Medium I,18200.0,15889.39393939394,2310.60606060606,14.54,0.0,18200.0,18240.0,0.0,2026,2,9,3,DEFISIT
2026-02-27,Kalimantan Tengah,Beras Medium I,18300.0,15887.878787878788,2412.121212121212,15.18,100.0,18214.285714285714,18238.333333333332,37.796447300922836,2026,2,9,4,DEFISIT
2026-03-02,Kalimantan Tengah,Beras Medium I,18200.0,15840.90909090909,2359.09090909091,14.89,-100.0,18214.285714285714,18233.333333333332,37.796447300922836,2026,3,10,0,DEFISIT
2026-03-03,Kalimantan Tengah,Beras Medium I,18200.0,15884.848484848484,2315.151515151516,14.57,0.0,18214.285714285714,18228.333333333332,37.796447300922836,2026,3,10,1,DEFISIT
2026-03-04,Kalimantan Tengah,Beras Medium I,18200.0,15890.90909090909,2309.09090909091,14.53,0.0,18214.285714285714,18223.333333333332,37.796447300922836,2026,3,10,2,DEFISIT
2026-03-05,Kalimantan Tengah,Beras Medium I,18200.0,15892.424242424242,2307.575757575758,14.52,0.0,18214.285714285714,18218.333333333332,37.796447300922836,2026,3,10,3,DEFISIT
2026-03-06,Kalimantan Tengah,Beras Medium I,18200.0,15887.878787878788,2312.121212121212,14.55,0.0,18214.285714285714,18213.333333333332,37.796447300922836,2026,3,10,4,DEFISIT
2026-03-09,Kalimantan Tengah,Beras Medium I,18200.0,15887.878787878788,2312.121212121212,14.55,0.0,18214.285714285714,18208.333333333332,37.796447300922836,2026,3,11,0,DEFISIT
2026-03-10,Kalimantan Tengah,Beras Medium I,18200.0,15887.878787878788,2312.121212121212,14.55,0.0,18200.0,18203.333333333332,0.0,2026,3,11,1,DEFISIT
2026-03-11,Kalimantan Tengah,Beras Medium I,18200.0,15895.454545454546,2304.545454545454,14.5,0.0,18200.0,18203.333333333332,0.0,2026,3,11,2,DEFISIT
2026-03-12,Kalimantan Tengah,Beras Medium I,18600.0,15910.60606060606,2689.39393939394,16.9,400.0,18257.14285714286,18216.666666666668,151.18578920369055,2026,3,11,3,DEFISIT
2026-03-13,Kalimantan Tengah,Beras Medium I,18600.0,15912.121212121212,2687.878787878788,16.89,0.0,18314.285714285714,18230.0,195.18001458970622,2026,3,11,4,DEFISIT
2026-03-16,Kalimantan Tengah,Beras Medium I,18600.0,15924.242424242424,2675.757575757576,16.8,0.0,18371.428571428572,18243.333333333332,213.80899352993958,2026,3,12,0,DEFISIT
2026-03-17,Kalimantan Tengah,Beras Medium I,18600.0,15934.848484848484,2665.151515151516,16.73,0.0,18428.571428571428,18256.666666666668,213.80899352994064,2026,3,12,1,DEFISIT
2026-03-18,Kalimantan Tengah,Beras Medium I,18600.0,15931.818181818182,2668.181818181818,16.75,0.0,18485.714285714286,18270.0,195.18001458970966,2026,3,12,2,DEFISIT
2026-03-19,Kalimantan Tengah,Beras Medium I,18600.0,15930.30303030303,2669.69696969697,16.76,0.0,18542.85714285714,18283.333333333332,151.185789203698,2026,3,12,3,DEFISIT
2026-03-20,Kalimantan Tengah,Beras Medium I,18600.0,15931.818181818182,2668.181818181818,16.75,0.0,18600.0,18296.666666666668,0.0,2026,3,12,4,DEFISIT
2026-03-23,Kalimantan Tengah,Beras Medium I,18600.0,15933.333333333334,2666.666666666666,16.74,0.0,18600.0,18310.0,0.0,2026,3,13,0,DEFISIT
2026-03-24,Kalimantan Tengah,Beras Medium I,18600.0,15931.818181818182,2668.181818181818,16.75,0.0,18600.0,18323.333333333332,0.0,2026,3,13,1,DEFISIT
2026-03-25,Kalimantan Tengah,Beras Medium I,18600.0,15940.90909090909,2659.09090909091,16.68,0.0,18600.0,18336.666666666668,0.0,2026,3,13,2,DEFISIT
2026-03-26,Kalimantan Tengah,Beras Medium I,18600.0,15942.424242424242,2657.575757575758,16.67,0.0,18600.0,18350.0,0.0,2026,3,13,3,DEFISIT
2026-03-27,Kalimantan Tengah,Beras Medium I,18600.0,15942.424242424242,2657.575757575758,16.67,0.0,18600.0,18363.333333333332,0.0,2026,3,13,4,DEFISIT
2026-03-30,Kalimantan Tengah,Beras Medium I,18600.0,15956.060606060606,2643.939393939394,16.57,0.0,18600.0,18376.666666666668,0.0,2026,3,14,0,DEFISIT
2026-03-31,Kalimantan Tengah,Beras Medium I,18600.0,15960.60606060606,2639.39393939394,16.54,0.0,18600.0,18390.0,0.0,2026,3,14,1,DEFISIT
2026-04-01,Kalimantan Tengah,Beras Medium I,18600.0,15965.151515151516,2634.848484848484,16.5,0.0,18600.0,18403.333333333332,0.0,2026,4,14,2,DEFISIT
2026-04-02,Kalimantan Tengah,Beras Medium I,18600.0,15965.151515151516,2634.848484848484,16.5,0.0,18600.0,18416.666666666668,0.0,2026,4,14,3,DEFISIT
2026-04-03,Kalimantan Tengah,Beras Medium I,18600.0,15945.454545454546,2654.545454545454,16.65,0.0,18600.0,18430.0,0.0,2026,4,14,4,DEFISIT
2026-04-06,Kalimantan Tengah,Beras Medium I,18650.0,15981.818181818182,2668.181818181818,16.7,50.0,18607.14285714286,18445.0,18.898223650461016,2026,4,15,0,DEFISIT
2026-04-07,Kalimantan Tengah,Beras Medium I,18650.0,15995.454545454546,2654.545454545454,16.6,0.0,18614.285714285714,18460.0,24.397501823712222,2026,4,15,1,DEFISIT
2026-04-08,Kalimantan Tengah,Beras Medium I,18650.0,15983.333333333334,2666.666666666666,16.68,0.0,18621.428571428572,18475.0,26.726124191240128,2026,4,15,2,DEFISIT
2026-04-09,Kalimantan Tengah,Beras Medium I,18650.0,15989.39393939394,2660.60606060606,16.64,0.0,18628.571428571428,18490.0,26.726124191238306,2026,4,15,3,DEFISIT
2026-04-10,Kalimantan Tengah,Beras Medium I,18850.0,16010.60606060606,2839.39393939394,17.73,200.0,18664.285714285714,18508.333333333332,85.21681032463047,2026,4,15,4,DEFISIT
2026-04-13,Kalimantan Tengah,Beras Medium I,18850.0,16113.636363636364,2736.363636363636,16.98,0.0,18700.0,18530.0,104.08329997330053,2026,4,16,0,DEFISIT
2026-01-01,Kalimantan Timur,Beras Medium I,16900.0,15869.69696969697,1030.30303030303,6.49,,16900.0,16900.0,,2026,1,1,3,DEFISIT
2026-01-02,Kalimantan Timur,Beras Medium I,16900.0,15854.545454545454,1045.454545454546,6.59,0.0,16900.0,16900.0,0.0,2026,1,1,4,DEFISIT
2026-01-05,Kalimantan Timur,Beras Medium I,16900.0,15843.939393939394,1056.060606060606,6.67,0.0,16900.0,16900.0,0.0,2026,1,2,0,DEFISIT
2026-01-06,Kalimantan Timur,Beras Medium I,16900.0,15857.575757575758,1042.424242424242,6.57,0.0,16900.0,16900.0,0.0,2026,1,2,1,DEFISIT
2026-01-07,Kalimantan Timur,Beras Medium I,16900.0,15854.545454545454,1045.454545454546,6.59,0.0,16900.0,16900.0,0.0,2026,1,2,2,DEFISIT
2026-01-08,Kalimantan Timur,Beras Medium I,16900.0,15859.09090909091,1040.90909090909,6.56,0.0,16900.0,16900.0,0.0,2026,1,2,3,DEFISIT
2026-01-09,Kalimantan Timur,Beras Medium I,16900.0,15860.60606060606,1039.39393939394,6.55,0.0,16900.0,16900.0,0.0,2026,1,2,4,DEFISIT
2026-01-12,Kalimantan Timur,Beras Medium I,16900.0,15848.484848484848,1051.515151515152,6.63,0.0,16900.0,16900.0,0.0,2026,1,3,0,DEFISIT
2026-01-13,Kalimantan Timur,Beras Medium I,16900.0,15846.969696969696,1053.030303030304,6.64,0.0,16900.0,16900.0,0.0,2026,1,3,1,DEFISIT
2026-01-14,Kalimantan Timur,Beras Medium I,16900.0,15848.484848484848,1051.515151515152,6.63,0.0,16900.0,16900.0,0.0,2026,1,3,2,DEFISIT
2026-01-15,Kalimantan Timur,Beras Medium I,16900.0,15843.939393939394,1056.060606060606,6.67,0.0,16900.0,16900.0,0.0,2026,1,3,3,DEFISIT
2026-01-16,Kalimantan Timur,Beras Medium I,16900.0,15837.878787878788,1062.121212121212,6.71,0.0,16900.0,16900.0,0.0,2026,1,3,4,DEFISIT
2026-01-19,Kalimantan Timur,Beras Medium I,16850.0,15836.363636363636,1013.636363636364,6.4,-50.0,16892.85714285714,16896.153846153848,18.898223650461016,2026,1,4,0,DEFISIT
2026-01-20,Kalimantan Timur,Beras Medium I,16850.0,15836.363636363636,1013.636363636364,6.4,0.0,16885.714285714286,16892.85714285714,24.397501823712222,2026,1,4,1,DEFISIT
2026-01-21,Kalimantan Timur,Beras Medium I,16850.0,15834.848484848484,1015.1515151515159,6.41,0.0,16878.571428571428,16890.0,26.726124191240128,2026,1,4,2,DEFISIT
2026-01-22,Kalimantan Timur,Beras Medium I,16850.0,15834.848484848484,1015.1515151515159,6.41,0.0,16871.428571428572,16887.5,26.726124191238306,2026,1,4,3,DEFISIT
2026-01-23,Kalimantan Timur,Beras Medium I,16850.0,15845.454545454546,1004.545454545454,6.34,0.0,16864.285714285714,16885.29411764706,24.397501823706968,2026,1,4,4,DEFISIT
2026-01-26,Kalimantan Timur,Beras Medium I,16850.0,15843.939393939394,1006.060606060606,6.35,0.0,16857.14285714286,16883.333333333332,18.898223650451257,2026,1,5,0,DEFISIT
2026-01-27,Kalimantan Timur,Beras Medium I,16750.0,15846.969696969696,903.0303030303039,5.7,-100.0,16835.714285714286,16876.315789473683,37.796447300922836,2026,1,5,1,DEFISIT
2026-01-28,Kalimantan Timur,Beras Medium I,16850.0,15850.0,1000.0,6.31,100.0,16835.714285714286,16875.0,37.796447300922836,2026,1,5,2,DEFISIT
2026-01-29,Kalimantan Timur,Beras Medium I,16850.0,15850.0,1000.0,6.31,0.0,16835.714285714286,16873.809523809523,37.796447300922836,2026,1,5,3,DEFISIT
2026-01-30,Kalimantan Timur,Beras Medium I,16850.0,15868.181818181818,981.818181818182,6.19,0.0,16835.714285714286,16872.727272727272,37.796447300922836,2026,1,5,4,DEFISIT
2026-02-02,Kalimantan Timur,Beras Medium I,16850.0,15872.727272727272,977.2727272727279,6.16,0.0,16835.714285714286,16871.739130434784,37.796447300922836,2026,2,6,0,DEFISIT
2026-02-03,Kalimantan Timur,Beras Medium I,16850.0,15865.151515151516,984.8484848484841,6.21,0.0,16835.714285714286,16870.833333333332,37.796447300922836,2026,2,6,1,DEFISIT
2026-02-04,Kalimantan Timur,Beras Medium I,16850.0,15880.30303030303,969.69696969697,6.11,0.0,16835.714285714286,16870.0,37.796447300922836,2026,2,6,2,DEFISIT
2026-02-05,Kalimantan Timur,Beras Medium I,16850.0,15868.181818181818,981.818181818182,6.19,0.0,16850.0,16869.23076923077,0.0,2026,2,6,3,DEFISIT
2026-02-06,Kalimantan Timur,Beras Medium I,16850.0,15866.666666666666,983.3333333333339,6.2,0.0,16850.0,16868.51851851852,0.0,2026,2,6,4,DEFISIT
2026-02-09,Kalimantan Timur,Beras Medium I,16850.0,15869.69696969697,980.30303030303,6.18,0.0,16850.0,16867.85714285714,0.0,2026,2,7,0,DEFISIT
2026-02-10,Kalimantan Timur,Beras Medium I,16850.0,15869.69696969697,980.30303030303,6.18,0.0,16850.0,16867.241379310344,0.0,2026,2,7,1,DEFISIT
2026-02-11,Kalimantan Timur,Beras Medium I,16850.0,15866.666666666666,983.3333333333339,6.2,0.0,16850.0,16866.666666666668,0.0,2026,2,7,2,DEFISIT
2026-02-12,Kalimantan Timur,Beras Medium I,16850.0,15874.242424242424,975.757575757576,6.15,0.0,16850.0,16865.0,0.0,2026,2,7,3,DEFISIT
2026-02-13,Kalimantan Timur,Beras Medium I,16850.0,15881.818181818182,968.181818181818,6.1,0.0,16850.0,16863.333333333332,0.0,2026,2,7,4,DEFISIT
2026-02-16,Kalimantan Timur,Beras Medium I,16850.0,15880.30303030303,969.69696969697,6.11,0.0,16850.0,16861.666666666668,0.0,2026,2,8,0,DEFISIT
2026-02-17,Kalimantan Timur,Beras Medium I,16850.0,15880.30303030303,969.69696969697,6.11,0.0,16850.0,16860.0,0.0,2026,2,8,1,DEFISIT
2026-02-18,Kalimantan Timur,Beras Medium I,16850.0,15883.333333333334,966.6666666666661,6.09,0.0,16850.0,16858.333333333332,0.0,2026,2,8,2,DEFISIT
2026-02-19,Kalimantan Timur,Beras Medium I,16850.0,15884.848484848484,965.1515151515159,6.08,0.0,16850.0,16856.666666666668,0.0,2026,2,8,3,DEFISIT
2026-02-20,Kalimantan Timur,Beras Medium I,16850.0,15880.30303030303,969.69696969697,6.11,0.0,16850.0,16855.0,0.0,2026,2,8,4,DEFISIT
2026-02-23,Kalimantan Timur,Beras Medium I,16850.0,15892.424242424242,957.575757575758,6.03,0.0,16850.0,16853.333333333332,0.0,2026,2,9,0,DEFISIT
2026-02-24,Kalimantan Timur,Beras Medium I,16850.0,15892.424242424242,957.575757575758,6.03,0.0,16850.0,16851.666666666668,0.0,2026,2,9,1,DEFISIT
2026-02-25,Kalimantan Timur,Beras Medium I,16850.0,15887.878787878788,962.121212121212,6.06,0.0,16850.0,16850.0,0.0,2026,2,9,2,DEFISIT
2026-02-26,Kalimantan Timur,Beras Medium I,16850.0,15889.39393939394,960.60606060606,6.05,0.0,16850.0,16848.333333333332,0.0,2026,2,9,3,DEFISIT
2026-02-27,Kalimantan Timur,Beras Medium I,16850.0,15887.878787878788,962.121212121212,6.06,0.0,16850.0,16846.666666666668,0.0,2026,2,9,4,DEFISIT
2026-03-02,Kalimantan Timur,Beras Medium I,16850.0,15840.90909090909,1009.0909090909099,6.37,0.0,16850.0,16846.666666666668,0.0,2026,3,10,0,DEFISIT
2026-03-03,Kalimantan Timur,Beras Medium I,16850.0,15884.848484848484,965.1515151515159,6.08,0.0,16850.0,16846.666666666668,0.0,2026,3,10,1,DEFISIT
2026-03-04,Kalimantan Timur,Beras Medium I,16850.0,15890.90909090909,959.0909090909099,6.04,0.0,16850.0,16846.666666666668,0.0,2026,3,10,2,DEFISIT
2026-03-05,Kalimantan Timur,Beras Medium I,16850.0,15892.424242424242,957.575757575758,6.03,0.0,16850.0,16846.666666666668,0.0,2026,3,10,3,DEFISIT
2026-03-06,Kalimantan Timur,Beras Medium I,16850.0,15887.878787878788,962.121212121212,6.06,0.0,16850.0,16846.666666666668,0.0,2026,3,10,4,DEFISIT
2026-03-09,Kalimantan Timur,Beras Medium I,16850.0,15887.878787878788,962.121212121212,6.06,0.0,16850.0,16846.666666666668,0.0,2026,3,11,0,DEFISIT
2026-03-10,Kalimantan Timur,Beras Medium I,16850.0,15887.878787878788,962.121212121212,6.06,0.0,16850.0,16850.0,0.0,2026,3,11,1,DEFISIT
2026-03-11,Kalimantan Timur,Beras Medium I,16850.0,15895.454545454546,954.545454545454,6.01,0.0,16850.0,16850.0,0.0,2026,3,11,2,DEFISIT
2026-03-12,Kalimantan Timur,Beras Medium I,16850.0,15910.60606060606,939.39393939394,5.9,0.0,16850.0,16850.0,0.0,2026,3,11,3,DEFISIT
2026-03-13,Kalimantan Timur,Beras Medium I,16850.0,15912.121212121212,937.878787878788,5.89,0.0,16850.0,16850.0,0.0,2026,3,11,4,DEFISIT
2026-03-16,Kalimantan Timur,Beras Medium I,16850.0,15924.242424242424,925.757575757576,5.81,0.0,16850.0,16850.0,0.0,2026,3,12,0,DEFISIT
2026-03-17,Kalimantan Timur,Beras Medium I,16850.0,15934.848484848484,915.1515151515159,5.74,0.0,16850.0,16850.0,0.0,2026,3,12,1,DEFISIT
2026-03-18,Kalimantan Timur,Beras Medium I,16850.0,15931.818181818182,918.181818181818,5.76,0.0,16850.0,16850.0,0.0,2026,3,12,2,DEFISIT
2026-03-19,Kalimantan Timur,Beras Medium I,16850.0,15930.30303030303,919.69696969697,5.77,0.0,16850.0,16850.0,0.0,2026,3,12,3,DEFISIT
2026-03-20,Kalimantan Timur,Beras Medium I,16850.0,15931.818181818182,918.181818181818,5.76,0.0,16850.0,16850.0,0.0,2026,3,12,4,DEFISIT
2026-03-23,Kalimantan Timur,Beras Medium I,16850.0,15933.333333333334,916.6666666666661,5.75,0.0,16850.0,16850.0,0.0,2026,3,13,0,DEFISIT
2026-03-24,Kalimantan Timur,Beras Medium I,16850.0,15931.818181818182,918.181818181818,5.76,0.0,16850.0,16850.0,0.0,2026,3,13,1,DEFISIT
2026-03-25,Kalimantan Timur,Beras Medium I,16850.0,15940.90909090909,909.0909090909099,5.7,0.0,16850.0,16850.0,0.0,2026,3,13,2,DEFISIT
2026-03-26,Kalimantan Timur,Beras Medium I,16850.0,15942.424242424242,907.575757575758,5.69,0.0,16850.0,16850.0,0.0,2026,3,13,3,DEFISIT
2026-03-27,Kalimantan Timur,Beras Medium I,16850.0,15942.424242424242,907.575757575758,5.69,0.0,16850.0,16850.0,0.0,2026,3,13,4,DEFISIT
2026-03-30,Kalimantan Timur,Beras Medium I,16850.0,15956.060606060606,893.939393939394,5.6,0.0,16850.0,16850.0,0.0,2026,3,14,0,DEFISIT
2026-03-31,Kalimantan Timur,Beras Medium I,16750.0,15960.60606060606,789.39393939394,4.95,-100.0,16835.714285714286,16846.666666666668,37.796447300922836,2026,3,14,1,NORMAL
2026-04-01,Kalimantan Timur,Beras Medium I,16750.0,15965.151515151516,784.8484848484841,4.92,0.0,16821.428571428572,16843.333333333332,48.795003647427265,2026,4,14,2,NORMAL
2026-04-02,Kalimantan Timur,Beras Medium I,16750.0,15965.151515151516,784.8484848484841,4.92,0.0,16807.14285714286,16840.0,53.45224838248581,2026,4,14,3,NORMAL
2026-04-03,Kalimantan Timur,Beras Medium I,16750.0,15945.454545454546,804.545454545454,5.05,0.0,16792.85714285714,16836.666666666668,53.45224838248581,2026,4,14,4,DEFISIT
2026-04-06,Kalimantan Timur,Beras Medium I,16900.0,15981.818181818182,918.181818181818,5.75,150.0,16800.0,16838.333333333332,64.54972243679099,2026,4,15,0,DEFISIT
2026-04-07,Kalimantan Timur,Beras Medium I,16900.0,15995.454545454546,904.545454545454,5.66,0.0,16807.14285714286,16840.0,73.19250547114035,2026,4,15,1,DEFISIT
2026-04-08,Kalimantan Timur,Beras Medium I,16900.0,15983.333333333334,916.6666666666661,5.74,0.0,16814.285714285714,16841.666666666668,80.17837257372778,2026,4,15,2,DEFISIT
2026-04-09,Kalimantan Timur,Beras Medium I,16500.0,15989.39393939394,510.60606060606005,3.19,-400.0,16778.571428571428,16830.0,143.924583425785,2026,4,15,3,NORMAL
2026-04-10,Kalimantan Timur,Beras Medium I,16900.0,16010.60606060606,889.39393939394,5.56,400.0,16800.0,16831.666666666668,150.0000000000002,2026,4,15,4,DEFISIT
2026-04-13,Kalimantan Timur,Beras Medium I,16900.0,16113.636363636364,786.363636363636,4.88,0.0,16821.428571428572,16833.333333333332,152.36235005501143,2026,4,16,0,NORMAL
2026-01-01,Kalimantan Utara,Beras Medium I,16750.0,15869.69696969697,880.30303030303,5.55,,16750.0,16750.0,,2026,1,1,3,DEFISIT
2026-01-02,Kalimantan Utara,Beras Medium I,16750.0,15854.545454545454,895.454545454546,5.65,0.0,16750.0,16750.0,0.0,2026,1,1,4,DEFISIT
2026-01-05,Kalimantan Utara,Beras Medium I,16750.0,15843.939393939394,906.060606060606,5.72,0.0,16750.0,16750.0,0.0,2026,1,2,0,DEFISIT
2026-01-06,Kalimantan Utara,Beras Medium I,17150.0,15857.575757575758,1292.424242424242,8.15,400.0,16850.0,16850.0,200.0,2026,1,2,1,DEFISIT
2026-01-07,Kalimantan Utara,Beras Medium I,17150.0,15854.545454545454,1295.454545454546,8.17,0.0,16910.0,16910.0,219.08902300206645,2026,1,2,2,DEFISIT
2026-01-08,Kalimantan Utara,Beras Medium I,17150.0,15859.09090909091,1290.90909090909,8.14,0.0,16950.0,16950.0,219.08902300206645,2026,1,2,3,DEFISIT
2026-01-09,Kalimantan Utara,Beras Medium I,17150.0,15860.60606060606,1289.39393939394,8.13,0.0,16978.571428571428,16978.571428571428,213.80899352993958,2026,1,2,4,DEFISIT
2026-01-12,Kalimantan Utara,Beras Medium I,16750.0,15848.484848484848,901.515151515152,5.69,-400.0,16978.571428571428,16950.0,213.80899352993958,2026,1,3,0,DEFISIT
2026-01-13,Kalimantan Utara,Beras Medium I,16750.0,15846.969696969696,903.0303030303039,5.7,0.0,16978.571428571428,16927.777777777777,213.80899352993958,2026,1,3,1,DEFISIT
2026-01-14,Kalimantan Utara,Beras Medium I,16750.0,15848.484848484848,901.515151515152,5.69,0.0,16978.571428571428,16910.0,213.80899352993958,2026,1,3,2,DEFISIT
2026-01-15,Kalimantan Utara,Beras Medium I,16750.0,15843.939393939394,906.060606060606,5.72,0.0,16921.428571428572,16895.454545454544,213.80899352993958,2026,1,3,3,DEFISIT
2026-01-16,Kalimantan Utara,Beras Medium I,16750.0,15837.878787878788,912.121212121212,5.76,0.0,16864.285714285714,16883.333333333332,195.18001458970738,2026,1,3,4,DEFISIT
2026-01-19,Kalimantan Utara,Beras Medium I,16750.0,15836.363636363636,913.636363636364,5.77,0.0,16807.14285714286,16873.076923076922,151.18578920369353,2026,1,4,0,DEFISIT
2026-01-20,Kalimantan Utara,Beras Medium I,16750.0,15836.363636363636,913.636363636364,5.77,0.0,16750.0,16864.285714285714,0.0,2026,1,4,1,DEFISIT
2026-01-21,Kalimantan Utara,Beras Medium I,16750.0,15834.848484848484,915.1515151515159,5.78,0.0,16750.0,16856.666666666668,0.0,2026,1,4,2,DEFISIT
2026-01-22,Kalimantan Utara,Beras Medium I,16750.0,15834.848484848484,915.1515151515159,5.78,0.0,16750.0,16850.0,0.0,2026,1,4,3,DEFISIT
2026-01-23,Kalimantan Utara,Beras Medium I,17150.0,15845.454545454546,1304.545454545454,8.23,400.0,16807.14285714286,16867.647058823528,151.18578920369055,2026,1,4,4,DEFISIT
2026-01-26,Kalimantan Utara,Beras Medium I,17150.0,15843.939393939394,1306.060606060606,8.24,0.0,16864.285714285714,16883.333333333332,195.18001458970622,2026,1,5,0,DEFISIT
2026-01-27,Kalimantan Utara,Beras Medium I,17150.0,15846.969696969696,1303.030303030304,8.22,0.0,16921.428571428572,16897.36842105263,213.80899352993958,2026,1,5,1,DEFISIT
2026-01-28,Kalimantan Utara,Beras Medium I,17250.0,15850.0,1400.0,8.83,100.0,16992.85714285714,16915.0,229.90681342044502,2026,1,5,2,DEFISIT
2026-01-29,Kalimantan Utara,Beras Medium I,17250.0,15850.0,1400.0,8.83,0.0,17064.285714285714,16930.95238095238,219.30626551751484,2026,1,5,3,DEFISIT
2026-01-30,Kalimantan Utara,Beras Medium I,17250.0,15868.181818181818,1381.818181818182,8.71,0.0,17135.714285714286,16945.454545454544,177.28105208558623,2026,1,5,4,DEFISIT
2026-02-02,Kalimantan Utara,Beras Medium I,17250.0,15872.727272727272,1377.272727272728,8.68,0.0,17207.14285714286,16958.695652173912,53.45224838249817,2026,2,6,0,DEFISIT
2026-02-03,Kalimantan Utara,Beras Medium I,16900.0,15865.151515151516,1034.848484848484,6.52,-350.0,17171.428571428572,16956.25,128.63754913562474,2026,2,6,1,DEFISIT
2026-02-04,Kalimantan Utara,Beras Medium I,17250.0,15880.30303030303,1369.69696969697,8.63,350.0,17185.714285714286,16968.0,131.38456820306592,2026,2,6,2,DEFISIT
2026-02-05,Kalimantan Utara,Beras Medium I,17250.0,15868.181818181818,1381.818181818182,8.71,0.0,17200.0,16978.846153846152,132.28756555323488,2026,2,6,3,DEFISIT
2026-02-06,Kalimantan Utara,Beras Medium I,17250.0,15866.666666666666,1383.333333333334,8.72,0.0,17200.0,16988.88888888889,132.28756555323488,2026,2,6,4,DEFISIT
2026-02-09,Kalimantan Utara,Beras Medium I,17250.0,15869.69696969697,1380.30303030303,8.7,0.0,17200.0,16998.214285714286,132.28756555323488,2026,2,7,0,DEFISIT
2026-02-10,Kalimantan Utara,Beras Medium I,17250.0,15869.69696969697,1380.30303030303,8.7,0.0,17200.0,17006.896551724138,132.28756555323488,2026,2,7,1,DEFISIT
2026-02-11,Kalimantan Utara,Beras Medium I,17250.0,15866.666666666666,1383.333333333334,8.72,0.0,17200.0,17015.0,132.28756555323488,2026,2,7,2,DEFISIT
2026-02-12,Kalimantan Utara,Beras Medium I,17250.0,15874.242424242424,1375.757575757576,8.67,0.0,17250.0,17031.666666666668,0.0,2026,2,7,3,DEFISIT
2026-02-13,Kalimantan Utara,Beras Medium I,17250.0,15881.818181818182,1368.181818181818,8.61,0.0,17250.0,17048.333333333332,0.0,2026,2,7,4,DEFISIT
2026-02-16,Kalimantan Utara,Beras Medium I,17250.0,15880.30303030303,1369.69696969697,8.63,0.0,17250.0,17065.0,0.0,2026,2,8,0,DEFISIT
2026-02-17,Kalimantan Utara,Beras Medium I,17250.0,15880.30303030303,1369.69696969697,8.63,0.0,17250.0,17068.333333333332,0.0,2026,2,8,1,DEFISIT
2026-02-18,Kalimantan Utara,Beras Medium I,17150.0,15883.333333333334,1266.666666666666,7.97,-100.0,17235.714285714286,17068.333333333332,37.796447300922836,2026,2,8,2,DEFISIT
2026-02-19,Kalimantan Utara,Beras Medium I,17150.0,15884.848484848484,1265.151515151516,7.96,0.0,17221.428571428572,17068.333333333332,48.795003647427265,2026,2,8,3,DEFISIT
2026-02-20,Kalimantan Utara,Beras Medium I,17150.0,15880.30303030303,1269.69696969697,8.0,0.0,17207.14285714286,17068.333333333332,53.45224838248581,2026,2,8,4,DEFISIT
2026-02-23,Kalimantan Utara,Beras Medium I,17150.0,15892.424242424242,1257.575757575758,7.91,0.0,17192.85714285714,17081.666666666668,53.45224838248581,2026,2,9,0,DEFISIT
2026-02-24,Kalimantan Utara,Beras Medium I,17150.0,15892.424242424242,1257.575757575758,7.91,0.0,17178.571428571428,17095.0,48.795003647427265,2026,2,9,1,DEFISIT
2026-02-25,Kalimantan Utara,Beras Medium I,17150.0,15887.878787878788,1262.121212121212,7.94,0.0,17164.285714285714,17108.333333333332,37.796447300922836,2026,2,9,2,DEFISIT
2026-02-26,Kalimantan Utara,Beras Medium I,17150.0,15889.39393939394,1260.60606060606,7.93,0.0,17150.0,17121.666666666668,0.0,2026,2,9,3,DEFISIT
2026-02-27,Kalimantan Utara,Beras Medium I,17150.0,15887.878787878788,1262.121212121212,7.94,0.0,17150.0,17135.0,0.0,2026,2,9,4,DEFISIT
2026-03-02,Kalimantan Utara,Beras Medium I,17150.0,15840.90909090909,1309.09090909091,8.26,0.0,17150.0,17148.333333333332,0.0,2026,3,10,0,DEFISIT
2026-03-03,Kalimantan Utara,Beras Medium I,17150.0,15884.848484848484,1265.151515151516,7.96,0.0,17150.0,17161.666666666668,0.0,2026,3,10,1,DEFISIT
2026-03-04,Kalimantan Utara,Beras Medium I,17150.0,15890.90909090909,1259.09090909091,7.92,0.0,17150.0,17175.0,0.0,2026,3,10,2,DEFISIT
2026-03-05,Kalimantan Utara,Beras Medium I,17150.0,15892.424242424242,1257.575757575758,7.91,0.0,17150.0,17188.333333333332,0.0,2026,3,10,3,DEFISIT
2026-03-06,Kalimantan Utara,Beras Medium I,17150.0,15887.878787878788,1262.121212121212,7.94,0.0,17150.0,17188.333333333332,0.0,2026,3,10,4,DEFISIT
2026-03-09,Kalimantan Utara,Beras Medium I,17150.0,15887.878787878788,1262.121212121212,7.94,0.0,17150.0,17188.333333333332,0.0,2026,3,11,0,DEFISIT
2026-03-10,Kalimantan Utara,Beras Medium I,17150.0,15887.878787878788,1262.121212121212,7.94,0.0,17150.0,17188.333333333332,0.0,2026,3,11,1,DEFISIT
2026-03-11,Kalimantan Utara,Beras Medium I,17150.0,15895.454545454546,1254.545454545454,7.89,0.0,17150.0,17185.0,0.0,2026,3,11,2,DEFISIT
2026-03-12,Kalimantan Utara,Beras Medium I,17150.0,15910.60606060606,1239.39393939394,7.79,0.0,17150.0,17181.666666666668,0.0,2026,3,11,3,DEFISIT
2026-03-13,Kalimantan Utara,Beras Medium I,17150.0,15912.121212121212,1237.878787878788,7.78,0.0,17150.0,17178.333333333332,0.0,2026,3,11,4,DEFISIT
2026-03-16,Kalimantan Utara,Beras Medium I,17250.0,15924.242424242424,1325.757575757576,8.33,100.0,17164.285714285714,17178.333333333332,37.796447300922836,2026,3,12,0,DEFISIT
2026-03-17,Kalimantan Utara,Beras Medium I,17500.0,15934.848484848484,1565.151515151516,9.82,250.0,17214.285714285714,17198.333333333332,131.38456820306152,2026,3,12,1,DEFISIT
2026-03-18,Kalimantan Utara,Beras Medium I,17500.0,15931.818181818182,1568.181818181818,9.84,0.0,17264.285714285714,17206.666666666668,165.11179473891303,2026,3,12,2,DEFISIT
2026-03-19,Kalimantan Utara,Beras Medium I,17500.0,15930.30303030303,1569.69696969697,9.85,0.0,17314.285714285714,17215.0,177.28105208558446,2026,3,12,3,DEFISIT
2026-03-20,Kalimantan Utara,Beras Medium I,17500.0,15931.818181818182,1568.181818181818,9.84,0.0,17364.285714285714,17223.333333333332,172.51638983558982,2026,3,12,4,DEFISIT
2026-03-23,Kalimantan Utara,Beras Medium I,17500.0,15933.333333333334,1566.666666666666,9.83,0.0,17414.285714285714,17231.666666666668,149.204238418033,2026,3,13,0,DEFISIT
2026-03-24,Kalimantan Utara,Beras Medium I,17500.0,15931.818181818182,1568.181818181818,9.84,0.0,17464.285714285714,17240.0,94.49111825230976,2026,3,13,1,DEFISIT
2026-03-25,Kalimantan Utara,Beras Medium I,17500.0,15940.90909090909,1559.09090909091,9.78,0.0,17500.0,17248.333333333332,0.0,2026,3,13,2,DEFISIT
2026-03-26,Kalimantan Utara,Beras Medium I,17500.0,15942.424242424242,1557.575757575758,9.77,0.0,17500.0,17256.666666666668,0.0,2026,3,13,3,DEFISIT
2026-03-27,Kalimantan Utara,Beras Medium I,17500.0,15942.424242424242,1557.575757575758,9.77,0.0,17500.0,17265.0,0.0,2026,3,13,4,DEFISIT
2026-03-30,Kalimantan Utara,Beras Medium I,17500.0,15956.060606060606,1543.939393939394,9.68,0.0,17500.0,17273.333333333332,0.0,2026,3,14,0,DEFISIT
2026-03-31,Kalimantan Utara,Beras Medium I,17500.0,15960.60606060606,1539.39393939394,9.64,0.0,17500.0,17281.666666666668,0.0,2026,3,14,1,DEFISIT
2026-04-01,Kalimantan Utara,Beras Medium I,17500.0,15965.151515151516,1534.848484848484,9.61,0.0,17500.0,17293.333333333332,0.0,2026,4,14,2,DEFISIT
2026-04-02,Kalimantan Utara,Beras Medium I,17500.0,15965.151515151516,1534.848484848484,9.61,0.0,17500.0,17305.0,0.0,2026,4,14,3,DEFISIT
2026-04-03,Kalimantan Utara,Beras Medium I,17500.0,15945.454545454546,1554.545454545454,9.75,0.0,17500.0,17316.666666666668,0.0,2026,4,14,4,DEFISIT
2026-04-06,Kalimantan Utara,Beras Medium I,17500.0,15981.818181818182,1518.181818181818,9.5,0.0,17500.0,17328.333333333332,0.0,2026,4,15,0,DEFISIT
2026-04-07,Kalimantan Utara,Beras Medium I,17500.0,15995.454545454546,1504.545454545454,9.41,0.0,17500.0,17340.0,0.0,2026,4,15,1,DEFISIT
2026-04-08,Kalimantan Utara,Beras Medium I,17500.0,15983.333333333334,1516.666666666666,9.49,0.0,17500.0,17351.666666666668,0.0,2026,4,15,2,DEFISIT
2026-04-09,Kalimantan Utara,Beras Medium I,17500.0,15989.39393939394,1510.60606060606,9.45,0.0,17500.0,17363.333333333332,0.0,2026,4,15,3,DEFISIT
2026-04-10,Kalimantan Utara,Beras Medium I,17500.0,16010.60606060606,1489.39393939394,9.3,0.0,17500.0,17375.0,0.0,2026,4,15,4,DEFISIT
2026-04-13,Kalimantan Utara,Beras Medium I,17500.0,16113.636363636364,1386.363636363636,8.6,0.0,17500.0,17386.666666666668,0.0,2026,4,16,0,DEFISIT
2026-01-01,Kepulauan Bangka Belitung,Beras Medium I,15750.0,15869.69696969697,-119.69696969696997,-0.75,,15750.0,15750.0,,2026,1,1,3,NORMAL
2026-01-02,Kepulauan Bangka Belitung,Beras Medium I,15750.0,15854.545454545454,-104.54545454545405,-0.66,0.0,15750.0,15750.0,0.0,2026,1,1,4,NORMAL
2026-01-05,Kepulauan Bangka Belitung,Beras Medium I,15750.0,15843.939393939394,-93.939393939394,-0.59,0.0,15750.0,15750.0,0.0,2026,1,2,0,NORMAL
2026-01-06,Kepulauan Bangka Belitung,Beras Medium I,15750.0,15857.575757575758,-107.57575757575796,-0.68,0.0,15750.0,15750.0,0.0,2026,1,2,1,NORMAL
2026-01-07,Kepulauan Bangka Belitung,Beras Medium I,15750.0,15854.545454545454,-104.54545454545405,-0.66,0.0,15750.0,15750.0,0.0,2026,1,2,2,NORMAL
2026-01-08,Kepulauan Bangka Belitung,Beras Medium I,15800.0,15859.09090909091,-59.09090909090992,-0.37,50.0,15758.333333333334,15758.333333333334,20.412414523193004,2026,1,2,3,NORMAL
2026-01-09,Kepulauan Bangka Belitung,Beras Medium I,15800.0,15860.60606060606,-60.606060606060055,-0.38,0.0,15764.285714285714,15764.285714285714,24.397501823712968,2026,1,2,4,NORMAL
2026-01-12,Kepulauan Bangka Belitung,Beras Medium I,15800.0,15848.484848484848,-48.484848484848044,-0.31,0.0,15771.42857142857,15768.75,26.726124191241766,2026,1,3,0,NORMAL
2026-01-13,Kepulauan Bangka Belitung,Beras Medium I,15800.0,15846.969696969696,-46.96969696969609,-0.3,0.0,15778.57142857143,15772.222222222223,26.726124191241382,2026,1,3,1,NORMAL
2026-01-14,Kepulauan Bangka Belitung,Beras Medium I,15800.0,15848.484848484848,-48.484848484848044,-0.31,0.0,15785.714285714286,15775.0,24.397501823711966,2026,1,3,2,NORMAL
2026-01-15,Kepulauan Bangka Belitung,Beras Medium I,15800.0,15843.939393939394,-43.939393939393995,-0.28,0.0,15792.857142857143,15777.272727272728,18.898223650459265,2026,1,3,3,NORMAL
2026-01-16,Kepulauan Bangka Belitung,Beras Medium I,15800.0,15837.878787878788,-37.87878787878799,-0.24,0.0,15800.0,15779.166666666666,0.0,2026,1,3,4,NORMAL
2026-01-19,Kepulauan Bangka Belitung,Beras Medium I,15800.0,15836.363636363636,-36.36363636363603,-0.23,0.0,15800.0,15780.76923076923,0.0,2026,1,4,0,NORMAL
2026-01-20,Kepulauan Bangka Belitung,Beras Medium I,15800.0,15836.363636363636,-36.36363636363603,-0.23,0.0,15800.0,15782.142857142857,0.0,2026,1,4,1,NORMAL
2026-01-21,Kepulauan Bangka Belitung,Beras Medium I,15800.0,15834.848484848484,-34.84848484848408,-0.22,0.0,15800.0,15783.333333333334,0.0,2026,1,4,2,NORMAL
2026-01-22,Kepulauan Bangka Belitung,Beras Medium I,15800.0,15834.848484848484,-34.84848484848408,-0.22,0.0,15800.0,15784.375,0.0,2026,1,4,3,NORMAL
2026-01-23,Kepulauan Bangka Belitung,Beras Medium I,15800.0,15845.454545454546,-45.45454545454595,-0.29,0.0,15800.0,15785.29411764706,0.0,2026,1,4,4,NORMAL
2026-01-26,Kepulauan Bangka Belitung,Beras Medium I,15800.0,15843.939393939394,-43.939393939393995,-0.28,0.0,15800.0,15786.111111111111,0.0,2026,1,5,0,NORMAL
2026-01-27,Kepulauan Bangka Belitung,Beras Medium I,15800.0,15846.969696969696,-46.96969696969609,-0.3,0.0,15800.0,15786.842105263158,0.0,2026,1,5,1,NORMAL
2026-01-28,Kepulauan Bangka Belitung,Beras Medium I,15800.0,15850.0,-50.0,-0.32,0.0,15800.0,15787.5,0.0,2026,1,5,2,NORMAL
2026-01-29,Kepulauan Bangka Belitung,Beras Medium I,15800.0,15850.0,-50.0,-0.32,0.0,15800.0,15788.095238095239,0.0,2026,1,5,3,NORMAL
2026-01-30,Kepulauan Bangka Belitung,Beras Medium I,15800.0,15868.181818181818,-68.18181818181802,-0.43,0.0,15800.0,15788.636363636364,0.0,2026,1,5,4,NORMAL
2026-02-02,Kepulauan Bangka Belitung,Beras Medium I,15800.0,15872.727272727272,-72.72727272727207,-0.46,0.0,15800.0,15789.130434782608,0.0,2026,2,6,0,NORMAL
2026-02-03,Kepulauan Bangka Belitung,Beras Medium I,15800.0,15865.151515151516,-65.15151515151592,-0.41,0.0,15800.0,15789.583333333334,0.0,2026,2,6,1,NORMAL
2026-02-04,Kepulauan Bangka Belitung,Beras Medium I,15800.0,15880.30303030303,-80.30303030303003,-0.51,0.0,15800.0,15790.0,0.0,2026,2,6,2,NORMAL
2026-02-05,Kepulauan Bangka Belitung,Beras Medium I,15800.0,15868.181818181818,-68.18181818181802,-0.43,0.0,15800.0,15790.384615384615,0.0,2026,2,6,3,NORMAL
2026-02-06,Kepulauan Bangka Belitung,Beras Medium I,15800.0,15866.666666666666,-66.66666666666606,-0.42,0.0,15800.0,15790.74074074074,0.0,2026,2,6,4,NORMAL
2026-02-09,Kepulauan Bangka Belitung,Beras Medium I,15800.0,15869.69696969697,-69.69696969696997,-0.44,0.0,15800.0,15791.07142857143,0.0,2026,2,7,0,NORMAL
2026-02-10,Kepulauan Bangka Belitung,Beras Medium I,15800.0,15869.69696969697,-69.69696969696997,-0.44,0.0,15800.0,15791.379310344828,0.0,2026,2,7,1,NORMAL
2026-02-11,Kepulauan Bangka Belitung,Beras Medium I,15800.0,15866.666666666666,-66.66666666666606,-0.42,0.0,15800.0,15791.666666666666,0.0,2026,2,7,2,NORMAL
2026-02-12,Kepulauan Bangka Belitung,Beras Medium I,15800.0,15874.242424242424,-74.24242424242402,-0.47,0.0,15800.0,15793.333333333334,0.0,2026,2,7,3,NORMAL
2026-02-13,Kepulauan Bangka Belitung,Beras Medium I,15800.0,15881.818181818182,-81.81818181818198,-0.52,0.0,15800.0,15795.0,0.0,2026,2,7,4,NORMAL
2026-02-16,Kepulauan Bangka Belitung,Beras Medium I,15800.0,15880.30303030303,-80.30303030303003,-0.51,0.0,15800.0,15796.666666666666,0.0,2026,2,8,0,NORMAL
2026-02-17,Kepulauan Bangka Belitung,Beras Medium I,15800.0,15880.30303030303,-80.30303030303003,-0.51,0.0,15800.0,15798.333333333334,0.0,2026,2,8,1,NORMAL
2026-02-18,Kepulauan Bangka Belitung,Beras Medium I,15800.0,15883.333333333334,-83.33333333333394,-0.52,0.0,15800.0,15800.0,0.0,2026,2,8,2,NORMAL
2026-02-19,Kepulauan Bangka Belitung,Beras Medium I,15800.0,15884.848484848484,-84.84848484848408,-0.53,0.0,15800.0,15800.0,0.0,2026,2,8,3,NORMAL
2026-02-20,Kepulauan Bangka Belitung,Beras Medium I,15800.0,15880.30303030303,-80.30303030303003,-0.51,0.0,15800.0,15800.0,0.0,2026,2,8,4,NORMAL
2026-02-23,Kepulauan Bangka Belitung,Beras Medium I,15800.0,15892.424242424242,-92.42424242424204,-0.58,0.0,15800.0,15800.0,0.0,2026,2,9,0,NORMAL
2026-02-24,Kepulauan Bangka Belitung,Beras Medium I,15800.0,15892.424242424242,-92.42424242424204,-0.58,0.0,15800.0,15800.0,0.0,2026,2,9,1,NORMAL
2026-02-25,Kepulauan Bangka Belitung,Beras Medium I,15800.0,15887.878787878788,-87.87878787878799,-0.55,0.0,15800.0,15800.0,0.0,2026,2,9,2,NORMAL
2026-02-26,Kepulauan Bangka Belitung,Beras Medium I,15800.0,15889.39393939394,-89.39393939393995,-0.56,0.0,15800.0,15800.0,0.0,2026,2,9,3,NORMAL
2026-02-27,Kepulauan Bangka Belitung,Beras Medium I,15800.0,15887.878787878788,-87.87878787878799,-0.55,0.0,15800.0,15800.0,0.0,2026,2,9,4,NORMAL
2026-03-02,Kepulauan Bangka Belitung,Beras Medium I,15800.0,15840.90909090909,-40.90909090909008,-0.26,0.0,15800.0,15800.0,0.0,2026,3,10,0,NORMAL
2026-03-03,Kepulauan Bangka Belitung,Beras Medium I,15800.0,15884.848484848484,-84.84848484848408,-0.53,0.0,15800.0,15800.0,0.0,2026,3,10,1,NORMAL
2026-03-04,Kepulauan Bangka Belitung,Beras Medium I,15800.0,15890.90909090909,-90.90909090909008,-0.57,0.0,15800.0,15800.0,0.0,2026,3,10,2,NORMAL
2026-03-05,Kepulauan Bangka Belitung,Beras Medium I,15800.0,15892.424242424242,-92.42424242424204,-0.58,0.0,15800.0,15800.0,0.0,2026,3,10,3,NORMAL
2026-03-06,Kepulauan Bangka Belitung,Beras Medium I,15800.0,15887.878787878788,-87.87878787878799,-0.55,0.0,15800.0,15800.0,0.0,2026,3,10,4,NORMAL
2026-03-09,Kepulauan Bangka Belitung,Beras Medium I,15800.0,15887.878787878788,-87.87878787878799,-0.55,0.0,15800.0,15800.0,0.0,2026,3,11,0,NORMAL
2026-03-10,Kepulauan Bangka Belitung,Beras Medium I,15800.0,15887.878787878788,-87.87878787878799,-0.55,0.0,15800.0,15800.0,0.0,2026,3,11,1,NORMAL
2026-03-11,Kepulauan Bangka Belitung,Beras Medium I,15800.0,15895.454545454546,-95.45454545454595,-0.6,0.0,15800.0,15800.0,0.0,2026,3,11,2,NORMAL
2026-03-12,Kepulauan Bangka Belitung,Beras Medium I,15800.0,15910.60606060606,-110.60606060606005,-0.7,0.0,15800.0,15800.0,0.0,2026,3,11,3,NORMAL
2026-03-13,Kepulauan Bangka Belitung,Beras Medium I,15800.0,15912.121212121212,-112.12121212121201,-0.7,0.0,15800.0,15800.0,0.0,2026,3,11,4,NORMAL
2026-03-16,Kepulauan Bangka Belitung,Beras Medium I,15800.0,15924.242424242424,-124.24242424242402,-0.78,0.0,15800.0,15800.0,0.0,2026,3,12,0,NORMAL
2026-03-17,Kepulauan Bangka Belitung,Beras Medium I,15800.0,15934.848484848484,-134.84848484848408,-0.85,0.0,15800.0,15800.0,0.0,2026,3,12,1,NORMAL
2026-03-18,Kepulauan Bangka Belitung,Beras Medium I,15800.0,15931.818181818182,-131.81818181818198,-0.83,0.0,15800.0,15800.0,0.0,2026,3,12,2,NORMAL
2026-03-19,Kepulauan Bangka Belitung,Beras Medium I,15800.0,15930.30303030303,-130.30303030303003,-0.82,0.0,15800.0,15800.0,0.0,2026,3,12,3,NORMAL
2026-03-20,Kepulauan Bangka Belitung,Beras Medium I,15800.0,15931.818181818182,-131.81818181818198,-0.83,0.0,15800.0,15800.0,0.0,2026,3,12,4,NORMAL
2026-03-23,Kepulauan Bangka Belitung,Beras Medium I,15800.0,15933.333333333334,-133.33333333333394,-0.84,0.0,15800.0,15800.0,0.0,2026,3,13,0,NORMAL
2026-03-24,Kepulauan Bangka Belitung,Beras Medium I,15800.0,15931.818181818182,-131.81818181818198,-0.83,0.0,15800.0,15800.0,0.0,2026,3,13,1,NORMAL
2026-03-25,Kepulauan Bangka Belitung,Beras Medium I,15800.0,15940.90909090909,-140.90909090909008,-0.88,0.0,15800.0,15800.0,0.0,2026,3,13,2,NORMAL
2026-03-26,Kepulauan Bangka Belitung,Beras Medium I,15800.0,15942.424242424242,-142.42424242424204,-0.89,0.0,15800.0,15800.0,0.0,2026,3,13,3,NORMAL
2026-03-27,Kepulauan Bangka Belitung,Beras Medium I,15800.0,15942.424242424242,-142.42424242424204,-0.89,0.0,15800.0,15800.0,0.0,2026,3,13,4,NORMAL
2026-03-30,Kepulauan Bangka Belitung,Beras Medium I,15800.0,15956.060606060606,-156.060606060606,-0.98,0.0,15800.0,15800.0,0.0,2026,3,14,0,NORMAL
2026-03-31,Kepulauan Bangka Belitung,Beras Medium I,15850.0,15960.60606060606,-110.60606060606005,-0.69,50.0,15807.142857142857,15801.666666666666,18.898223650461418,2026,3,14,1,NORMAL
2026-04-01,Kepulauan Bangka Belitung,Beras Medium I,15900.0,15965.151515151516,-65.15151515151592,-0.41,50.0,15821.42857142857,15805.0,39.33978962347256,2026,4,14,2,NORMAL
2026-04-02,Kepulauan Bangka Belitung,Beras Medium I,15900.0,15965.151515151516,-65.15151515151592,-0.41,0.0,15835.714285714286,15808.333333333334,47.559486560567386,2026,4,14,3,NORMAL
2026-04-03,Kepulauan Bangka Belitung,Beras Medium I,15500.0,15945.454545454546,-445.45454545454595,-2.79,-400.0,15792.857142857143,15798.333333333334,136.71311638052978,2026,4,14,4,NORMAL
2026-04-06,Kepulauan Bangka Belitung,Beras Medium I,15900.0,15981.818181818182,-81.81818181818198,-0.51,400.0,15807.142857142857,15801.666666666666,142.67845968170144,2026,4,15,0,NORMAL
2026-04-07,Kepulauan Bangka Belitung,Beras Medium I,15900.0,15995.454545454546,-95.45454545454595,-0.6,0.0,15821.42857142857,15805.0,146.7910727790318,2026,4,15,1,NORMAL
2026-04-08,Kepulauan Bangka Belitung,Beras Medium I,15900.0,15983.333333333334,-83.33333333333394,-0.52,0.0,15835.714285714286,15808.333333333334,149.20423841803097,2026,4,15,2,NORMAL
2026-04-09,Kepulauan Bangka Belitung,Beras Medium I,15900.0,15989.39393939394,-89.39393939393995,-0.56,0.0,15842.857142857143,15811.666666666666,151.18578920369035,2026,4,15,3,NORMAL
2026-04-10,Kepulauan Bangka Belitung,Beras Medium I,15900.0,16010.60606060606,-110.60606060606005,-0.69,0.0,15842.857142857143,15815.0,151.18578920369035,2026,4,15,4,NORMAL
2026-04-13,Kepulauan Bangka Belitung,Beras Medium I,15900.0,16113.636363636364,-213.63636363636397,-1.33,0.0,15842.857142857143,15818.333333333334,151.18578920369035,2026,4,16,0,NORMAL
2026-01-01,Kepulauan Riau,Beras Medium I,15850.0,15869.69696969697,-19.696969696969973,-0.12,,15850.0,15850.0,,2026,1,1,3,NORMAL
2026-01-02,Kepulauan Riau,Beras Medium I,15700.0,15854.545454545454,-154.54545454545405,-0.97,-150.0,15775.0,15775.0,106.06601717798213,2026,1,1,4,NORMAL
2026-01-05,Kepulauan Riau,Beras Medium I,15550.0,15843.939393939394,-293.939393939394,-1.86,-150.0,15700.0,15700.0,150.0,2026,1,2,0,NORMAL
2026-01-06,Kepulauan Riau,Beras Medium I,15550.0,15857.575757575758,-307.57575757575796,-1.94,0.0,15662.5,15662.5,143.61406616345073,2026,1,2,1,NORMAL
2026-01-07,Kepulauan Riau,Beras Medium I,15550.0,15854.545454545454,-304.54545454545405,-1.92,0.0,15640.0,15640.0,134.16407864998737,2026,1,2,2,NORMAL
2026-01-08,Kepulauan Riau,Beras Medium I,15550.0,15859.09090909091,-309.0909090909099,-1.95,0.0,15625.0,15625.0,125.49900398011133,2026,1,2,3,NORMAL
2026-01-09,Kepulauan Riau,Beras Medium I,15550.0,15860.60606060606,-310.60606060606005,-1.96,0.0,15614.285714285714,15614.285714285714,118.01936887041644,2026,1,2,4,NORMAL
2026-01-12,Kepulauan Riau,Beras Medium I,15550.0,15848.484848484848,-298.48484848484804,-1.88,0.0,15571.42857142857,15606.25,56.694670951383806,2026,1,3,0,NORMAL
2026-01-13,Kepulauan Riau,Beras Medium I,15550.0,15846.969696969696,-296.9696969696961,-1.87,0.0,15550.0,15600.0,0.0,2026,1,3,1,NORMAL
2026-01-14,Kepulauan Riau,Beras Medium I,15550.0,15848.484848484848,-298.48484848484804,-1.88,0.0,15550.0,15595.0,0.0,2026,1,3,2,NORMAL
2026-01-15,Kepulauan Riau,Beras Medium I,15550.0,15843.939393939394,-293.939393939394,-1.86,0.0,15550.0,15590.90909090909,0.0,2026,1,3,3,NORMAL
2026-01-16,Kepulauan Riau,Beras Medium I,15550.0,15837.878787878788,-287.878787878788,-1.82,0.0,15550.0,15587.5,0.0,2026,1,3,4,NORMAL
2026-01-19,Kepulauan Riau,Beras Medium I,15550.0,15836.363636363636,-286.36363636363603,-1.81,0.0,15550.0,15584.615384615385,0.0,2026,1,4,0,NORMAL
2026-01-20,Kepulauan Riau,Beras Medium I,15550.0,15836.363636363636,-286.36363636363603,-1.81,0.0,15550.0,15582.142857142857,0.0,2026,1,4,1,NORMAL
2026-01-21,Kepulauan Riau,Beras Medium I,15550.0,15834.848484848484,-284.8484848484841,-1.8,0.0,15550.0,15580.0,0.0,2026,1,4,2,NORMAL
2026-01-22,Kepulauan Riau,Beras Medium I,15550.0,15834.848484848484,-284.8484848484841,-1.8,0.0,15550.0,15578.125,0.0,2026,1,4,3,NORMAL
2026-01-23,Kepulauan Riau,Beras Medium I,15550.0,15845.454545454546,-295.45454545454595,-1.86,0.0,15550.0,15576.470588235294,0.0,2026,1,4,4,NORMAL
2026-01-26,Kepulauan Riau,Beras Medium I,15550.0,15843.939393939394,-293.939393939394,-1.86,0.0,15550.0,15575.0,0.0,2026,1,5,0,NORMAL
2026-01-27,Kepulauan Riau,Beras Medium I,15550.0,15846.969696969696,-296.9696969696961,-1.87,0.0,15550.0,15573.684210526315,0.0,2026,1,5,1,NORMAL
2026-01-28,Kepulauan Riau,Beras Medium I,15550.0,15850.0,-300.0,-1.89,0.0,15550.0,15572.5,0.0,2026,1,5,2,NORMAL
2026-01-29,Kepulauan Riau,Beras Medium I,15550.0,15850.0,-300.0,-1.89,0.0,15550.0,15571.42857142857,0.0,2026,1,5,3,NORMAL
2026-01-30,Kepulauan Riau,Beras Medium I,15700.0,15868.181818181818,-168.18181818181802,-1.06,150.0,15571.42857142857,15577.272727272728,56.69467095138425,2026,1,5,4,NORMAL
2026-02-02,Kepulauan Riau,Beras Medium I,15550.0,15872.727272727272,-322.72727272727207,-2.03,-150.0,15571.42857142857,15576.08695652174,56.69467095138426,2026,2,6,0,NORMAL
2026-02-03,Kepulauan Riau,Beras Medium I,15550.0,15865.151515151516,-315.1515151515159,-1.99,0.0,15571.42857142857,15575.0,56.69467095138426,2026,2,6,1,NORMAL
2026-02-04,Kepulauan Riau,Beras Medium I,15550.0,15880.30303030303,-330.30303030303,-2.08,0.0,15571.42857142857,15574.0,56.69467095138426,2026,2,6,2,NORMAL
2026-02-05,Kepulauan Riau,Beras Medium I,15550.0,15868.181818181818,-318.181818181818,-2.01,0.0,15571.42857142857,15573.076923076924,56.69467095138426,2026,2,6,3,NORMAL
2026-02-06,Kepulauan Riau,Beras Medium I,15550.0,15866.666666666666,-316.66666666666606,-2.0,0.0,15571.42857142857,15572.222222222223,56.69467095138426,2026,2,6,4,NORMAL
2026-02-09,Kepulauan Riau,Beras Medium I,15550.0,15869.69696969697,-319.69696969697,-2.01,0.0,15571.42857142857,15571.42857142857,56.69467095138426,2026,2,7,0,NORMAL
2026-02-10,Kepulauan Riau,Beras Medium I,15550.0,15869.69696969697,-319.69696969697,-2.01,0.0,15550.0,15570.689655172413,0.0,2026,2,7,1,NORMAL
2026-02-11,Kepulauan Riau,Beras Medium I,15550.0,15866.666666666666,-316.66666666666606,-2.0,0.0,15550.0,15570.0,0.0,2026,2,7,2,NORMAL
2026-02-12,Kepulauan Riau,Beras Medium I,15550.0,15874.242424242424,-324.242424242424,-2.04,0.0,15550.0,15560.0,0.0,2026,2,7,3,NORMAL
2026-02-13,Kepulauan Riau,Beras Medium I,15700.0,15881.818181818182,-181.81818181818198,-1.14,150.0,15571.42857142857,15560.0,56.69467095138425,2026,2,7,4,NORMAL
2026-02-16,Kepulauan Riau,Beras Medium I,15550.0,15880.30303030303,-330.30303030303,-2.08,-150.0,15571.42857142857,15560.0,56.69467095138426,2026,2,8,0,NORMAL
2026-02-17,Kepulauan Riau,Beras Medium I,15550.0,15880.30303030303,-330.30303030303,-2.08,0.0,15571.42857142857,15560.0,56.69467095138426,2026,2,8,1,NORMAL
2026-02-18,Kepulauan Riau,Beras Medium I,15550.0,15883.333333333334,-333.33333333333394,-2.1,0.0,15571.42857142857,15560.0,56.69467095138426,2026,2,8,2,NORMAL
2026-02-19,Kepulauan Riau,Beras Medium I,15550.0,15884.848484848484,-334.8484848484841,-2.11,0.0,15571.42857142857,15560.0,56.69467095138426,2026,2,8,3,NORMAL
2026-02-20,Kepulauan Riau,Beras Medium I,15550.0,15880.30303030303,-330.30303030303,-2.08,0.0,15571.42857142857,15560.0,56.69467095138426,2026,2,8,4,NORMAL
2026-02-23,Kepulauan Riau,Beras Medium I,15550.0,15892.424242424242,-342.42424242424204,-2.15,0.0,15571.42857142857,15560.0,56.69467095138426,2026,2,9,0,NORMAL
2026-02-24,Kepulauan Riau,Beras Medium I,15550.0,15892.424242424242,-342.42424242424204,-2.15,0.0,15550.0,15560.0,0.0,2026,2,9,1,NORMAL
2026-02-25,Kepulauan Riau,Beras Medium I,15550.0,15887.878787878788,-337.878787878788,-2.13,0.0,15550.0,15560.0,0.0,2026,2,9,2,NORMAL
2026-02-26,Kepulauan Riau,Beras Medium I,15550.0,15889.39393939394,-339.39393939393995,-2.14,0.0,15550.0,15560.0,0.0,2026,2,9,3,NORMAL
2026-02-27,Kepulauan Riau,Beras Medium I,15550.0,15887.878787878788,-337.878787878788,-2.13,0.0,15550.0,15560.0,0.0,2026,2,9,4,NORMAL
2026-03-02,Kepulauan Riau,Beras Medium I,15550.0,15840.90909090909,-290.9090909090901,-1.84,0.0,15550.0,15560.0,0.0,2026,3,10,0,NORMAL
2026-03-03,Kepulauan Riau,Beras Medium I,15550.0,15884.848484848484,-334.8484848484841,-2.11,0.0,15550.0,15560.0,0.0,2026,3,10,1,NORMAL
2026-03-04,Kepulauan Riau,Beras Medium I,15550.0,15890.90909090909,-340.9090909090901,-2.15,0.0,15550.0,15560.0,0.0,2026,3,10,2,NORMAL
2026-03-05,Kepulauan Riau,Beras Medium I,15550.0,15892.424242424242,-342.42424242424204,-2.15,0.0,15550.0,15560.0,0.0,2026,3,10,3,NORMAL
2026-03-06,Kepulauan Riau,Beras Medium I,15550.0,15887.878787878788,-337.878787878788,-2.13,0.0,15550.0,15560.0,0.0,2026,3,10,4,NORMAL
2026-03-09,Kepulauan Riau,Beras Medium I,15550.0,15887.878787878788,-337.878787878788,-2.13,0.0,15550.0,15560.0,0.0,2026,3,11,0,NORMAL
2026-03-10,Kepulauan Riau,Beras Medium I,15550.0,15887.878787878788,-337.878787878788,-2.13,0.0,15550.0,15560.0,0.0,2026,3,11,1,NORMAL
2026-03-11,Kepulauan Riau,Beras Medium I,15550.0,15895.454545454546,-345.45454545454595,-2.17,0.0,15550.0,15560.0,0.0,2026,3,11,2,NORMAL
2026-03-12,Kepulauan Riau,Beras Medium I,15550.0,15910.60606060606,-360.60606060606005,-2.27,0.0,15550.0,15560.0,0.0,2026,3,11,3,NORMAL
2026-03-13,Kepulauan Riau,Beras Medium I,15550.0,15912.121212121212,-362.121212121212,-2.28,0.0,15550.0,15555.0,0.0,2026,3,11,4,NORMAL
2026-03-16,Kepulauan Riau,Beras Medium I,15550.0,15924.242424242424,-374.242424242424,-2.35,0.0,15550.0,15555.0,0.0,2026,3,12,0,NORMAL
2026-03-17,Kepulauan Riau,Beras Medium I,15550.0,15934.848484848484,-384.8484848484841,-2.42,0.0,15550.0,15555.0,0.0,2026,3,12,1,NORMAL
2026-03-18,Kepulauan Riau,Beras Medium I,15450.0,15931.818181818182,-481.818181818182,-3.02,-100.0,15535.714285714286,15551.666666666666,37.796447300922836,2026,3,12,2,NORMAL
2026-03-19,Kepulauan Riau,Beras Medium I,15450.0,15930.30303030303,-480.30303030303,-3.02,0.0,15521.42857142857,15548.333333333334,48.795003647427,2026,3,12,3,NORMAL
2026-03-20,Kepulauan Riau,Beras Medium I,15450.0,15931.818181818182,-481.818181818182,-3.02,0.0,15507.142857142857,15545.0,53.45224838248557,2026,3,12,4,NORMAL
2026-03-23,Kepulauan Riau,Beras Medium I,15450.0,15933.333333333334,-483.33333333333394,-3.03,0.0,15492.857142857143,15541.666666666666,53.4522483824861,2026,3,13,0,NORMAL
2026-03-24,Kepulauan Riau,Beras Medium I,15450.0,15931.818181818182,-481.818181818182,-3.02,0.0,15478.57142857143,15538.333333333334,48.79500364742873,2026,3,13,1,NORMAL
2026-03-25,Kepulauan Riau,Beras Medium I,15550.0,15940.90909090909,-390.9090909090901,-2.45,100.0,15478.57142857143,15538.333333333334,48.79500364742873,2026,3,13,2,NORMAL
2026-03-26,Kepulauan Riau,Beras Medium I,15550.0,15942.424242424242,-392.42424242424204,-2.46,0.0,15478.57142857143,15538.333333333334,48.79500364742873,2026,3,13,3,NORMAL
2026-03-27,Kepulauan Riau,Beras Medium I,15550.0,15942.424242424242,-392.42424242424204,-2.46,0.0,15492.857142857143,15533.333333333334,53.4522483824861,2026,3,13,4,NORMAL
2026-03-30,Kepulauan Riau,Beras Medium I,15550.0,15956.060606060606,-406.060606060606,-2.54,0.0,15507.142857142857,15533.333333333334,53.45224838248557,2026,3,14,0,NORMAL
2026-03-31,Kepulauan Riau,Beras Medium I,15550.0,15960.60606060606,-410.60606060606005,-2.57,0.0,15521.42857142857,15533.333333333334,48.795003647426995,2026,3,14,1,NORMAL
2026-04-01,Kepulauan Riau,Beras Medium I,15550.0,15965.151515151516,-415.1515151515159,-2.6,0.0,15535.714285714286,15533.333333333334,37.796447300922836,2026,4,14,2,NORMAL
2026-04-02,Kepulauan Riau,Beras Medium I,15550.0,15965.151515151516,-415.1515151515159,-2.6,0.0,15550.0,15533.333333333334,0.0,2026,4,14,3,NORMAL
2026-04-03,Kepulauan Riau,Beras Medium I,15350.0,15945.454545454546,-595.454545454546,-3.73,-200.0,15521.42857142857,15526.666666666666,75.59289460184527,2026,4,14,4,NORMAL
2026-04-06,Kepulauan Riau,Beras Medium I,15550.0,15981.818181818182,-431.818181818182,-2.7,200.0,15521.42857142857,15526.666666666666,75.59289460184527,2026,4,15,0,NORMAL
2026-04-07,Kepulauan Riau,Beras Medium I,15550.0,15995.454545454546,-445.45454545454595,-2.78,0.0,15521.42857142857,15526.666666666666,75.59289460184527,2026,4,15,1,NORMAL
2026-04-08,Kepulauan Riau,Beras Medium I,15550.0,15983.333333333334,-433.33333333333394,-2.71,0.0,15521.42857142857,15526.666666666666,75.59289460184527,2026,4,15,2,NORMAL
2026-04-09,Kepulauan Riau,Beras Medium I,15550.0,15989.39393939394,-439.39393939393995,-2.75,0.0,15521.42857142857,15526.666666666666,75.59289460184527,2026,4,15,3,NORMAL
2026-04-10,Kepulauan Riau,Beras Medium I,15550.0,16010.60606060606,-460.60606060606005,-2.88,0.0,15521.42857142857,15526.666666666666,75.59289460184527,2026,4,15,4,NORMAL
2026-04-13,Kepulauan Riau,Beras Medium I,15550.0,16113.636363636364,-563.636363636364,-3.5,0.0,15521.42857142857,15526.666666666666,75.59289460184527,2026,4,16,0,NORMAL
2026-01-01,Lampung,Beras Medium I,15100.0,15869.69696969697,-769.69696969697,-4.85,,15100.0,15100.0,,2026,1,1,3,NORMAL
2026-01-02,Lampung,Beras Medium I,15100.0,15854.545454545454,-754.545454545454,-4.76,0.0,15100.0,15100.0,0.0,2026,1,1,4,NORMAL
2026-01-05,Lampung,Beras Medium I,15000.0,15843.939393939394,-843.939393939394,-5.33,-100.0,15066.666666666666,15066.666666666666,57.73502691896231,2026,1,2,0,SURPLUS
2026-01-06,Lampung,Beras Medium I,15000.0,15857.575757575758,-857.575757575758,-5.41,0.0,15050.0,15050.0,57.73502691896231,2026,1,2,1,SURPLUS
2026-01-07,Lampung,Beras Medium I,15000.0,15854.545454545454,-854.545454545454,-5.39,0.0,15040.0,15040.0,54.7722557505164,2026,1,2,2,SURPLUS
2026-01-08,Lampung,Beras Medium I,15100.0,15859.09090909091,-759.0909090909099,-4.79,100.0,15050.0,15050.0,54.77225575051644,2026,1,2,3,NORMAL
2026-01-09,Lampung,Beras Medium I,15100.0,15860.60606060606,-760.60606060606,-4.8,0.0,15057.142857142857,15057.142857142857,53.452248382484754,2026,1,2,4,NORMAL
2026-01-12,Lampung,Beras Medium I,15100.0,15848.484848484848,-748.484848484848,-4.72,0.0,15057.142857142857,15062.5,53.452248382484754,2026,1,3,0,NORMAL
2026-01-13,Lampung,Beras Medium I,15100.0,15846.969696969696,-746.9696969696961,-4.71,0.0,15057.142857142857,15066.666666666666,53.452248382484754,2026,1,3,1,NORMAL
2026-01-14,Lampung,Beras Medium I,15100.0,15848.484848484848,-748.484848484848,-4.72,0.0,15071.42857142857,15070.0,48.79500364742669,2026,1,3,2,NORMAL
2026-01-15,Lampung,Beras Medium I,15100.0,15843.939393939394,-743.939393939394,-4.7,0.0,15085.714285714286,15072.727272727272,37.796447300923184,2026,1,3,3,NORMAL
2026-01-16,Lampung,Beras Medium I,15100.0,15837.878787878788,-737.878787878788,-4.66,0.0,15100.0,15075.0,0.0,2026,1,3,4,NORMAL
2026-01-19,Lampung,Beras Medium I,15100.0,15836.363636363636,-736.363636363636,-4.65,0.0,15100.0,15076.923076923076,0.0,2026,1,4,0,NORMAL
2026-01-20,Lampung,Beras Medium I,15100.0,15836.363636363636,-736.363636363636,-4.65,0.0,15100.0,15078.57142857143,0.0,2026,1,4,1,NORMAL
2026-01-21,Lampung,Beras Medium I,15100.0,15834.848484848484,-734.8484848484841,-4.64,0.0,15100.0,15080.0,0.0,2026,1,4,2,NORMAL
2026-01-22,Lampung,Beras Medium I,15100.0,15834.848484848484,-734.8484848484841,-4.64,0.0,15100.0,15081.25,0.0,2026,1,4,3,NORMAL
2026-01-23,Lampung,Beras Medium I,15100.0,15845.454545454546,-745.454545454546,-4.7,0.0,15100.0,15082.35294117647,0.0,2026,1,4,4,NORMAL
2026-01-26,Lampung,Beras Medium I,15100.0,15843.939393939394,-743.939393939394,-4.7,0.0,15100.0,15083.333333333334,0.0,2026,1,5,0,NORMAL
2026-01-27,Lampung,Beras Medium I,15100.0,15846.969696969696,-746.9696969696961,-4.71,0.0,15100.0,15084.21052631579,0.0,2026,1,5,1,NORMAL
2026-01-28,Lampung,Beras Medium I,15100.0,15850.0,-750.0,-4.73,0.0,15100.0,15085.0,0.0,2026,1,5,2,NORMAL
2026-01-29,Lampung,Beras Medium I,15100.0,15850.0,-750.0,-4.73,0.0,15100.0,15085.714285714286,0.0,2026,1,5,3,NORMAL
2026-01-30,Lampung,Beras Medium I,15100.0,15868.181818181818,-768.181818181818,-4.84,0.0,15100.0,15086.363636363636,0.0,2026,1,5,4,NORMAL
2026-02-02,Lampung,Beras Medium I,15100.0,15872.727272727272,-772.7272727272721,-4.87,0.0,15100.0,15086.95652173913,0.0,2026,2,6,0,NORMAL
2026-02-03,Lampung,Beras Medium I,15100.0,15865.151515151516,-765.1515151515159,-4.82,0.0,15100.0,15087.5,0.0,2026,2,6,1,NORMAL
2026-02-04,Lampung,Beras Medium I,15100.0,15880.30303030303,-780.30303030303,-4.91,0.0,15100.0,15088.0,0.0,2026,2,6,2,NORMAL
2026-02-05,Lampung,Beras Medium I,15100.0,15868.181818181818,-768.181818181818,-4.84,0.0,15100.0,15088.461538461539,0.0,2026,2,6,3,NORMAL
2026-02-06,Lampung,Beras Medium I,15100.0,15866.666666666666,-766.6666666666661,-4.83,0.0,15100.0,15088.888888888889,0.0,2026,2,6,4,NORMAL
2026-02-09,Lampung,Beras Medium I,15150.0,15869.69696969697,-719.69696969697,-4.54,50.0,15107.142857142857,15091.07142857143,18.898223650461418,2026,2,7,0,NORMAL
2026-02-10,Lampung,Beras Medium I,15150.0,15869.69696969697,-719.69696969697,-4.54,0.0,15114.285714285714,15093.103448275862,24.397501823713633,2026,2,7,1,NORMAL
2026-02-11,Lampung,Beras Medium I,15150.0,15866.666666666666,-716.6666666666661,-4.52,0.0,15121.42857142857,15095.0,26.726124191242906,2026,2,7,2,NORMAL
2026-02-12,Lampung,Beras Medium I,15150.0,15874.242424242424,-724.242424242424,-4.56,0.0,15128.57142857143,15096.666666666666,26.726124191242906,2026,2,7,3,NORMAL
2026-02-13,Lampung,Beras Medium I,15150.0,15881.818181818182,-731.818181818182,-4.61,0.0,15135.714285714286,15098.333333333334,24.397501823713633,2026,2,7,4,NORMAL
2026-02-16,Lampung,Beras Medium I,15150.0,15880.30303030303,-730.30303030303,-4.6,0.0,15142.857142857143,15103.333333333334,18.898223650461418,2026,2,8,0,NORMAL
2026-02-17,Lampung,Beras Medium I,15150.0,15880.30303030303,-730.30303030303,-4.6,0.0,15150.0,15108.333333333334,0.0,2026,2,8,1,NORMAL
2026-02-18,Lampung,Beras Medium I,15150.0,15883.333333333334,-733.3333333333339,-4.62,0.0,15150.0,15113.333333333334,0.0,2026,2,8,2,NORMAL
2026-02-19,Lampung,Beras Medium I,15150.0,15884.848484848484,-734.8484848484841,-4.63,0.0,15150.0,15115.0,0.0,2026,2,8,3,NORMAL
2026-02-20,Lampung,Beras Medium I,15150.0,15880.30303030303,-730.30303030303,-4.6,0.0,15150.0,15116.666666666666,0.0,2026,2,8,4,NORMAL
2026-02-23,Lampung,Beras Medium I,15150.0,15892.424242424242,-742.424242424242,-4.67,0.0,15150.0,15118.333333333334,0.0,2026,2,9,0,NORMAL
2026-02-24,Lampung,Beras Medium I,15150.0,15892.424242424242,-742.424242424242,-4.67,0.0,15150.0,15120.0,0.0,2026,2,9,1,NORMAL
2026-02-25,Lampung,Beras Medium I,15150.0,15887.878787878788,-737.878787878788,-4.64,0.0,15150.0,15121.666666666666,0.0,2026,2,9,2,NORMAL
2026-02-26,Lampung,Beras Medium I,15150.0,15889.39393939394,-739.39393939394,-4.65,0.0,15150.0,15123.333333333334,0.0,2026,2,9,3,NORMAL
2026-02-27,Lampung,Beras Medium I,15150.0,15887.878787878788,-737.878787878788,-4.64,0.0,15150.0,15125.0,0.0,2026,2,9,4,NORMAL
2026-03-02,Lampung,Beras Medium I,15150.0,15840.90909090909,-690.9090909090901,-4.36,0.0,15150.0,15126.666666666666,0.0,2026,3,10,0,NORMAL
2026-03-03,Lampung,Beras Medium I,15150.0,15884.848484848484,-734.8484848484841,-4.63,0.0,15150.0,15128.333333333334,0.0,2026,3,10,1,NORMAL
2026-03-04,Lampung,Beras Medium I,15150.0,15890.90909090909,-740.9090909090901,-4.66,0.0,15150.0,15130.0,0.0,2026,3,10,2,NORMAL
2026-03-05,Lampung,Beras Medium I,15150.0,15892.424242424242,-742.424242424242,-4.67,0.0,15150.0,15131.666666666666,0.0,2026,3,10,3,NORMAL
2026-03-06,Lampung,Beras Medium I,15150.0,15887.878787878788,-737.878787878788,-4.64,0.0,15150.0,15133.333333333334,0.0,2026,3,10,4,NORMAL
2026-03-09,Lampung,Beras Medium I,15150.0,15887.878787878788,-737.878787878788,-4.64,0.0,15150.0,15135.0,0.0,2026,3,11,0,NORMAL
2026-03-10,Lampung,Beras Medium I,15150.0,15887.878787878788,-737.878787878788,-4.64,0.0,15150.0,15136.666666666666,0.0,2026,3,11,1,NORMAL
2026-03-11,Lampung,Beras Medium I,15150.0,15895.454545454546,-745.454545454546,-4.69,0.0,15150.0,15138.333333333334,0.0,2026,3,11,2,NORMAL
2026-03-12,Lampung,Beras Medium I,15150.0,15910.60606060606,-760.60606060606,-4.78,0.0,15150.0,15140.0,0.0,2026,3,11,3,NORMAL
2026-03-13,Lampung,Beras Medium I,15150.0,15912.121212121212,-762.121212121212,-4.79,0.0,15150.0,15141.666666666666,0.0,2026,3,11,4,NORMAL
2026-03-16,Lampung,Beras Medium I,15150.0,15924.242424242424,-774.242424242424,-4.86,0.0,15150.0,15143.333333333334,0.0,2026,3,12,0,NORMAL
2026-03-17,Lampung,Beras Medium I,15150.0,15934.848484848484,-784.8484848484841,-4.93,0.0,15150.0,15145.0,0.0,2026,3,12,1,NORMAL
2026-03-18,Lampung,Beras Medium I,15150.0,15931.818181818182,-781.818181818182,-4.91,0.0,15150.0,15146.666666666666,0.0,2026,3,12,2,NORMAL
2026-03-19,Lampung,Beras Medium I,15150.0,15930.30303030303,-780.30303030303,-4.9,0.0,15150.0,15148.333333333334,0.0,2026,3,12,3,NORMAL
2026-03-20,Lampung,Beras Medium I,15150.0,15931.818181818182,-781.818181818182,-4.91,0.0,15150.0,15150.0,0.0,2026,3,12,4,NORMAL
2026-03-23,Lampung,Beras Medium I,15150.0,15933.333333333334,-783.3333333333339,-4.92,0.0,15150.0,15150.0,0.0,2026,3,13,0,NORMAL
2026-03-24,Lampung,Beras Medium I,15150.0,15931.818181818182,-781.818181818182,-4.91,0.0,15150.0,15150.0,0.0,2026,3,13,1,NORMAL
2026-03-25,Lampung,Beras Medium I,15150.0,15940.90909090909,-790.9090909090901,-4.96,0.0,15150.0,15150.0,0.0,2026,3,13,2,NORMAL
2026-03-26,Lampung,Beras Medium I,15150.0,15942.424242424242,-792.424242424242,-4.97,0.0,15150.0,15150.0,0.0,2026,3,13,3,NORMAL
2026-03-27,Lampung,Beras Medium I,15150.0,15942.424242424242,-792.424242424242,-4.97,0.0,15150.0,15150.0,0.0,2026,3,13,4,NORMAL
2026-03-30,Lampung,Beras Medium I,15150.0,15956.060606060606,-806.060606060606,-5.05,0.0,15150.0,15150.0,0.0,2026,3,14,0,SURPLUS
2026-03-31,Lampung,Beras Medium I,15150.0,15960.60606060606,-810.60606060606,-5.08,0.0,15150.0,15150.0,0.0,2026,3,14,1,SURPLUS
2026-04-01,Lampung,Beras Medium I,15150.0,15965.151515151516,-815.1515151515159,-5.11,0.0,15150.0,15150.0,0.0,2026,4,14,2,SURPLUS
2026-04-02,Lampung,Beras Medium I,15150.0,15965.151515151516,-815.1515151515159,-5.11,0.0,15150.0,15150.0,0.0,2026,4,14,3,SURPLUS
2026-04-03,Lampung,Beras Medium I,15150.0,15945.454545454546,-795.454545454546,-4.99,0.0,15150.0,15150.0,0.0,2026,4,14,4,NORMAL
2026-04-06,Lampung,Beras Medium I,15150.0,15981.818181818182,-831.818181818182,-5.2,0.0,15150.0,15150.0,0.0,2026,4,15,0,SURPLUS
2026-04-07,Lampung,Beras Medium I,15150.0,15995.454545454546,-845.454545454546,-5.29,0.0,15150.0,15150.0,0.0,2026,4,15,1,SURPLUS
2026-04-08,Lampung,Beras Medium I,15150.0,15983.333333333334,-833.3333333333339,-5.21,0.0,15150.0,15150.0,0.0,2026,4,15,2,SURPLUS
2026-04-09,Lampung,Beras Medium I,15150.0,15989.39393939394,-839.39393939394,-5.25,0.0,15150.0,15150.0,0.0,2026,4,15,3,SURPLUS
2026-04-10,Lampung,Beras Medium I,15150.0,16010.60606060606,-860.60606060606,-5.38,0.0,15150.0,15150.0,0.0,2026,4,15,4,SURPLUS
2026-04-13,Lampung,Beras Medium I,15150.0,16113.636363636364,-963.636363636364,-5.98,0.0,15150.0,15150.0,0.0,2026,4,16,0,SURPLUS
2026-01-01,Maluku,Beras Medium I,17150.0,15869.69696969697,1280.30303030303,8.07,,17150.0,17150.0,,2026,1,1,3,DEFISIT
2026-01-02,Maluku,Beras Medium I,17150.0,15854.545454545454,1295.454545454546,8.17,0.0,17150.0,17150.0,0.0,2026,1,1,4,DEFISIT
2026-01-05,Maluku,Beras Medium I,17150.0,15843.939393939394,1306.060606060606,8.24,0.0,17150.0,17150.0,0.0,2026,1,2,0,DEFISIT
2026-01-06,Maluku,Beras Medium I,17150.0,15857.575757575758,1292.424242424242,8.15,0.0,17150.0,17150.0,0.0,2026,1,2,1,DEFISIT
2026-01-07,Maluku,Beras Medium I,17150.0,15854.545454545454,1295.454545454546,8.17,0.0,17150.0,17150.0,0.0,2026,1,2,2,DEFISIT
2026-01-08,Maluku,Beras Medium I,17150.0,15859.09090909091,1290.90909090909,8.14,0.0,17150.0,17150.0,0.0,2026,1,2,3,DEFISIT
2026-01-09,Maluku,Beras Medium I,17150.0,15860.60606060606,1289.39393939394,8.13,0.0,17150.0,17150.0,0.0,2026,1,2,4,DEFISIT
2026-01-12,Maluku,Beras Medium I,17150.0,15848.484848484848,1301.515151515152,8.21,0.0,17150.0,17150.0,0.0,2026,1,3,0,DEFISIT
2026-01-13,Maluku,Beras Medium I,17150.0,15846.969696969696,1303.030303030304,8.22,0.0,17150.0,17150.0,0.0,2026,1,3,1,DEFISIT
2026-01-14,Maluku,Beras Medium I,17150.0,15848.484848484848,1301.515151515152,8.21,0.0,17150.0,17150.0,0.0,2026,1,3,2,DEFISIT
2026-01-15,Maluku,Beras Medium I,17150.0,15843.939393939394,1306.060606060606,8.24,0.0,17150.0,17150.0,0.0,2026,1,3,3,DEFISIT
2026-01-16,Maluku,Beras Medium I,17150.0,15837.878787878788,1312.121212121212,8.28,0.0,17150.0,17150.0,0.0,2026,1,3,4,DEFISIT
2026-01-19,Maluku,Beras Medium I,17150.0,15836.363636363636,1313.636363636364,8.3,0.0,17150.0,17150.0,0.0,2026,1,4,0,DEFISIT
2026-01-20,Maluku,Beras Medium I,17150.0,15836.363636363636,1313.636363636364,8.3,0.0,17150.0,17150.0,0.0,2026,1,4,1,DEFISIT
2026-01-21,Maluku,Beras Medium I,17150.0,15834.848484848484,1315.151515151516,8.31,0.0,17150.0,17150.0,0.0,2026,1,4,2,DEFISIT
2026-01-22,Maluku,Beras Medium I,17150.0,15834.848484848484,1315.151515151516,8.31,0.0,17150.0,17150.0,0.0,2026,1,4,3,DEFISIT
2026-01-23,Maluku,Beras Medium I,17150.0,15845.454545454546,1304.545454545454,8.23,0.0,17150.0,17150.0,0.0,2026,1,4,4,DEFISIT
2026-01-26,Maluku,Beras Medium I,17150.0,15843.939393939394,1306.060606060606,8.24,0.0,17150.0,17150.0,0.0,2026,1,5,0,DEFISIT
2026-01-27,Maluku,Beras Medium I,17250.0,15846.969696969696,1403.030303030304,8.85,100.0,17164.285714285714,17155.263157894737,37.796447300922836,2026,1,5,1,DEFISIT
2026-01-28,Maluku,Beras Medium I,17250.0,15850.0,1400.0,8.83,0.0,17178.571428571428,17160.0,48.795003647427265,2026,1,5,2,DEFISIT
2026-01-29,Maluku,Beras Medium I,17250.0,15850.0,1400.0,8.83,0.0,17192.85714285714,17164.285714285714,53.45224838248581,2026,1,5,3,DEFISIT
2026-01-30,Maluku,Beras Medium I,17400.0,15868.181818181818,1531.818181818182,9.65,150.0,17228.571428571428,17175.0,90.63269671749738,2026,1,5,4,DEFISIT
2026-02-02,Maluku,Beras Medium I,17400.0,15872.727272727272,1527.272727272728,9.62,0.0,17264.285714285714,17184.782608695652,102.93317295817884,2026,2,6,0,DEFISIT
2026-02-03,Maluku,Beras Medium I,17400.0,15865.151515151516,1534.848484848484,9.67,0.0,17300.0,17193.75,100.00000000000159,2026,2,6,1,DEFISIT
2026-02-04,Maluku,Beras Medium I,17400.0,15880.30303030303,1519.69696969697,9.57,0.0,17335.714285714286,17202.0,80.17837257372926,2026,2,6,2,DEFISIT
2026-02-05,Maluku,Beras Medium I,17400.0,15868.181818181818,1531.818181818182,9.65,0.0,17357.14285714286,17209.615384615383,73.19250547114197,2026,2,6,3,DEFISIT
2026-02-06,Maluku,Beras Medium I,17400.0,15866.666666666666,1533.333333333334,9.66,0.0,17378.571428571428,17216.666666666668,56.69467095138639,2026,2,6,4,DEFISIT
2026-02-09,Maluku,Beras Medium I,17400.0,15869.69696969697,1530.30303030303,9.64,0.0,17400.0,17223.214285714286,0.0,2026,2,7,0,DEFISIT
2026-02-10,Maluku,Beras Medium I,17400.0,15869.69696969697,1530.30303030303,9.64,0.0,17400.0,17229.310344827587,0.0,2026,2,7,1,DEFISIT
2026-02-11,Maluku,Beras Medium I,17400.0,15866.666666666666,1533.333333333334,9.66,0.0,17400.0,17235.0,0.0,2026,2,7,2,DEFISIT
2026-02-12,Maluku,Beras Medium I,17400.0,15874.242424242424,1525.757575757576,9.61,0.0,17400.0,17243.333333333332,0.0,2026,2,7,3,DEFISIT
2026-02-13,Maluku,Beras Medium I,17400.0,15881.818181818182,1518.181818181818,9.56,0.0,17400.0,17251.666666666668,0.0,2026,2,7,4,DEFISIT
2026-02-16,Maluku,Beras Medium I,17400.0,15880.30303030303,1519.69696969697,9.57,0.0,17400.0,17260.0,0.0,2026,2,8,0,DEFISIT
2026-02-17,Maluku,Beras Medium I,17400.0,15880.30303030303,1519.69696969697,9.57,0.0,17400.0,17268.333333333332,0.0,2026,2,8,1,DEFISIT
2026-02-18,Maluku,Beras Medium I,17400.0,15883.333333333334,1516.666666666666,9.55,0.0,17400.0,17276.666666666668,0.0,2026,2,8,2,DEFISIT
2026-02-19,Maluku,Beras Medium I,17400.0,15884.848484848484,1515.151515151516,9.54,0.0,17400.0,17285.0,0.0,2026,2,8,3,DEFISIT
2026-02-20,Maluku,Beras Medium I,17400.0,15880.30303030303,1519.69696969697,9.57,0.0,17400.0,17293.333333333332,0.0,2026,2,8,4,DEFISIT
2026-02-23,Maluku,Beras Medium I,17400.0,15892.424242424242,1507.575757575758,9.49,0.0,17400.0,17301.666666666668,0.0,2026,2,9,0,DEFISIT
2026-02-24,Maluku,Beras Medium I,17400.0,15892.424242424242,1507.575757575758,9.49,0.0,17400.0,17310.0,0.0,2026,2,9,1,DEFISIT
2026-02-25,Maluku,Beras Medium I,17400.0,15887.878787878788,1512.121212121212,9.52,0.0,17400.0,17318.333333333332,0.0,2026,2,9,2,DEFISIT
2026-02-26,Maluku,Beras Medium I,17400.0,15889.39393939394,1510.60606060606,9.51,0.0,17400.0,17326.666666666668,0.0,2026,2,9,3,DEFISIT
2026-02-27,Maluku,Beras Medium I,17400.0,15887.878787878788,1512.121212121212,9.52,0.0,17400.0,17335.0,0.0,2026,2,9,4,DEFISIT
2026-03-02,Maluku,Beras Medium I,17400.0,15840.90909090909,1559.09090909091,9.84,0.0,17400.0,17343.333333333332,0.0,2026,3,10,0,DEFISIT
2026-03-03,Maluku,Beras Medium I,17400.0,15884.848484848484,1515.151515151516,9.54,0.0,17400.0,17351.666666666668,0.0,2026,3,10,1,DEFISIT
2026-03-04,Maluku,Beras Medium I,17400.0,15890.90909090909,1509.09090909091,9.5,0.0,17400.0,17360.0,0.0,2026,3,10,2,DEFISIT
2026-03-05,Maluku,Beras Medium I,17400.0,15892.424242424242,1507.575757575758,9.49,0.0,17400.0,17368.333333333332,0.0,2026,3,10,3,DEFISIT
2026-03-06,Maluku,Beras Medium I,17400.0,15887.878787878788,1512.121212121212,9.52,0.0,17400.0,17376.666666666668,0.0,2026,3,10,4,DEFISIT
2026-03-09,Maluku,Beras Medium I,17400.0,15887.878787878788,1512.121212121212,9.52,0.0,17400.0,17385.0,0.0,2026,3,11,0,DEFISIT
2026-03-10,Maluku,Beras Medium I,17400.0,15887.878787878788,1512.121212121212,9.52,0.0,17400.0,17390.0,0.0,2026,3,11,1,DEFISIT
2026-03-11,Maluku,Beras Medium I,17450.0,15895.454545454546,1554.545454545454,9.78,50.0,17407.14285714286,17396.666666666668,18.898223650461016,2026,3,11,2,DEFISIT
2026-03-12,Maluku,Beras Medium I,17450.0,15910.60606060606,1539.39393939394,9.68,0.0,17414.285714285714,17403.333333333332,24.397501823712222,2026,3,11,3,DEFISIT
2026-03-13,Maluku,Beras Medium I,17450.0,15912.121212121212,1537.878787878788,9.66,0.0,17421.428571428572,17405.0,26.726124191240128,2026,3,11,4,DEFISIT
2026-03-16,Maluku,Beras Medium I,17450.0,15924.242424242424,1525.757575757576,9.58,0.0,17428.571428571428,17406.666666666668,26.726124191238306,2026,3,12,0,DEFISIT
2026-03-17,Maluku,Beras Medium I,17450.0,15934.848484848484,1515.151515151516,9.51,0.0,17435.714285714286,17408.333333333332,24.397501823706968,2026,3,12,1,DEFISIT
2026-03-18,Maluku,Beras Medium I,17450.0,15931.818181818182,1518.181818181818,9.53,0.0,17442.85714285714,17410.0,18.898223650451257,2026,3,12,2,DEFISIT
2026-03-19,Maluku,Beras Medium I,17450.0,15930.30303030303,1519.69696969697,9.54,0.0,17450.0,17411.666666666668,0.0,2026,3,12,3,DEFISIT
2026-03-20,Maluku,Beras Medium I,17450.0,15931.818181818182,1518.181818181818,9.53,0.0,17450.0,17413.333333333332,0.0,2026,3,12,4,DEFISIT
2026-03-23,Maluku,Beras Medium I,17500.0,15933.333333333334,1566.666666666666,9.83,50.0,17457.14285714286,17416.666666666668,18.898223650461016,2026,3,13,0,DEFISIT
2026-03-24,Maluku,Beras Medium I,17450.0,15931.818181818182,1518.181818181818,9.53,-50.0,17457.14285714286,17418.333333333332,18.898223650461016,2026,3,13,1,DEFISIT
2026-03-25,Maluku,Beras Medium I,17450.0,15940.90909090909,1509.09090909091,9.47,0.0,17457.14285714286,17420.0,18.898223650461016,2026,3,13,2,DEFISIT
2026-03-26,Maluku,Beras Medium I,17450.0,15942.424242424242,1507.575757575758,9.46,0.0,17457.14285714286,17421.666666666668,18.898223650461016,2026,3,13,3,DEFISIT
2026-03-27,Maluku,Beras Medium I,17450.0,15942.424242424242,1507.575757575758,9.46,0.0,17457.14285714286,17423.333333333332,18.898223650461016,2026,3,13,4,DEFISIT
2026-03-30,Maluku,Beras Medium I,17450.0,15956.060606060606,1493.939393939394,9.36,0.0,17457.14285714286,17425.0,18.898223650461016,2026,3,14,0,DEFISIT
2026-03-31,Maluku,Beras Medium I,17450.0,15960.60606060606,1489.39393939394,9.33,0.0,17457.14285714286,17426.666666666668,18.898223650461016,2026,3,14,1,DEFISIT
2026-04-01,Maluku,Beras Medium I,17450.0,15965.151515151516,1484.848484848484,9.3,0.0,17450.0,17428.333333333332,0.0,2026,4,14,2,DEFISIT
2026-04-02,Maluku,Beras Medium I,17450.0,15965.151515151516,1484.848484848484,9.3,0.0,17450.0,17430.0,0.0,2026,4,14,3,DEFISIT
2026-04-03,Maluku,Beras Medium I,17450.0,15945.454545454546,1504.545454545454,9.44,0.0,17450.0,17431.666666666668,0.0,2026,4,14,4,DEFISIT
2026-04-06,Maluku,Beras Medium I,17450.0,15981.818181818182,1468.181818181818,9.19,0.0,17450.0,17433.333333333332,0.0,2026,4,15,0,DEFISIT
2026-04-07,Maluku,Beras Medium I,17450.0,15995.454545454546,1454.545454545454,9.09,0.0,17450.0,17435.0,0.0,2026,4,15,1,DEFISIT
2026-04-08,Maluku,Beras Medium I,17450.0,15983.333333333334,1466.666666666666,9.18,0.0,17450.0,17436.666666666668,0.0,2026,4,15,2,DEFISIT
2026-04-09,Maluku,Beras Medium I,17450.0,15989.39393939394,1460.60606060606,9.13,0.0,17450.0,17438.333333333332,0.0,2026,4,15,3,DEFISIT
2026-04-10,Maluku,Beras Medium I,17450.0,16010.60606060606,1439.39393939394,8.99,0.0,17450.0,17440.0,0.0,2026,4,15,4,DEFISIT
2026-04-13,Maluku,Beras Medium I,17450.0,16113.636363636364,1336.363636363636,8.29,0.0,17450.0,17441.666666666668,0.0,2026,4,16,0,DEFISIT
2026-01-01,Maluku Utara,Beras Medium I,17750.0,15869.69696969697,1880.30303030303,11.85,,17750.0,17750.0,,2026,1,1,3,DEFISIT
2026-01-02,Maluku Utara,Beras Medium I,17750.0,15854.545454545454,1895.454545454546,11.96,0.0,17750.0,17750.0,0.0,2026,1,1,4,DEFISIT
2026-01-05,Maluku Utara,Beras Medium I,17750.0,15843.939393939394,1906.060606060606,12.03,0.0,17750.0,17750.0,0.0,2026,1,2,0,DEFISIT
2026-01-06,Maluku Utara,Beras Medium I,17750.0,15857.575757575758,1892.424242424242,11.93,0.0,17750.0,17750.0,0.0,2026,1,2,1,DEFISIT
2026-01-07,Maluku Utara,Beras Medium I,17750.0,15854.545454545454,1895.454545454546,11.96,0.0,17750.0,17750.0,0.0,2026,1,2,2,DEFISIT
2026-01-08,Maluku Utara,Beras Medium I,17750.0,15859.09090909091,1890.90909090909,11.92,0.0,17750.0,17750.0,0.0,2026,1,2,3,DEFISIT
2026-01-09,Maluku Utara,Beras Medium I,17750.0,15860.60606060606,1889.39393939394,11.91,0.0,17750.0,17750.0,0.0,2026,1,2,4,DEFISIT
2026-01-12,Maluku Utara,Beras Medium I,17750.0,15848.484848484848,1901.515151515152,12.0,0.0,17750.0,17750.0,0.0,2026,1,3,0,DEFISIT
2026-01-13,Maluku Utara,Beras Medium I,17750.0,15846.969696969696,1903.030303030304,12.01,0.0,17750.0,17750.0,0.0,2026,1,3,1,DEFISIT
2026-01-14,Maluku Utara,Beras Medium I,17750.0,15848.484848484848,1901.515151515152,12.0,0.0,17750.0,17750.0,0.0,2026,1,3,2,DEFISIT
2026-01-15,Maluku Utara,Beras Medium I,17750.0,15843.939393939394,1906.060606060606,12.03,0.0,17750.0,17750.0,0.0,2026,1,3,3,DEFISIT
2026-01-16,Maluku Utara,Beras Medium I,17750.0,15837.878787878788,1912.121212121212,12.07,0.0,17750.0,17750.0,0.0,2026,1,3,4,DEFISIT
2026-01-19,Maluku Utara,Beras Medium I,17750.0,15836.363636363636,1913.636363636364,12.08,0.0,17750.0,17750.0,0.0,2026,1,4,0,DEFISIT
2026-01-20,Maluku Utara,Beras Medium I,17750.0,15836.363636363636,1913.636363636364,12.08,0.0,17750.0,17750.0,0.0,2026,1,4,1,DEFISIT
2026-01-21,Maluku Utara,Beras Medium I,17750.0,15834.848484848484,1915.151515151516,12.09,0.0,17750.0,17750.0,0.0,2026,1,4,2,DEFISIT
2026-01-22,Maluku Utara,Beras Medium I,17750.0,15834.848484848484,1915.151515151516,12.09,0.0,17750.0,17750.0,0.0,2026,1,4,3,DEFISIT
2026-01-23,Maluku Utara,Beras Medium I,17750.0,15845.454545454546,1904.545454545454,12.02,0.0,17750.0,17750.0,0.0,2026,1,4,4,DEFISIT
2026-01-26,Maluku Utara,Beras Medium I,17750.0,15843.939393939394,1906.060606060606,12.03,0.0,17750.0,17750.0,0.0,2026,1,5,0,DEFISIT
2026-01-27,Maluku Utara,Beras Medium I,17750.0,15846.969696969696,1903.030303030304,12.01,0.0,17750.0,17750.0,0.0,2026,1,5,1,DEFISIT
2026-01-28,Maluku Utara,Beras Medium I,17750.0,15850.0,1900.0,11.99,0.0,17750.0,17750.0,0.0,2026,1,5,2,DEFISIT
2026-01-29,Maluku Utara,Beras Medium I,17750.0,15850.0,1900.0,11.99,0.0,17750.0,17750.0,0.0,2026,1,5,3,DEFISIT
2026-01-30,Maluku Utara,Beras Medium I,17750.0,15868.181818181818,1881.818181818182,11.86,0.0,17750.0,17750.0,0.0,2026,1,5,4,DEFISIT
2026-02-02,Maluku Utara,Beras Medium I,17750.0,15872.727272727272,1877.272727272728,11.83,0.0,17750.0,17750.0,0.0,2026,2,6,0,DEFISIT
2026-02-03,Maluku Utara,Beras Medium I,17750.0,15865.151515151516,1884.848484848484,11.88,0.0,17750.0,17750.0,0.0,2026,2,6,1,DEFISIT
2026-02-04,Maluku Utara,Beras Medium I,17750.0,15880.30303030303,1869.69696969697,11.77,0.0,17750.0,17750.0,0.0,2026,2,6,2,DEFISIT
2026-02-05,Maluku Utara,Beras Medium I,17750.0,15868.181818181818,1881.818181818182,11.86,0.0,17750.0,17750.0,0.0,2026,2,6,3,DEFISIT
2026-02-06,Maluku Utara,Beras Medium I,17500.0,15866.666666666666,1633.333333333334,10.29,-250.0,17714.285714285714,17740.74074074074,94.49111825230669,2026,2,6,4,DEFISIT
2026-02-09,Maluku Utara,Beras Medium I,17500.0,15869.69696969697,1630.30303030303,10.27,0.0,17678.571428571428,17732.14285714286,121.98750911856621,2026,2,7,0,DEFISIT
2026-02-10,Maluku Utara,Beras Medium I,17500.0,15869.69696969697,1630.30303030303,10.27,0.0,17642.85714285714,17724.137931034482,133.63062095621126,2026,2,7,1,DEFISIT
2026-02-11,Maluku Utara,Beras Medium I,17500.0,15866.666666666666,1633.333333333334,10.29,0.0,17607.14285714286,17716.666666666668,133.63062095621126,2026,2,7,2,DEFISIT
2026-02-12,Maluku Utara,Beras Medium I,17500.0,15874.242424242424,1625.757575757576,10.24,0.0,17571.428571428572,17708.333333333332,121.98750911856621,2026,2,7,3,DEFISIT
2026-02-13,Maluku Utara,Beras Medium I,17500.0,15881.818181818182,1618.181818181818,10.19,0.0,17535.714285714286,17700.0,94.49111825230669,2026,2,7,4,DEFISIT
2026-02-16,Maluku Utara,Beras Medium I,17500.0,15880.30303030303,1619.69696969697,10.2,0.0,17500.0,17691.666666666668,0.0,2026,2,8,0,DEFISIT
2026-02-17,Maluku Utara,Beras Medium I,17500.0,15880.30303030303,1619.69696969697,10.2,0.0,17500.0,17683.333333333332,0.0,2026,2,8,1,DEFISIT
2026-02-18,Maluku Utara,Beras Medium I,17500.0,15883.333333333334,1616.666666666666,10.18,0.0,17500.0,17675.0,0.0,2026,2,8,2,DEFISIT
2026-02-19,Maluku Utara,Beras Medium I,17500.0,15884.848484848484,1615.151515151516,10.17,0.0,17500.0,17666.666666666668,0.0,2026,2,8,3,DEFISIT
2026-02-20,Maluku Utara,Beras Medium I,17500.0,15880.30303030303,1619.69696969697,10.2,0.0,17500.0,17658.333333333332,0.0,2026,2,8,4,DEFISIT
2026-02-23,Maluku Utara,Beras Medium I,17500.0,15892.424242424242,1607.575757575758,10.12,0.0,17500.0,17650.0,0.0,2026,2,9,0,DEFISIT
2026-02-24,Maluku Utara,Beras Medium I,17500.0,15892.424242424242,1607.575757575758,10.12,0.0,17500.0,17641.666666666668,0.0,2026,2,9,1,DEFISIT
2026-02-25,Maluku Utara,Beras Medium I,17500.0,15887.878787878788,1612.121212121212,10.15,0.0,17500.0,17633.333333333332,0.0,2026,2,9,2,DEFISIT
2026-02-26,Maluku Utara,Beras Medium I,17500.0,15889.39393939394,1610.60606060606,10.14,0.0,17500.0,17625.0,0.0,2026,2,9,3,DEFISIT
2026-02-27,Maluku Utara,Beras Medium I,17500.0,15887.878787878788,1612.121212121212,10.15,0.0,17500.0,17616.666666666668,0.0,2026,2,9,4,DEFISIT
2026-03-02,Maluku Utara,Beras Medium I,17500.0,15840.90909090909,1659.09090909091,10.47,0.0,17500.0,17608.333333333332,0.0,2026,3,10,0,DEFISIT
2026-03-03,Maluku Utara,Beras Medium I,17500.0,15884.848484848484,1615.151515151516,10.17,0.0,17500.0,17600.0,0.0,2026,3,10,1,DEFISIT
2026-03-04,Maluku Utara,Beras Medium I,17500.0,15890.90909090909,1609.09090909091,10.13,0.0,17500.0,17591.666666666668,0.0,2026,3,10,2,DEFISIT
2026-03-05,Maluku Utara,Beras Medium I,17500.0,15892.424242424242,1607.575757575758,10.12,0.0,17500.0,17583.333333333332,0.0,2026,3,10,3,DEFISIT
2026-03-06,Maluku Utara,Beras Medium I,17500.0,15887.878787878788,1612.121212121212,10.15,0.0,17500.0,17575.0,0.0,2026,3,10,4,DEFISIT
2026-03-09,Maluku Utara,Beras Medium I,17500.0,15887.878787878788,1612.121212121212,10.15,0.0,17500.0,17566.666666666668,0.0,2026,3,11,0,DEFISIT
2026-03-10,Maluku Utara,Beras Medium I,17500.0,15887.878787878788,1612.121212121212,10.15,0.0,17500.0,17558.333333333332,0.0,2026,3,11,1,DEFISIT
2026-03-11,Maluku Utara,Beras Medium I,17500.0,15895.454545454546,1604.545454545454,10.09,0.0,17500.0,17550.0,0.0,2026,3,11,2,DEFISIT
2026-03-12,Maluku Utara,Beras Medium I,17500.0,15910.60606060606,1589.39393939394,9.99,0.0,17500.0,17541.666666666668,0.0,2026,3,11,3,DEFISIT
2026-03-13,Maluku Utara,Beras Medium I,17500.0,15912.121212121212,1587.878787878788,9.98,0.0,17500.0,17533.333333333332,0.0,2026,3,11,4,DEFISIT
2026-03-16,Maluku Utara,Beras Medium I,17750.0,15924.242424242424,1825.757575757576,11.47,250.0,17535.714285714286,17533.333333333332,94.49111825230669,2026,3,12,0,DEFISIT
2026-03-17,Maluku Utara,Beras Medium I,17750.0,15934.848484848484,1815.151515151516,11.39,0.0,17571.428571428572,17533.333333333332,121.98750911856621,2026,3,12,1,DEFISIT
2026-03-18,Maluku Utara,Beras Medium I,17750.0,15931.818181818182,1818.181818181818,11.41,0.0,17607.14285714286,17533.333333333332,133.63062095621126,2026,3,12,2,DEFISIT
2026-03-19,Maluku Utara,Beras Medium I,17750.0,15930.30303030303,1819.69696969697,11.42,0.0,17642.85714285714,17533.333333333332,133.63062095621126,2026,3,12,3,DEFISIT
2026-03-20,Maluku Utara,Beras Medium I,17750.0,15931.818181818182,1818.181818181818,11.41,0.0,17678.571428571428,17541.666666666668,121.98750911856621,2026,3,12,4,DEFISIT
2026-03-23,Maluku Utara,Beras Medium I,17750.0,15933.333333333334,1816.666666666666,11.4,0.0,17714.285714285714,17550.0,94.49111825230669,2026,3,13,0,DEFISIT
2026-03-24,Maluku Utara,Beras Medium I,17750.0,15931.818181818182,1818.181818181818,11.41,0.0,17750.0,17558.333333333332,0.0,2026,3,13,1,DEFISIT
2026-03-25,Maluku Utara,Beras Medium I,17750.0,15940.90909090909,1809.09090909091,11.35,0.0,17750.0,17566.666666666668,0.0,2026,3,13,2,DEFISIT
2026-03-26,Maluku Utara,Beras Medium I,17750.0,15942.424242424242,1807.575757575758,11.34,0.0,17750.0,17575.0,0.0,2026,3,13,3,DEFISIT
2026-03-27,Maluku Utara,Beras Medium I,17750.0,15942.424242424242,1807.575757575758,11.34,0.0,17750.0,17583.333333333332,0.0,2026,3,13,4,DEFISIT
2026-03-30,Maluku Utara,Beras Medium I,18000.0,15956.060606060606,2043.939393939394,12.81,250.0,17785.714285714286,17600.0,94.49111825230669,2026,3,14,0,DEFISIT
2026-03-31,Maluku Utara,Beras Medium I,18000.0,15960.60606060606,2039.39393939394,12.78,0.0,17821.428571428572,17616.666666666668,121.98750911856621,2026,3,14,1,DEFISIT
2026-04-01,Maluku Utara,Beras Medium I,18000.0,15965.151515151516,2034.848484848484,12.75,0.0,17857.14285714286,17633.333333333332,133.63062095621126,2026,4,14,2,DEFISIT
2026-04-02,Maluku Utara,Beras Medium I,18000.0,15965.151515151516,2034.848484848484,12.75,0.0,17892.85714285714,17650.0,133.63062095621126,2026,4,14,3,DEFISIT
2026-04-03,Maluku Utara,Beras Medium I,18000.0,15945.454545454546,2054.545454545454,12.88,0.0,17928.571428571428,17666.666666666668,121.98750911856621,2026,4,14,4,DEFISIT
2026-04-06,Maluku Utara,Beras Medium I,18000.0,15981.818181818182,2018.181818181818,12.63,0.0,17964.285714285714,17683.333333333332,94.49111825230669,2026,4,15,0,DEFISIT
2026-04-07,Maluku Utara,Beras Medium I,18000.0,15995.454545454546,2004.545454545454,12.53,0.0,18000.0,17700.0,0.0,2026,4,15,1,DEFISIT
2026-04-08,Maluku Utara,Beras Medium I,18000.0,15983.333333333334,2016.666666666666,12.62,0.0,18000.0,17716.666666666668,0.0,2026,4,15,2,DEFISIT
2026-04-09,Maluku Utara,Beras Medium I,18000.0,15989.39393939394,2010.60606060606,12.57,0.0,18000.0,17733.333333333332,0.0,2026,4,15,3,DEFISIT
2026-04-10,Maluku Utara,Beras Medium I,18000.0,16010.60606060606,1989.39393939394,12.43,0.0,18000.0,17750.0,0.0,2026,4,15,4,DEFISIT
2026-04-13,Maluku Utara,Beras Medium I,18000.0,16113.636363636364,1886.363636363636,11.71,0.0,18000.0,17766.666666666668,0.0,2026,4,16,0,DEFISIT
2026-01-01,Nusa Tenggara Barat,Beras Medium I,13650.0,15869.69696969697,-2219.69696969697,-13.99,,13650.0,13650.0,,2026,1,1,3,SURPLUS
2026-01-02,Nusa Tenggara Barat,Beras Medium I,13650.0,15854.545454545454,-2204.545454545454,-13.9,0.0,13650.0,13650.0,0.0,2026,1,1,4,SURPLUS
2026-01-05,Nusa Tenggara Barat,Beras Medium I,13650.0,15843.939393939394,-2193.939393939394,-13.85,0.0,13650.0,13650.0,0.0,2026,1,2,0,SURPLUS
2026-01-06,Nusa Tenggara Barat,Beras Medium I,13650.0,15857.575757575758,-2207.575757575758,-13.92,0.0,13650.0,13650.0,0.0,2026,1,2,1,SURPLUS
2026-01-07,Nusa Tenggara Barat,Beras Medium I,13650.0,15854.545454545454,-2204.545454545454,-13.9,0.0,13650.0,13650.0,0.0,2026,1,2,2,SURPLUS
2026-01-08,Nusa Tenggara Barat,Beras Medium I,13650.0,15859.09090909091,-2209.09090909091,-13.93,0.0,13650.0,13650.0,0.0,2026,1,2,3,SURPLUS
2026-01-09,Nusa Tenggara Barat,Beras Medium I,13650.0,15860.60606060606,-2210.60606060606,-13.94,0.0,13650.0,13650.0,0.0,2026,1,2,4,SURPLUS
2026-01-12,Nusa Tenggara Barat,Beras Medium I,13650.0,15848.484848484848,-2198.484848484848,-13.87,0.0,13650.0,13650.0,0.0,2026,1,3,0,SURPLUS
2026-01-13,Nusa Tenggara Barat,Beras Medium I,13650.0,15846.969696969696,-2196.969696969696,-13.86,0.0,13650.0,13650.0,0.0,2026,1,3,1,SURPLUS
2026-01-14,Nusa Tenggara Barat,Beras Medium I,13650.0,15848.484848484848,-2198.484848484848,-13.87,0.0,13650.0,13650.0,0.0,2026,1,3,2,SURPLUS
2026-01-15,Nusa Tenggara Barat,Beras Medium I,13650.0,15843.939393939394,-2193.939393939394,-13.85,0.0,13650.0,13650.0,0.0,2026,1,3,3,SURPLUS
2026-01-16,Nusa Tenggara Barat,Beras Medium I,13650.0,15837.878787878788,-2187.878787878788,-13.81,0.0,13650.0,13650.0,0.0,2026,1,3,4,SURPLUS
2026-01-19,Nusa Tenggara Barat,Beras Medium I,13650.0,15836.363636363636,-2186.363636363636,-13.81,0.0,13650.0,13650.0,0.0,2026,1,4,0,SURPLUS
2026-01-20,Nusa Tenggara Barat,Beras Medium I,13650.0,15836.363636363636,-2186.363636363636,-13.81,0.0,13650.0,13650.0,0.0,2026,1,4,1,SURPLUS
2026-01-21,Nusa Tenggara Barat,Beras Medium I,13650.0,15834.848484848484,-2184.848484848484,-13.8,0.0,13650.0,13650.0,0.0,2026,1,4,2,SURPLUS
2026-01-22,Nusa Tenggara Barat,Beras Medium I,13650.0,15834.848484848484,-2184.848484848484,-13.8,0.0,13650.0,13650.0,0.0,2026,1,4,3,SURPLUS
2026-01-23,Nusa Tenggara Barat,Beras Medium I,13650.0,15845.454545454546,-2195.454545454546,-13.86,0.0,13650.0,13650.0,0.0,2026,1,4,4,SURPLUS
2026-01-26,Nusa Tenggara Barat,Beras Medium I,13650.0,15843.939393939394,-2193.939393939394,-13.85,0.0,13650.0,13650.0,0.0,2026,1,5,0,SURPLUS
2026-01-27,Nusa Tenggara Barat,Beras Medium I,13650.0,15846.969696969696,-2196.969696969696,-13.86,0.0,13650.0,13650.0,0.0,2026,1,5,1,SURPLUS
2026-01-28,Nusa Tenggara Barat,Beras Medium I,13650.0,15850.0,-2200.0,-13.88,0.0,13650.0,13650.0,0.0,2026,1,5,2,SURPLUS
2026-01-29,Nusa Tenggara Barat,Beras Medium I,13650.0,15850.0,-2200.0,-13.88,0.0,13650.0,13650.0,0.0,2026,1,5,3,SURPLUS
2026-01-30,Nusa Tenggara Barat,Beras Medium I,13650.0,15868.181818181818,-2218.181818181818,-13.98,0.0,13650.0,13650.0,0.0,2026,1,5,4,SURPLUS
2026-02-02,Nusa Tenggara Barat,Beras Medium I,13650.0,15872.727272727272,-2222.727272727272,-14.0,0.0,13650.0,13650.0,0.0,2026,2,6,0,SURPLUS
2026-02-03,Nusa Tenggara Barat,Beras Medium I,13650.0,15865.151515151516,-2215.151515151516,-13.96,0.0,13650.0,13650.0,0.0,2026,2,6,1,SURPLUS
2026-02-04,Nusa Tenggara Barat,Beras Medium I,13650.0,15880.30303030303,-2230.30303030303,-14.04,0.0,13650.0,13650.0,0.0,2026,2,6,2,SURPLUS
2026-02-05,Nusa Tenggara Barat,Beras Medium I,13650.0,15868.181818181818,-2218.181818181818,-13.98,0.0,13650.0,13650.0,0.0,2026,2,6,3,SURPLUS
2026-02-06,Nusa Tenggara Barat,Beras Medium I,13650.0,15866.666666666666,-2216.666666666666,-13.97,0.0,13650.0,13650.0,0.0,2026,2,6,4,SURPLUS
2026-02-09,Nusa Tenggara Barat,Beras Medium I,13650.0,15869.69696969697,-2219.69696969697,-13.99,0.0,13650.0,13650.0,0.0,2026,2,7,0,SURPLUS
2026-02-10,Nusa Tenggara Barat,Beras Medium I,13650.0,15869.69696969697,-2219.69696969697,-13.99,0.0,13650.0,13650.0,0.0,2026,2,7,1,SURPLUS
2026-02-11,Nusa Tenggara Barat,Beras Medium I,13650.0,15866.666666666666,-2216.666666666666,-13.97,0.0,13650.0,13650.0,0.0,2026,2,7,2,SURPLUS
2026-02-12,Nusa Tenggara Barat,Beras Medium I,13650.0,15874.242424242424,-2224.242424242424,-14.01,0.0,13650.0,13650.0,0.0,2026,2,7,3,SURPLUS
2026-02-13,Nusa Tenggara Barat,Beras Medium I,13650.0,15881.818181818182,-2231.818181818182,-14.05,0.0,13650.0,13650.0,0.0,2026,2,7,4,SURPLUS
2026-02-16,Nusa Tenggara Barat,Beras Medium I,13650.0,15880.30303030303,-2230.30303030303,-14.04,0.0,13650.0,13650.0,0.0,2026,2,8,0,SURPLUS
2026-02-17,Nusa Tenggara Barat,Beras Medium I,13650.0,15880.30303030303,-2230.30303030303,-14.04,0.0,13650.0,13650.0,0.0,2026,2,8,1,SURPLUS
2026-02-18,Nusa Tenggara Barat,Beras Medium I,13650.0,15883.333333333334,-2233.333333333334,-14.06,0.0,13650.0,13650.0,0.0,2026,2,8,2,SURPLUS
2026-02-19,Nusa Tenggara Barat,Beras Medium I,13650.0,15884.848484848484,-2234.848484848484,-14.07,0.0,13650.0,13650.0,0.0,2026,2,8,3,SURPLUS
2026-02-20,Nusa Tenggara Barat,Beras Medium I,13650.0,15880.30303030303,-2230.30303030303,-14.04,0.0,13650.0,13650.0,0.0,2026,2,8,4,SURPLUS
2026-02-23,Nusa Tenggara Barat,Beras Medium I,13650.0,15892.424242424242,-2242.424242424242,-14.11,0.0,13650.0,13650.0,0.0,2026,2,9,0,SURPLUS
2026-02-24,Nusa Tenggara Barat,Beras Medium I,13650.0,15892.424242424242,-2242.424242424242,-14.11,0.0,13650.0,13650.0,0.0,2026,2,9,1,SURPLUS
2026-02-25,Nusa Tenggara Barat,Beras Medium I,13650.0,15887.878787878788,-2237.878787878788,-14.09,0.0,13650.0,13650.0,0.0,2026,2,9,2,SURPLUS
2026-02-26,Nusa Tenggara Barat,Beras Medium I,13650.0,15889.39393939394,-2239.39393939394,-14.09,0.0,13650.0,13650.0,0.0,2026,2,9,3,SURPLUS
2026-02-27,Nusa Tenggara Barat,Beras Medium I,13650.0,15887.878787878788,-2237.878787878788,-14.09,0.0,13650.0,13650.0,0.0,2026,2,9,4,SURPLUS
2026-03-02,Nusa Tenggara Barat,Beras Medium I,13650.0,15840.90909090909,-2190.90909090909,-13.83,0.0,13650.0,13650.0,0.0,2026,3,10,0,SURPLUS
2026-03-03,Nusa Tenggara Barat,Beras Medium I,13650.0,15884.848484848484,-2234.848484848484,-14.07,0.0,13650.0,13650.0,0.0,2026,3,10,1,SURPLUS
2026-03-04,Nusa Tenggara Barat,Beras Medium I,13650.0,15890.90909090909,-2240.90909090909,-14.1,0.0,13650.0,13650.0,0.0,2026,3,10,2,SURPLUS
2026-03-05,Nusa Tenggara Barat,Beras Medium I,13650.0,15892.424242424242,-2242.424242424242,-14.11,0.0,13650.0,13650.0,0.0,2026,3,10,3,SURPLUS
2026-03-06,Nusa Tenggara Barat,Beras Medium I,13650.0,15887.878787878788,-2237.878787878788,-14.09,0.0,13650.0,13650.0,0.0,2026,3,10,4,SURPLUS
2026-03-09,Nusa Tenggara Barat,Beras Medium I,13650.0,15887.878787878788,-2237.878787878788,-14.09,0.0,13650.0,13650.0,0.0,2026,3,11,0,SURPLUS
2026-03-10,Nusa Tenggara Barat,Beras Medium I,13650.0,15887.878787878788,-2237.878787878788,-14.09,0.0,13650.0,13650.0,0.0,2026,3,11,1,SURPLUS
2026-03-11,Nusa Tenggara Barat,Beras Medium I,13650.0,15895.454545454546,-2245.454545454546,-14.13,0.0,13650.0,13650.0,0.0,2026,3,11,2,SURPLUS
2026-03-12,Nusa Tenggara Barat,Beras Medium I,13650.0,15910.60606060606,-2260.60606060606,-14.21,0.0,13650.0,13650.0,0.0,2026,3,11,3,SURPLUS
2026-03-13,Nusa Tenggara Barat,Beras Medium I,13650.0,15912.121212121212,-2262.121212121212,-14.22,0.0,13650.0,13650.0,0.0,2026,3,11,4,SURPLUS
2026-03-16,Nusa Tenggara Barat,Beras Medium I,13650.0,15924.242424242424,-2274.242424242424,-14.28,0.0,13650.0,13650.0,0.0,2026,3,12,0,SURPLUS
2026-03-17,Nusa Tenggara Barat,Beras Medium I,13650.0,15934.848484848484,-2284.848484848484,-14.34,0.0,13650.0,13650.0,0.0,2026,3,12,1,SURPLUS
2026-03-18,Nusa Tenggara Barat,Beras Medium I,13650.0,15931.818181818182,-2281.818181818182,-14.32,0.0,13650.0,13650.0,0.0,2026,3,12,2,SURPLUS
2026-03-19,Nusa Tenggara Barat,Beras Medium I,13650.0,15930.30303030303,-2280.30303030303,-14.31,0.0,13650.0,13650.0,0.0,2026,3,12,3,SURPLUS
2026-03-20,Nusa Tenggara Barat,Beras Medium I,13650.0,15931.818181818182,-2281.818181818182,-14.32,0.0,13650.0,13650.0,0.0,2026,3,12,4,SURPLUS
2026-03-23,Nusa Tenggara Barat,Beras Medium I,13650.0,15933.333333333334,-2283.333333333334,-14.33,0.0,13650.0,13650.0,0.0,2026,3,13,0,SURPLUS
2026-03-24,Nusa Tenggara Barat,Beras Medium I,13650.0,15931.818181818182,-2281.818181818182,-14.32,0.0,13650.0,13650.0,0.0,2026,3,13,1,SURPLUS
2026-03-25,Nusa Tenggara Barat,Beras Medium I,13650.0,15940.90909090909,-2290.90909090909,-14.37,0.0,13650.0,13650.0,0.0,2026,3,13,2,SURPLUS
2026-03-26,Nusa Tenggara Barat,Beras Medium I,13650.0,15942.424242424242,-2292.424242424242,-14.38,0.0,13650.0,13650.0,0.0,2026,3,13,3,SURPLUS
2026-03-27,Nusa Tenggara Barat,Beras Medium I,13650.0,15942.424242424242,-2292.424242424242,-14.38,0.0,13650.0,13650.0,0.0,2026,3,13,4,SURPLUS
2026-03-30,Nusa Tenggara Barat,Beras Medium I,13650.0,15956.060606060606,-2306.060606060606,-14.45,0.0,13650.0,13650.0,0.0,2026,3,14,0,SURPLUS
2026-03-31,Nusa Tenggara Barat,Beras Medium I,13650.0,15960.60606060606,-2310.60606060606,-14.48,0.0,13650.0,13650.0,0.0,2026,3,14,1,SURPLUS
2026-04-01,Nusa Tenggara Barat,Beras Medium I,13650.0,15965.151515151516,-2315.151515151516,-14.5,0.0,13650.0,13650.0,0.0,2026,4,14,2,SURPLUS
2026-04-02,Nusa Tenggara Barat,Beras Medium I,13650.0,15965.151515151516,-2315.151515151516,-14.5,0.0,13650.0,13650.0,0.0,2026,4,14,3,SURPLUS
2026-04-03,Nusa Tenggara Barat,Beras Medium I,13650.0,15945.454545454546,-2295.454545454546,-14.4,0.0,13650.0,13650.0,0.0,2026,4,14,4,SURPLUS
2026-04-06,Nusa Tenggara Barat,Beras Medium I,13650.0,15981.818181818182,-2331.818181818182,-14.59,0.0,13650.0,13650.0,0.0,2026,4,15,0,SURPLUS
2026-04-07,Nusa Tenggara Barat,Beras Medium I,13650.0,15995.454545454546,-2345.454545454546,-14.66,0.0,13650.0,13650.0,0.0,2026,4,15,1,SURPLUS
2026-04-08,Nusa Tenggara Barat,Beras Medium I,13650.0,15983.333333333334,-2333.333333333334,-14.6,0.0,13650.0,13650.0,0.0,2026,4,15,2,SURPLUS
2026-04-09,Nusa Tenggara Barat,Beras Medium I,13650.0,15989.39393939394,-2339.39393939394,-14.63,0.0,13650.0,13650.0,0.0,2026,4,15,3,SURPLUS
2026-04-10,Nusa Tenggara Barat,Beras Medium I,13650.0,16010.60606060606,-2360.60606060606,-14.74,0.0,13650.0,13650.0,0.0,2026,4,15,4,SURPLUS
2026-04-13,Nusa Tenggara Barat,Beras Medium I,13650.0,16113.636363636364,-2463.636363636364,-15.29,0.0,13650.0,13650.0,0.0,2026,4,16,0,SURPLUS
2026-01-01,Nusa Tenggara Timur,Beras Medium I,14750.0,15869.69696969697,-1119.69696969697,-7.06,,14750.0,14750.0,,2026,1,1,3,SURPLUS
2026-01-02,Nusa Tenggara Timur,Beras Medium I,14750.0,15854.545454545454,-1104.545454545454,-6.97,0.0,14750.0,14750.0,0.0,2026,1,1,4,SURPLUS
2026-01-05,Nusa Tenggara Timur,Beras Medium I,14750.0,15843.939393939394,-1093.939393939394,-6.9,0.0,14750.0,14750.0,0.0,2026,1,2,0,SURPLUS
2026-01-06,Nusa Tenggara Timur,Beras Medium I,14750.0,15857.575757575758,-1107.575757575758,-6.98,0.0,14750.0,14750.0,0.0,2026,1,2,1,SURPLUS
2026-01-07,Nusa Tenggara Timur,Beras Medium I,14750.0,15854.545454545454,-1104.545454545454,-6.97,0.0,14750.0,14750.0,0.0,2026,1,2,2,SURPLUS
2026-01-08,Nusa Tenggara Timur,Beras Medium I,14750.0,15859.09090909091,-1109.09090909091,-6.99,0.0,14750.0,14750.0,0.0,2026,1,2,3,SURPLUS
2026-01-09,Nusa Tenggara Timur,Beras Medium I,14750.0,15860.60606060606,-1110.60606060606,-7.0,0.0,14750.0,14750.0,0.0,2026,1,2,4,SURPLUS
2026-01-12,Nusa Tenggara Timur,Beras Medium I,14750.0,15848.484848484848,-1098.484848484848,-6.93,0.0,14750.0,14750.0,0.0,2026,1,3,0,SURPLUS
2026-01-13,Nusa Tenggara Timur,Beras Medium I,14750.0,15846.969696969696,-1096.969696969696,-6.92,0.0,14750.0,14750.0,0.0,2026,1,3,1,SURPLUS
2026-01-14,Nusa Tenggara Timur,Beras Medium I,14750.0,15848.484848484848,-1098.484848484848,-6.93,0.0,14750.0,14750.0,0.0,2026,1,3,2,SURPLUS
2026-01-15,Nusa Tenggara Timur,Beras Medium I,14750.0,15843.939393939394,-1093.939393939394,-6.9,0.0,14750.0,14750.0,0.0,2026,1,3,3,SURPLUS
2026-01-16,Nusa Tenggara Timur,Beras Medium I,14750.0,15837.878787878788,-1087.878787878788,-6.87,0.0,14750.0,14750.0,0.0,2026,1,3,4,SURPLUS
2026-01-19,Nusa Tenggara Timur,Beras Medium I,14750.0,15836.363636363636,-1086.363636363636,-6.86,0.0,14750.0,14750.0,0.0,2026,1,4,0,SURPLUS
2026-01-20,Nusa Tenggara Timur,Beras Medium I,14750.0,15836.363636363636,-1086.363636363636,-6.86,0.0,14750.0,14750.0,0.0,2026,1,4,1,SURPLUS
2026-01-21,Nusa Tenggara Timur,Beras Medium I,14750.0,15834.848484848484,-1084.848484848484,-6.85,0.0,14750.0,14750.0,0.0,2026,1,4,2,SURPLUS
2026-01-22,Nusa Tenggara Timur,Beras Medium I,14750.0,15834.848484848484,-1084.848484848484,-6.85,0.0,14750.0,14750.0,0.0,2026,1,4,3,SURPLUS
2026-01-23,Nusa Tenggara Timur,Beras Medium I,14750.0,15845.454545454546,-1095.454545454546,-6.91,0.0,14750.0,14750.0,0.0,2026,1,4,4,SURPLUS
2026-01-26,Nusa Tenggara Timur,Beras Medium I,14750.0,15843.939393939394,-1093.939393939394,-6.9,0.0,14750.0,14750.0,0.0,2026,1,5,0,SURPLUS
2026-01-27,Nusa Tenggara Timur,Beras Medium I,14750.0,15846.969696969696,-1096.969696969696,-6.92,0.0,14750.0,14750.0,0.0,2026,1,5,1,SURPLUS
2026-01-28,Nusa Tenggara Timur,Beras Medium I,14750.0,15850.0,-1100.0,-6.94,0.0,14750.0,14750.0,0.0,2026,1,5,2,SURPLUS
2026-01-29,Nusa Tenggara Timur,Beras Medium I,14750.0,15850.0,-1100.0,-6.94,0.0,14750.0,14750.0,0.0,2026,1,5,3,SURPLUS
2026-01-30,Nusa Tenggara Timur,Beras Medium I,14750.0,15868.181818181818,-1118.181818181818,-7.05,0.0,14750.0,14750.0,0.0,2026,1,5,4,SURPLUS
2026-02-02,Nusa Tenggara Timur,Beras Medium I,14750.0,15872.727272727272,-1122.727272727272,-7.07,0.0,14750.0,14750.0,0.0,2026,2,6,0,SURPLUS
2026-02-03,Nusa Tenggara Timur,Beras Medium I,14750.0,15865.151515151516,-1115.151515151516,-7.03,0.0,14750.0,14750.0,0.0,2026,2,6,1,SURPLUS
2026-02-04,Nusa Tenggara Timur,Beras Medium I,14750.0,15880.30303030303,-1130.30303030303,-7.12,0.0,14750.0,14750.0,0.0,2026,2,6,2,SURPLUS
2026-02-05,Nusa Tenggara Timur,Beras Medium I,14750.0,15868.181818181818,-1118.181818181818,-7.05,0.0,14750.0,14750.0,0.0,2026,2,6,3,SURPLUS
2026-02-06,Nusa Tenggara Timur,Beras Medium I,14750.0,15866.666666666666,-1116.666666666666,-7.04,0.0,14750.0,14750.0,0.0,2026,2,6,4,SURPLUS
2026-02-09,Nusa Tenggara Timur,Beras Medium I,14750.0,15869.69696969697,-1119.69696969697,-7.06,0.0,14750.0,14750.0,0.0,2026,2,7,0,SURPLUS
2026-02-10,Nusa Tenggara Timur,Beras Medium I,14750.0,15869.69696969697,-1119.69696969697,-7.06,0.0,14750.0,14750.0,0.0,2026,2,7,1,SURPLUS
2026-02-11,Nusa Tenggara Timur,Beras Medium I,14750.0,15866.666666666666,-1116.666666666666,-7.04,0.0,14750.0,14750.0,0.0,2026,2,7,2,SURPLUS
2026-02-12,Nusa Tenggara Timur,Beras Medium I,14750.0,15874.242424242424,-1124.242424242424,-7.08,0.0,14750.0,14750.0,0.0,2026,2,7,3,SURPLUS
2026-02-13,Nusa Tenggara Timur,Beras Medium I,14750.0,15881.818181818182,-1131.818181818182,-7.13,0.0,14750.0,14750.0,0.0,2026,2,7,4,SURPLUS
2026-02-16,Nusa Tenggara Timur,Beras Medium I,14750.0,15880.30303030303,-1130.30303030303,-7.12,0.0,14750.0,14750.0,0.0,2026,2,8,0,SURPLUS
2026-02-17,Nusa Tenggara Timur,Beras Medium I,14750.0,15880.30303030303,-1130.30303030303,-7.12,0.0,14750.0,14750.0,0.0,2026,2,8,1,SURPLUS
2026-02-18,Nusa Tenggara Timur,Beras Medium I,14750.0,15883.333333333334,-1133.333333333334,-7.14,0.0,14750.0,14750.0,0.0,2026,2,8,2,SURPLUS
2026-02-19,Nusa Tenggara Timur,Beras Medium I,14750.0,15884.848484848484,-1134.848484848484,-7.14,0.0,14750.0,14750.0,0.0,2026,2,8,3,SURPLUS
2026-02-20,Nusa Tenggara Timur,Beras Medium I,14750.0,15880.30303030303,-1130.30303030303,-7.12,0.0,14750.0,14750.0,0.0,2026,2,8,4,SURPLUS
2026-02-23,Nusa Tenggara Timur,Beras Medium I,14750.0,15892.424242424242,-1142.424242424242,-7.19,0.0,14750.0,14750.0,0.0,2026,2,9,0,SURPLUS
2026-02-24,Nusa Tenggara Timur,Beras Medium I,14750.0,15892.424242424242,-1142.424242424242,-7.19,0.0,14750.0,14750.0,0.0,2026,2,9,1,SURPLUS
2026-02-25,Nusa Tenggara Timur,Beras Medium I,14750.0,15887.878787878788,-1137.878787878788,-7.16,0.0,14750.0,14750.0,0.0,2026,2,9,2,SURPLUS
2026-02-26,Nusa Tenggara Timur,Beras Medium I,14750.0,15889.39393939394,-1139.39393939394,-7.17,0.0,14750.0,14750.0,0.0,2026,2,9,3,SURPLUS
2026-02-27,Nusa Tenggara Timur,Beras Medium I,14750.0,15887.878787878788,-1137.878787878788,-7.16,0.0,14750.0,14750.0,0.0,2026,2,9,4,SURPLUS
2026-03-02,Nusa Tenggara Timur,Beras Medium I,14750.0,15840.90909090909,-1090.90909090909,-6.89,0.0,14750.0,14750.0,0.0,2026,3,10,0,SURPLUS
2026-03-03,Nusa Tenggara Timur,Beras Medium I,14750.0,15884.848484848484,-1134.848484848484,-7.14,0.0,14750.0,14750.0,0.0,2026,3,10,1,SURPLUS
2026-03-04,Nusa Tenggara Timur,Beras Medium I,14750.0,15890.90909090909,-1140.90909090909,-7.18,0.0,14750.0,14750.0,0.0,2026,3,10,2,SURPLUS
2026-03-05,Nusa Tenggara Timur,Beras Medium I,14850.0,15892.424242424242,-1042.424242424242,-6.56,100.0,14764.285714285714,14753.333333333334,37.796447300922836,2026,3,10,3,SURPLUS
2026-03-06,Nusa Tenggara Timur,Beras Medium I,14850.0,15887.878787878788,-1037.878787878788,-6.53,0.0,14778.57142857143,14756.666666666666,48.795003647427,2026,3,10,4,SURPLUS
2026-03-09,Nusa Tenggara Timur,Beras Medium I,14750.0,15887.878787878788,-1137.878787878788,-7.16,-100.0,14778.57142857143,14756.666666666666,48.795003647427,2026,3,11,0,SURPLUS
2026-03-10,Nusa Tenggara Timur,Beras Medium I,14750.0,15887.878787878788,-1137.878787878788,-7.16,0.0,14778.57142857143,14756.666666666666,48.795003647427,2026,3,11,1,SURPLUS
2026-03-11,Nusa Tenggara Timur,Beras Medium I,14750.0,15895.454545454546,-1145.454545454546,-7.21,0.0,14778.57142857143,14756.666666666666,48.795003647427,2026,3,11,2,SURPLUS
2026-03-12,Nusa Tenggara Timur,Beras Medium I,14750.0,15910.60606060606,-1160.60606060606,-7.29,0.0,14778.57142857143,14756.666666666666,48.795003647427,2026,3,11,3,SURPLUS
2026-03-13,Nusa Tenggara Timur,Beras Medium I,14750.0,15912.121212121212,-1162.121212121212,-7.3,0.0,14778.57142857143,14756.666666666666,48.795003647427,2026,3,11,4,SURPLUS
2026-03-16,Nusa Tenggara Timur,Beras Medium I,14750.0,15924.242424242424,-1174.242424242424,-7.37,0.0,14764.285714285714,14756.666666666666,37.79644730092284,2026,3,12,0,SURPLUS
2026-03-17,Nusa Tenggara Timur,Beras Medium I,14750.0,15934.848484848484,-1184.848484848484,-7.44,0.0,14750.0,14756.666666666666,0.0,2026,3,12,1,SURPLUS
2026-03-18,Nusa Tenggara Timur,Beras Medium I,14750.0,15931.818181818182,-1181.818181818182,-7.42,0.0,14750.0,14756.666666666666,0.0,2026,3,12,2,SURPLUS
2026-03-19,Nusa Tenggara Timur,Beras Medium I,14750.0,15930.30303030303,-1180.30303030303,-7.41,0.0,14750.0,14756.666666666666,0.0,2026,3,12,3,SURPLUS
2026-03-20,Nusa Tenggara Timur,Beras Medium I,14750.0,15931.818181818182,-1181.818181818182,-7.42,0.0,14750.0,14756.666666666666,0.0,2026,3,12,4,SURPLUS
2026-03-23,Nusa Tenggara Timur,Beras Medium I,14750.0,15933.333333333334,-1183.333333333334,-7.43,0.0,14750.0,14756.666666666666,0.0,2026,3,13,0,SURPLUS
2026-03-24,Nusa Tenggara Timur,Beras Medium I,14750.0,15931.818181818182,-1181.818181818182,-7.42,0.0,14750.0,14756.666666666666,0.0,2026,3,13,1,SURPLUS
2026-03-25,Nusa Tenggara Timur,Beras Medium I,14750.0,15940.90909090909,-1190.90909090909,-7.47,0.0,14750.0,14756.666666666666,0.0,2026,3,13,2,SURPLUS
2026-03-26,Nusa Tenggara Timur,Beras Medium I,14750.0,15942.424242424242,-1192.424242424242,-7.48,0.0,14750.0,14756.666666666666,0.0,2026,3,13,3,SURPLUS
2026-03-27,Nusa Tenggara Timur,Beras Medium I,14750.0,15942.424242424242,-1192.424242424242,-7.48,0.0,14750.0,14756.666666666666,0.0,2026,3,13,4,SURPLUS
2026-03-30,Nusa Tenggara Timur,Beras Medium I,14750.0,15956.060606060606,-1206.060606060606,-7.56,0.0,14750.0,14756.666666666666,0.0,2026,3,14,0,SURPLUS
2026-03-31,Nusa Tenggara Timur,Beras Medium I,14750.0,15960.60606060606,-1210.60606060606,-7.58,0.0,14750.0,14756.666666666666,0.0,2026,3,14,1,SURPLUS
2026-04-01,Nusa Tenggara Timur,Beras Medium I,14750.0,15965.151515151516,-1215.151515151516,-7.61,0.0,14750.0,14756.666666666666,0.0,2026,4,14,2,SURPLUS
2026-04-02,Nusa Tenggara Timur,Beras Medium I,14750.0,15965.151515151516,-1215.151515151516,-7.61,0.0,14750.0,14756.666666666666,0.0,2026,4,14,3,SURPLUS
2026-04-03,Nusa Tenggara Timur,Beras Medium I,14750.0,15945.454545454546,-1195.454545454546,-7.5,0.0,14750.0,14756.666666666666,0.0,2026,4,14,4,SURPLUS
2026-04-06,Nusa Tenggara Timur,Beras Medium I,14750.0,15981.818181818182,-1231.818181818182,-7.71,0.0,14750.0,14756.666666666666,0.0,2026,4,15,0,SURPLUS
2026-04-07,Nusa Tenggara Timur,Beras Medium I,14750.0,15995.454545454546,-1245.454545454546,-7.79,0.0,14750.0,14756.666666666666,0.0,2026,4,15,1,SURPLUS
2026-04-08,Nusa Tenggara Timur,Beras Medium I,14750.0,15983.333333333334,-1233.333333333334,-7.72,0.0,14750.0,14756.666666666666,0.0,2026,4,15,2,SURPLUS
2026-04-09,Nusa Tenggara Timur,Beras Medium I,14850.0,15989.39393939394,-1139.39393939394,-7.13,100.0,14764.285714285714,14760.0,37.796447300922836,2026,4,15,3,SURPLUS
2026-04-10,Nusa Tenggara Timur,Beras Medium I,14850.0,16010.60606060606,-1160.60606060606,-7.25,0.0,14778.57142857143,14763.333333333334,48.795003647427,2026,4,15,4,SURPLUS
2026-04-13,Nusa Tenggara Timur,Beras Medium I,14850.0,16113.636363636364,-1263.636363636364,-7.84,0.0,14792.857142857143,14766.666666666666,53.45224838248557,2026,4,16,0,SURPLUS
2026-01-01,Papua,Beras Medium I,19250.0,15869.69696969697,3380.30303030303,21.3,,19250.0,19250.0,,2026,1,1,3,DEFISIT
2026-01-02,Papua,Beras Medium I,19250.0,15854.545454545454,3395.454545454546,21.42,0.0,19250.0,19250.0,0.0,2026,1,1,4,DEFISIT
2026-01-05,Papua,Beras Medium I,19250.0,15843.939393939394,3406.060606060606,21.5,0.0,19250.0,19250.0,0.0,2026,1,2,0,DEFISIT
2026-01-06,Papua,Beras Medium I,19250.0,15857.575757575758,3392.424242424242,21.39,0.0,19250.0,19250.0,0.0,2026,1,2,1,DEFISIT
2026-01-07,Papua,Beras Medium I,19150.0,15854.545454545454,3295.454545454546,20.79,-100.0,19230.0,19230.0,44.721359549995796,2026,1,2,2,DEFISIT
2026-01-08,Papua,Beras Medium I,19150.0,15859.09090909091,3290.90909090909,20.75,0.0,19216.666666666668,19216.666666666668,51.639777949432414,2026,1,2,3,DEFISIT
2026-01-09,Papua,Beras Medium I,19150.0,15860.60606060606,3289.39393939394,20.74,0.0,19207.14285714286,19207.14285714286,53.4522483824853,2026,1,2,4,DEFISIT
2026-01-12,Papua,Beras Medium I,19150.0,15848.484848484848,3301.515151515152,20.83,0.0,19192.85714285714,19200.0,53.4522483824853,2026,1,3,0,DEFISIT
2026-01-13,Papua,Beras Medium I,19150.0,15846.969696969696,3303.030303030304,20.84,0.0,19178.571428571428,19194.444444444445,48.79500364742671,2026,1,3,1,DEFISIT
2026-01-14,Papua,Beras Medium I,19150.0,15848.484848484848,3301.515151515152,20.83,0.0,19164.285714285714,19190.0,37.79644730092212,2026,1,3,2,DEFISIT
2026-01-15,Papua,Beras Medium I,19150.0,15843.939393939394,3306.060606060606,20.87,0.0,19150.0,19186.363636363636,0.0,2026,1,3,3,DEFISIT
2026-01-16,Papua,Beras Medium I,19150.0,15837.878787878788,3312.121212121212,20.91,0.0,19150.0,19183.333333333332,0.0,2026,1,3,4,DEFISIT
2026-01-19,Papua,Beras Medium I,19150.0,15836.363636363636,3313.636363636364,20.92,0.0,19150.0,19180.76923076923,0.0,2026,1,4,0,DEFISIT
2026-01-20,Papua,Beras Medium I,19150.0,15836.363636363636,3313.636363636364,20.92,0.0,19150.0,19178.571428571428,0.0,2026,1,4,1,DEFISIT
2026-01-21,Papua,Beras Medium I,19150.0,15834.848484848484,3315.151515151516,20.94,0.0,19150.0,19176.666666666668,0.0,2026,1,4,2,DEFISIT
2026-01-22,Papua,Beras Medium I,19150.0,15834.848484848484,3315.151515151516,20.94,0.0,19150.0,19175.0,0.0,2026,1,4,3,DEFISIT
2026-01-23,Papua,Beras Medium I,19150.0,15845.454545454546,3304.545454545454,20.85,0.0,19150.0,19173.529411764706,0.0,2026,1,4,4,DEFISIT
2026-01-26,Papua,Beras Medium I,19150.0,15843.939393939394,3306.060606060606,20.87,0.0,19150.0,19172.222222222223,0.0,2026,1,5,0,DEFISIT
2026-01-27,Papua,Beras Medium I,19150.0,15846.969696969696,3303.030303030304,20.84,0.0,19150.0,19171.052631578947,0.0,2026,1,5,1,DEFISIT
2026-01-28,Papua,Beras Medium I,19150.0,15850.0,3300.0,20.82,0.0,19150.0,19170.0,0.0,2026,1,5,2,DEFISIT
2026-01-29,Papua,Beras Medium I,19150.0,15850.0,3300.0,20.82,0.0,19150.0,19169.04761904762,0.0,2026,1,5,3,DEFISIT
2026-01-30,Papua,Beras Medium I,19150.0,15868.181818181818,3281.818181818182,20.68,0.0,19150.0,19168.18181818182,0.0,2026,1,5,4,DEFISIT
2026-02-02,Papua,Beras Medium I,19150.0,15872.727272727272,3277.272727272728,20.65,0.0,19150.0,19167.391304347828,0.0,2026,2,6,0,DEFISIT
2026-02-03,Papua,Beras Medium I,19150.0,15865.151515151516,3284.848484848484,20.7,0.0,19150.0,19166.666666666668,0.0,2026,2,6,1,DEFISIT
2026-02-04,Papua,Beras Medium I,19150.0,15880.30303030303,3269.69696969697,20.59,0.0,19150.0,19166.0,0.0,2026,2,6,2,DEFISIT
2026-02-05,Papua,Beras Medium I,19150.0,15868.181818181818,3281.818181818182,20.68,0.0,19150.0,19165.384615384617,0.0,2026,2,6,3,DEFISIT
2026-02-06,Papua,Beras Medium I,19150.0,15866.666666666666,3283.333333333334,20.69,0.0,19150.0,19164.814814814814,0.0,2026,2,6,4,DEFISIT
2026-02-09,Papua,Beras Medium I,19150.0,15869.69696969697,3280.30303030303,20.67,0.0,19150.0,19164.285714285714,0.0,2026,2,7,0,DEFISIT
2026-02-10,Papua,Beras Medium I,19150.0,15869.69696969697,3280.30303030303,20.67,0.0,19150.0,19163.793103448275,0.0,2026,2,7,1,DEFISIT
2026-02-11,Papua,Beras Medium I,19150.0,15866.666666666666,3283.333333333334,20.69,0.0,19150.0,19163.333333333332,0.0,2026,2,7,2,DEFISIT
2026-02-12,Papua,Beras Medium I,19150.0,15874.242424242424,3275.757575757576,20.64,0.0,19150.0,19160.0,0.0,2026,2,7,3,DEFISIT
2026-02-13,Papua,Beras Medium I,19150.0,15881.818181818182,3268.181818181818,20.58,0.0,19150.0,19156.666666666668,0.0,2026,2,7,4,DEFISIT
2026-02-16,Papua,Beras Medium I,19150.0,15880.30303030303,3269.69696969697,20.59,0.0,19150.0,19153.333333333332,0.0,2026,2,8,0,DEFISIT
2026-02-17,Papua,Beras Medium I,19150.0,15880.30303030303,3269.69696969697,20.59,0.0,19150.0,19150.0,0.0,2026,2,8,1,DEFISIT
2026-02-18,Papua,Beras Medium I,19200.0,15883.333333333334,3316.666666666666,20.88,50.0,19157.14285714286,19151.666666666668,18.898223650461016,2026,2,8,2,DEFISIT
2026-02-19,Papua,Beras Medium I,19200.0,15884.848484848484,3315.151515151516,20.87,0.0,19164.285714285714,19153.333333333332,24.397501823712222,2026,2,8,3,DEFISIT
2026-02-20,Papua,Beras Medium I,19200.0,15880.30303030303,3319.69696969697,20.9,0.0,19171.428571428572,19155.0,26.726124191240128,2026,2,8,4,DEFISIT
2026-02-23,Papua,Beras Medium I,19200.0,15892.424242424242,3307.575757575758,20.81,0.0,19178.571428571428,19156.666666666668,26.726124191238306,2026,2,9,0,DEFISIT
2026-02-24,Papua,Beras Medium I,19200.0,15892.424242424242,3307.575757575758,20.81,0.0,19185.714285714286,19158.333333333332,24.397501823706968,2026,2,9,1,DEFISIT
2026-02-25,Papua,Beras Medium I,19200.0,15887.878787878788,3312.121212121212,20.85,0.0,19192.85714285714,19160.0,18.898223650451257,2026,2,9,2,DEFISIT
2026-02-26,Papua,Beras Medium I,19200.0,15889.39393939394,3310.60606060606,20.84,0.0,19200.0,19161.666666666668,0.0,2026,2,9,3,DEFISIT
2026-02-27,Papua,Beras Medium I,19200.0,15887.878787878788,3312.121212121212,20.85,0.0,19200.0,19163.333333333332,0.0,2026,2,9,4,DEFISIT
2026-03-02,Papua,Beras Medium I,19200.0,15840.90909090909,3359.09090909091,21.21,0.0,19200.0,19165.0,0.0,2026,3,10,0,DEFISIT
2026-03-03,Papua,Beras Medium I,19200.0,15884.848484848484,3315.151515151516,20.87,0.0,19200.0,19166.666666666668,0.0,2026,3,10,1,DEFISIT
2026-03-04,Papua,Beras Medium I,19200.0,15890.90909090909,3309.09090909091,20.82,0.0,19200.0,19168.333333333332,0.0,2026,3,10,2,DEFISIT
2026-03-05,Papua,Beras Medium I,19200.0,15892.424242424242,3307.575757575758,20.81,0.0,19200.0,19170.0,0.0,2026,3,10,3,DEFISIT
2026-03-06,Papua,Beras Medium I,19200.0,15887.878787878788,3312.121212121212,20.85,0.0,19200.0,19171.666666666668,0.0,2026,3,10,4,DEFISIT
2026-03-09,Papua,Beras Medium I,19200.0,15887.878787878788,3312.121212121212,20.85,0.0,19200.0,19173.333333333332,0.0,2026,3,11,0,DEFISIT
2026-03-10,Papua,Beras Medium I,19200.0,15887.878787878788,3312.121212121212,20.85,0.0,19200.0,19175.0,0.0,2026,3,11,1,DEFISIT
2026-03-11,Papua,Beras Medium I,19200.0,15895.454545454546,3304.545454545454,20.79,0.0,19200.0,19176.666666666668,0.0,2026,3,11,2,DEFISIT
2026-03-12,Papua,Beras Medium I,19200.0,15910.60606060606,3289.39393939394,20.67,0.0,19200.0,19178.333333333332,0.0,2026,3,11,3,DEFISIT
2026-03-13,Papua,Beras Medium I,19200.0,15912.121212121212,3287.878787878788,20.66,0.0,19200.0,19180.0,0.0,2026,3,11,4,DEFISIT
2026-03-16,Papua,Beras Medium I,19200.0,15924.242424242424,3275.757575757576,20.57,0.0,19200.0,19181.666666666668,0.0,2026,3,12,0,DEFISIT
2026-03-17,Papua,Beras Medium I,19200.0,15934.848484848484,3265.151515151516,20.49,0.0,19200.0,19183.333333333332,0.0,2026,3,12,1,DEFISIT
2026-03-18,Papua,Beras Medium I,19200.0,15931.818181818182,3268.181818181818,20.51,0.0,19200.0,19185.0,0.0,2026,3,12,2,DEFISIT
2026-03-19,Papua,Beras Medium I,19200.0,15930.30303030303,3269.69696969697,20.53,0.0,19200.0,19186.666666666668,0.0,2026,3,12,3,DEFISIT
2026-03-20,Papua,Beras Medium I,19200.0,15931.818181818182,3268.181818181818,20.51,0.0,19200.0,19188.333333333332,0.0,2026,3,12,4,DEFISIT
2026-03-23,Papua,Beras Medium I,19200.0,15933.333333333334,3266.666666666666,20.5,0.0,19200.0,19190.0,0.0,2026,3,13,0,DEFISIT
2026-03-24,Papua,Beras Medium I,19200.0,15931.818181818182,3268.181818181818,20.51,0.0,19200.0,19191.666666666668,0.0,2026,3,13,1,DEFISIT
2026-03-25,Papua,Beras Medium I,19200.0,15940.90909090909,3259.09090909091,20.44,0.0,19200.0,19193.333333333332,0.0,2026,3,13,2,DEFISIT
2026-03-26,Papua,Beras Medium I,19200.0,15942.424242424242,3257.575757575758,20.43,0.0,19200.0,19195.0,0.0,2026,3,13,3,DEFISIT
2026-03-27,Papua,Beras Medium I,19200.0,15942.424242424242,3257.575757575758,20.43,0.0,19200.0,19196.666666666668,0.0,2026,3,13,4,DEFISIT
2026-03-30,Papua,Beras Medium I,19200.0,15956.060606060606,3243.939393939394,20.33,0.0,19200.0,19198.333333333332,0.0,2026,3,14,0,DEFISIT
2026-03-31,Papua,Beras Medium I,19200.0,15960.60606060606,3239.39393939394,20.3,0.0,19200.0,19200.0,0.0,2026,3,14,1,DEFISIT
2026-04-01,Papua,Beras Medium I,19200.0,15965.151515151516,3234.848484848484,20.26,0.0,19200.0,19200.0,0.0,2026,4,14,2,DEFISIT
2026-04-02,Papua,Beras Medium I,19200.0,15965.151515151516,3234.848484848484,20.26,0.0,19200.0,19200.0,0.0,2026,4,14,3,DEFISIT
2026-04-03,Papua,Beras Medium I,19200.0,15945.454545454546,3254.545454545454,20.41,0.0,19200.0,19200.0,0.0,2026,4,14,4,DEFISIT
2026-04-06,Papua,Beras Medium I,19200.0,15981.818181818182,3218.181818181818,20.14,0.0,19200.0,19200.0,0.0,2026,4,15,0,DEFISIT
2026-04-07,Papua,Beras Medium I,19200.0,15995.454545454546,3204.545454545454,20.03,0.0,19200.0,19200.0,0.0,2026,4,15,1,DEFISIT
2026-04-08,Papua,Beras Medium I,19100.0,15983.333333333334,3116.666666666666,19.5,-100.0,19185.714285714286,19196.666666666668,37.796447300922836,2026,4,15,2,DEFISIT
2026-04-09,Papua,Beras Medium I,19100.0,15989.39393939394,3110.60606060606,19.45,0.0,19171.428571428572,19193.333333333332,48.795003647427265,2026,4,15,3,DEFISIT
2026-04-10,Papua,Beras Medium I,19100.0,16010.60606060606,3089.39393939394,19.3,0.0,19157.14285714286,19190.0,53.45224838248581,2026,4,15,4,DEFISIT
2026-04-13,Papua,Beras Medium I,19100.0,16113.636363636364,2986.363636363636,18.53,0.0,19142.85714285714,19186.666666666668,53.45224838248581,2026,4,16,0,DEFISIT
2026-01-01,Riau,Beras Medium I,16600.0,15869.69696969697,730.30303030303,4.6,,16600.0,16600.0,,2026,1,1,3,NORMAL
2026-01-02,Riau,Beras Medium I,16600.0,15854.545454545454,745.454545454546,4.7,0.0,16600.0,16600.0,0.0,2026,1,1,4,NORMAL
2026-01-05,Riau,Beras Medium I,16600.0,15843.939393939394,756.060606060606,4.77,0.0,16600.0,16600.0,0.0,2026,1,2,0,NORMAL
2026-01-06,Riau,Beras Medium I,16600.0,15857.575757575758,742.424242424242,4.68,0.0,16600.0,16600.0,0.0,2026,1,2,1,NORMAL
2026-01-07,Riau,Beras Medium I,16600.0,15854.545454545454,745.454545454546,4.7,0.0,16600.0,16600.0,0.0,2026,1,2,2,NORMAL
2026-01-08,Riau,Beras Medium I,16600.0,15859.09090909091,740.9090909090901,4.67,0.0,16600.0,16600.0,0.0,2026,1,2,3,NORMAL
2026-01-09,Riau,Beras Medium I,16600.0,15860.60606060606,739.39393939394,4.66,0.0,16600.0,16600.0,0.0,2026,1,2,4,NORMAL
2026-01-12,Riau,Beras Medium I,16600.0,15848.484848484848,751.515151515152,4.74,0.0,16600.0,16600.0,0.0,2026,1,3,0,NORMAL
2026-01-13,Riau,Beras Medium I,16600.0,15846.969696969696,753.0303030303039,4.75,0.0,16600.0,16600.0,0.0,2026,1,3,1,NORMAL
2026-01-14,Riau,Beras Medium I,16600.0,15848.484848484848,751.515151515152,4.74,0.0,16600.0,16600.0,0.0,2026,1,3,2,NORMAL
2026-01-15,Riau,Beras Medium I,16600.0,15843.939393939394,756.060606060606,4.77,0.0,16600.0,16600.0,0.0,2026,1,3,3,NORMAL
2026-01-16,Riau,Beras Medium I,16600.0,15837.878787878788,762.121212121212,4.81,0.0,16600.0,16600.0,0.0,2026,1,3,4,NORMAL
2026-01-19,Riau,Beras Medium I,16600.0,15836.363636363636,763.636363636364,4.82,0.0,16600.0,16600.0,0.0,2026,1,4,0,NORMAL
2026-01-20,Riau,Beras Medium I,16600.0,15836.363636363636,763.636363636364,4.82,0.0,16600.0,16600.0,0.0,2026,1,4,1,NORMAL
2026-01-21,Riau,Beras Medium I,16600.0,15834.848484848484,765.1515151515159,4.83,0.0,16600.0,16600.0,0.0,2026,1,4,2,NORMAL
2026-01-22,Riau,Beras Medium I,16600.0,15834.848484848484,765.1515151515159,4.83,0.0,16600.0,16600.0,0.0,2026,1,4,3,NORMAL
2026-01-23,Riau,Beras Medium I,16600.0,15845.454545454546,754.545454545454,4.76,0.0,16600.0,16600.0,0.0,2026,1,4,4,NORMAL
2026-01-26,Riau,Beras Medium I,16600.0,15843.939393939394,756.060606060606,4.77,0.0,16600.0,16600.0,0.0,2026,1,5,0,NORMAL
2026-01-27,Riau,Beras Medium I,16600.0,15846.969696969696,753.0303030303039,4.75,0.0,16600.0,16600.0,0.0,2026,1,5,1,NORMAL
2026-01-28,Riau,Beras Medium I,16600.0,15850.0,750.0,4.73,0.0,16600.0,16600.0,0.0,2026,1,5,2,NORMAL
2026-01-29,Riau,Beras Medium I,16600.0,15850.0,750.0,4.73,0.0,16600.0,16600.0,0.0,2026,1,5,3,NORMAL
2026-01-30,Riau,Beras Medium I,16600.0,15868.181818181818,731.818181818182,4.61,0.0,16600.0,16600.0,0.0,2026,1,5,4,NORMAL
2026-02-02,Riau,Beras Medium I,16600.0,15872.727272727272,727.2727272727279,4.58,0.0,16600.0,16600.0,0.0,2026,2,6,0,NORMAL
2026-02-03,Riau,Beras Medium I,16600.0,15865.151515151516,734.8484848484841,4.63,0.0,16600.0,16600.0,0.0,2026,2,6,1,NORMAL
2026-02-04,Riau,Beras Medium I,16600.0,15880.30303030303,719.69696969697,4.53,0.0,16600.0,16600.0,0.0,2026,2,6,2,NORMAL
2026-02-05,Riau,Beras Medium I,16600.0,15868.181818181818,731.818181818182,4.61,0.0,16600.0,16600.0,0.0,2026,2,6,3,NORMAL
2026-02-06,Riau,Beras Medium I,16600.0,15866.666666666666,733.3333333333339,4.62,0.0,16600.0,16600.0,0.0,2026,2,6,4,NORMAL
2026-02-09,Riau,Beras Medium I,16600.0,15869.69696969697,730.30303030303,4.6,0.0,16600.0,16600.0,0.0,2026,2,7,0,NORMAL
2026-02-10,Riau,Beras Medium I,16600.0,15869.69696969697,730.30303030303,4.6,0.0,16600.0,16600.0,0.0,2026,2,7,1,NORMAL
2026-02-11,Riau,Beras Medium I,16600.0,15866.666666666666,733.3333333333339,4.62,0.0,16600.0,16600.0,0.0,2026,2,7,2,NORMAL
2026-02-12,Riau,Beras Medium I,16600.0,15874.242424242424,725.757575757576,4.57,0.0,16600.0,16600.0,0.0,2026,2,7,3,NORMAL
2026-02-13,Riau,Beras Medium I,16600.0,15881.818181818182,718.181818181818,4.52,0.0,16600.0,16600.0,0.0,2026,2,7,4,NORMAL
2026-02-16,Riau,Beras Medium I,16600.0,15880.30303030303,719.69696969697,4.53,0.0,16600.0,16600.0,0.0,2026,2,8,0,NORMAL
2026-02-17,Riau,Beras Medium I,16600.0,15880.30303030303,719.69696969697,4.53,0.0,16600.0,16600.0,0.0,2026,2,8,1,NORMAL
2026-02-18,Riau,Beras Medium I,16600.0,15883.333333333334,716.6666666666661,4.51,0.0,16600.0,16600.0,0.0,2026,2,8,2,NORMAL
2026-02-19,Riau,Beras Medium I,16600.0,15884.848484848484,715.1515151515159,4.5,0.0,16600.0,16600.0,0.0,2026,2,8,3,NORMAL
2026-02-20,Riau,Beras Medium I,16600.0,15880.30303030303,719.69696969697,4.53,0.0,16600.0,16600.0,0.0,2026,2,8,4,NORMAL
2026-02-23,Riau,Beras Medium I,16600.0,15892.424242424242,707.575757575758,4.45,0.0,16600.0,16600.0,0.0,2026,2,9,0,NORMAL
2026-02-24,Riau,Beras Medium I,16600.0,15892.424242424242,707.575757575758,4.45,0.0,16600.0,16600.0,0.0,2026,2,9,1,NORMAL
2026-02-25,Riau,Beras Medium I,16600.0,15887.878787878788,712.121212121212,4.48,0.0,16600.0,16600.0,0.0,2026,2,9,2,NORMAL
2026-02-26,Riau,Beras Medium I,16600.0,15889.39393939394,710.60606060606,4.47,0.0,16600.0,16600.0,0.0,2026,2,9,3,NORMAL
2026-02-27,Riau,Beras Medium I,16600.0,15887.878787878788,712.121212121212,4.48,0.0,16600.0,16600.0,0.0,2026,2,9,4,NORMAL
2026-03-02,Riau,Beras Medium I,16600.0,15840.90909090909,759.0909090909099,4.79,0.0,16600.0,16600.0,0.0,2026,3,10,0,NORMAL
2026-03-03,Riau,Beras Medium I,16600.0,15884.848484848484,715.1515151515159,4.5,0.0,16600.0,16600.0,0.0,2026,3,10,1,NORMAL
2026-03-04,Riau,Beras Medium I,16600.0,15890.90909090909,709.0909090909099,4.46,0.0,16600.0,16600.0,0.0,2026,3,10,2,NORMAL
2026-03-05,Riau,Beras Medium I,16600.0,15892.424242424242,707.575757575758,4.45,0.0,16600.0,16600.0,0.0,2026,3,10,3,NORMAL
2026-03-06,Riau,Beras Medium I,16650.0,15887.878787878788,762.121212121212,4.8,50.0,16607.14285714286,16601.666666666668,18.898223650461016,2026,3,10,4,NORMAL
2026-03-09,Riau,Beras Medium I,16650.0,15887.878787878788,762.121212121212,4.8,0.0,16614.285714285714,16603.333333333332,24.397501823712222,2026,3,11,0,NORMAL
2026-03-10,Riau,Beras Medium I,16650.0,15887.878787878788,762.121212121212,4.8,0.0,16621.428571428572,16605.0,26.726124191240128,2026,3,11,1,NORMAL
2026-03-11,Riau,Beras Medium I,16650.0,15895.454545454546,754.545454545454,4.75,0.0,16628.571428571428,16606.666666666668,26.726124191238306,2026,3,11,2,NORMAL
2026-03-12,Riau,Beras Medium I,16650.0,15910.60606060606,739.39393939394,4.65,0.0,16635.714285714286,16608.333333333332,24.397501823706968,2026,3,11,3,NORMAL
2026-03-13,Riau,Beras Medium I,16650.0,15912.121212121212,737.878787878788,4.64,0.0,16642.85714285714,16610.0,18.898223650451257,2026,3,11,4,NORMAL
2026-03-16,Riau,Beras Medium I,16650.0,15924.242424242424,725.757575757576,4.56,0.0,16650.0,16611.666666666668,0.0,2026,3,12,0,NORMAL
2026-03-17,Riau,Beras Medium I,16650.0,15934.848484848484,715.1515151515159,4.49,0.0,16650.0,16613.333333333332,0.0,2026,3,12,1,NORMAL
2026-03-18,Riau,Beras Medium I,16650.0,15931.818181818182,718.181818181818,4.51,0.0,16650.0,16615.0,0.0,2026,3,12,2,NORMAL
2026-03-19,Riau,Beras Medium I,16650.0,15930.30303030303,719.69696969697,4.52,0.0,16650.0,16616.666666666668,0.0,2026,3,12,3,NORMAL
2026-03-20,Riau,Beras Medium I,16650.0,15931.818181818182,718.181818181818,4.51,0.0,16650.0,16618.333333333332,0.0,2026,3,12,4,NORMAL
2026-03-23,Riau,Beras Medium I,16650.0,15933.333333333334,716.6666666666661,4.5,0.0,16650.0,16620.0,0.0,2026,3,13,0,NORMAL
2026-03-24,Riau,Beras Medium I,16650.0,15931.818181818182,718.181818181818,4.51,0.0,16650.0,16621.666666666668,0.0,2026,3,13,1,NORMAL
2026-03-25,Riau,Beras Medium I,16650.0,15940.90909090909,709.0909090909099,4.45,0.0,16650.0,16623.333333333332,0.0,2026,3,13,2,NORMAL
2026-03-26,Riau,Beras Medium I,16650.0,15942.424242424242,707.575757575758,4.44,0.0,16650.0,16625.0,0.0,2026,3,13,3,NORMAL
2026-03-27,Riau,Beras Medium I,16650.0,15942.424242424242,707.575757575758,4.44,0.0,16650.0,16626.666666666668,0.0,2026,3,13,4,NORMAL
2026-03-30,Riau,Beras Medium I,16650.0,15956.060606060606,693.939393939394,4.35,0.0,16650.0,16628.333333333332,0.0,2026,3,14,0,NORMAL
2026-03-31,Riau,Beras Medium I,16650.0,15960.60606060606,689.39393939394,4.32,0.0,16650.0,16630.0,0.0,2026,3,14,1,NORMAL
2026-04-01,Riau,Beras Medium I,16650.0,15965.151515151516,684.8484848484841,4.29,0.0,16650.0,16631.666666666668,0.0,2026,4,14,2,NORMAL
2026-04-02,Riau,Beras Medium I,16650.0,15965.151515151516,684.8484848484841,4.29,0.0,16650.0,16633.333333333332,0.0,2026,4,14,3,NORMAL
2026-04-03,Riau,Beras Medium I,16650.0,15945.454545454546,704.545454545454,4.42,0.0,16650.0,16635.0,0.0,2026,4,14,4,NORMAL
2026-04-06,Riau,Beras Medium I,16650.0,15981.818181818182,668.181818181818,4.18,0.0,16650.0,16636.666666666668,0.0,2026,4,15,0,NORMAL
2026-04-07,Riau,Beras Medium I,16650.0,15995.454545454546,654.545454545454,4.09,0.0,16650.0,16638.333333333332,0.0,2026,4,15,1,NORMAL
2026-04-08,Riau,Beras Medium I,16650.0,15983.333333333334,666.6666666666661,4.17,0.0,16650.0,16640.0,0.0,2026,4,15,2,NORMAL
2026-04-09,Riau,Beras Medium I,16650.0,15989.39393939394,660.60606060606,4.13,0.0,16650.0,16641.666666666668,0.0,2026,4,15,3,NORMAL
2026-04-10,Riau,Beras Medium I,16650.0,16010.60606060606,639.39393939394,3.99,0.0,16650.0,16643.333333333332,0.0,2026,4,15,4,NORMAL
2026-04-13,Riau,Beras Medium I,16650.0,16113.636363636364,536.363636363636,3.33,0.0,16650.0,16645.0,0.0,2026,4,16,0,NORMAL
2026-01-01,Sulawesi Barat,Beras Medium I,14150.0,15869.69696969697,-1719.69696969697,-10.84,,14150.0,14150.0,,2026,1,1,3,SURPLUS
2026-01-02,Sulawesi Barat,Beras Medium I,14150.0,15854.545454545454,-1704.545454545454,-10.75,0.0,14150.0,14150.0,0.0,2026,1,1,4,SURPLUS
2026-01-05,Sulawesi Barat,Beras Medium I,14150.0,15843.939393939394,-1693.939393939394,-10.69,0.0,14150.0,14150.0,0.0,2026,1,2,0,SURPLUS
2026-01-06,Sulawesi Barat,Beras Medium I,14150.0,15857.575757575758,-1707.575757575758,-10.77,0.0,14150.0,14150.0,0.0,2026,1,2,1,SURPLUS
2026-01-07,Sulawesi Barat,Beras Medium I,14150.0,15854.545454545454,-1704.545454545454,-10.75,0.0,14150.0,14150.0,0.0,2026,1,2,2,SURPLUS
2026-01-08,Sulawesi Barat,Beras Medium I,14150.0,15859.09090909091,-1709.09090909091,-10.78,0.0,14150.0,14150.0,0.0,2026,1,2,3,SURPLUS
2026-01-09,Sulawesi Barat,Beras Medium I,14150.0,15860.60606060606,-1710.60606060606,-10.79,0.0,14150.0,14150.0,0.0,2026,1,2,4,SURPLUS
2026-01-12,Sulawesi Barat,Beras Medium I,14150.0,15848.484848484848,-1698.484848484848,-10.72,0.0,14150.0,14150.0,0.0,2026,1,3,0,SURPLUS
2026-01-13,Sulawesi Barat,Beras Medium I,14150.0,15846.969696969696,-1696.969696969696,-10.71,0.0,14150.0,14150.0,0.0,2026,1,3,1,SURPLUS
2026-01-14,Sulawesi Barat,Beras Medium I,14150.0,15848.484848484848,-1698.484848484848,-10.72,0.0,14150.0,14150.0,0.0,2026,1,3,2,SURPLUS
2026-01-15,Sulawesi Barat,Beras Medium I,14150.0,15843.939393939394,-1693.939393939394,-10.69,0.0,14150.0,14150.0,0.0,2026,1,3,3,SURPLUS
2026-01-16,Sulawesi Barat,Beras Medium I,14150.0,15837.878787878788,-1687.878787878788,-10.66,0.0,14150.0,14150.0,0.0,2026,1,3,4,SURPLUS
2026-01-19,Sulawesi Barat,Beras Medium I,14150.0,15836.363636363636,-1686.363636363636,-10.65,0.0,14150.0,14150.0,0.0,2026,1,4,0,SURPLUS
2026-01-20,Sulawesi Barat,Beras Medium I,14150.0,15836.363636363636,-1686.363636363636,-10.65,0.0,14150.0,14150.0,0.0,2026,1,4,1,SURPLUS
2026-01-21,Sulawesi Barat,Beras Medium I,14150.0,15834.848484848484,-1684.848484848484,-10.64,0.0,14150.0,14150.0,0.0,2026,1,4,2,SURPLUS
2026-01-22,Sulawesi Barat,Beras Medium I,14150.0,15834.848484848484,-1684.848484848484,-10.64,0.0,14150.0,14150.0,0.0,2026,1,4,3,SURPLUS
2026-01-23,Sulawesi Barat,Beras Medium I,14150.0,15845.454545454546,-1695.454545454546,-10.7,0.0,14150.0,14150.0,0.0,2026,1,4,4,SURPLUS
2026-01-26,Sulawesi Barat,Beras Medium I,14150.0,15843.939393939394,-1693.939393939394,-10.69,0.0,14150.0,14150.0,0.0,2026,1,5,0,SURPLUS
2026-01-27,Sulawesi Barat,Beras Medium I,14150.0,15846.969696969696,-1696.969696969696,-10.71,0.0,14150.0,14150.0,0.0,2026,1,5,1,SURPLUS
2026-01-28,Sulawesi Barat,Beras Medium I,14150.0,15850.0,-1700.0,-10.73,0.0,14150.0,14150.0,0.0,2026,1,5,2,SURPLUS
2026-01-29,Sulawesi Barat,Beras Medium I,14150.0,15850.0,-1700.0,-10.73,0.0,14150.0,14150.0,0.0,2026,1,5,3,SURPLUS
2026-01-30,Sulawesi Barat,Beras Medium I,14150.0,15868.181818181818,-1718.181818181818,-10.83,0.0,14150.0,14150.0,0.0,2026,1,5,4,SURPLUS
2026-02-02,Sulawesi Barat,Beras Medium I,14150.0,15872.727272727272,-1722.727272727272,-10.85,0.0,14150.0,14150.0,0.0,2026,2,6,0,SURPLUS
2026-02-03,Sulawesi Barat,Beras Medium I,14150.0,15865.151515151516,-1715.151515151516,-10.81,0.0,14150.0,14150.0,0.0,2026,2,6,1,SURPLUS
2026-02-04,Sulawesi Barat,Beras Medium I,14150.0,15880.30303030303,-1730.30303030303,-10.9,0.0,14150.0,14150.0,0.0,2026,2,6,2,SURPLUS
2026-02-05,Sulawesi Barat,Beras Medium I,14150.0,15868.181818181818,-1718.181818181818,-10.83,0.0,14150.0,14150.0,0.0,2026,2,6,3,SURPLUS
2026-02-06,Sulawesi Barat,Beras Medium I,14150.0,15866.666666666666,-1716.666666666666,-10.82,0.0,14150.0,14150.0,0.0,2026,2,6,4,SURPLUS
2026-02-09,Sulawesi Barat,Beras Medium I,14150.0,15869.69696969697,-1719.69696969697,-10.84,0.0,14150.0,14150.0,0.0,2026,2,7,0,SURPLUS
2026-02-10,Sulawesi Barat,Beras Medium I,14150.0,15869.69696969697,-1719.69696969697,-10.84,0.0,14150.0,14150.0,0.0,2026,2,7,1,SURPLUS
2026-02-11,Sulawesi Barat,Beras Medium I,14150.0,15866.666666666666,-1716.666666666666,-10.82,0.0,14150.0,14150.0,0.0,2026,2,7,2,SURPLUS
2026-02-12,Sulawesi Barat,Beras Medium I,14200.0,15874.242424242424,-1674.242424242424,-10.55,50.0,14157.142857142857,14151.666666666666,18.898223650461418,2026,2,7,3,SURPLUS
2026-02-13,Sulawesi Barat,Beras Medium I,14200.0,15881.818181818182,-1681.818181818182,-10.59,0.0,14164.285714285714,14153.333333333334,24.397501823713633,2026,2,7,4,SURPLUS
2026-02-16,Sulawesi Barat,Beras Medium I,14200.0,15880.30303030303,-1680.30303030303,-10.58,0.0,14171.42857142857,14155.0,26.726124191242906,2026,2,8,0,SURPLUS
2026-02-17,Sulawesi Barat,Beras Medium I,14200.0,15880.30303030303,-1680.30303030303,-10.58,0.0,14178.57142857143,14156.666666666666,26.726124191242906,2026,2,8,1,SURPLUS
2026-02-18,Sulawesi Barat,Beras Medium I,14200.0,15883.333333333334,-1683.333333333334,-10.6,0.0,14185.714285714286,14158.333333333334,24.397501823713633,2026,2,8,2,SURPLUS
2026-02-19,Sulawesi Barat,Beras Medium I,14200.0,15884.848484848484,-1684.848484848484,-10.61,0.0,14192.857142857143,14160.0,18.898223650461418,2026,2,8,3,SURPLUS
2026-02-20,Sulawesi Barat,Beras Medium I,14200.0,15880.30303030303,-1680.30303030303,-10.58,0.0,14200.0,14161.666666666666,0.0,2026,2,8,4,SURPLUS
2026-02-23,Sulawesi Barat,Beras Medium I,14200.0,15892.424242424242,-1692.424242424242,-10.65,0.0,14200.0,14163.333333333334,0.0,2026,2,9,0,SURPLUS
2026-02-24,Sulawesi Barat,Beras Medium I,14200.0,15892.424242424242,-1692.424242424242,-10.65,0.0,14200.0,14165.0,0.0,2026,2,9,1,SURPLUS
2026-02-25,Sulawesi Barat,Beras Medium I,14200.0,15887.878787878788,-1687.878787878788,-10.62,0.0,14200.0,14166.666666666666,0.0,2026,2,9,2,SURPLUS
2026-02-26,Sulawesi Barat,Beras Medium I,14200.0,15889.39393939394,-1689.39393939394,-10.63,0.0,14200.0,14168.333333333334,0.0,2026,2,9,3,SURPLUS
2026-02-27,Sulawesi Barat,Beras Medium I,14200.0,15887.878787878788,-1687.878787878788,-10.62,0.0,14200.0,14170.0,0.0,2026,2,9,4,SURPLUS
2026-03-02,Sulawesi Barat,Beras Medium I,14200.0,15840.90909090909,-1640.90909090909,-10.36,0.0,14200.0,14171.666666666666,0.0,2026,3,10,0,SURPLUS
2026-03-03,Sulawesi Barat,Beras Medium I,14200.0,15884.848484848484,-1684.848484848484,-10.61,0.0,14200.0,14173.333333333334,0.0,2026,3,10,1,SURPLUS
2026-03-04,Sulawesi Barat,Beras Medium I,14200.0,15890.90909090909,-1690.90909090909,-10.64,0.0,14200.0,14175.0,0.0,2026,3,10,2,SURPLUS
2026-03-05,Sulawesi Barat,Beras Medium I,14200.0,15892.424242424242,-1692.424242424242,-10.65,0.0,14200.0,14176.666666666666,0.0,2026,3,10,3,SURPLUS
2026-03-06,Sulawesi Barat,Beras Medium I,14200.0,15887.878787878788,-1687.878787878788,-10.62,0.0,14200.0,14178.333333333334,0.0,2026,3,10,4,SURPLUS
2026-03-09,Sulawesi Barat,Beras Medium I,14200.0,15887.878787878788,-1687.878787878788,-10.62,0.0,14200.0,14180.0,0.0,2026,3,11,0,SURPLUS
2026-03-10,Sulawesi Barat,Beras Medium I,14200.0,15887.878787878788,-1687.878787878788,-10.62,0.0,14200.0,14181.666666666666,0.0,2026,3,11,1,SURPLUS
2026-03-11,Sulawesi Barat,Beras Medium I,14200.0,15895.454545454546,-1695.454545454546,-10.67,0.0,14200.0,14183.333333333334,0.0,2026,3,11,2,SURPLUS
2026-03-12,Sulawesi Barat,Beras Medium I,14200.0,15910.60606060606,-1710.60606060606,-10.75,0.0,14200.0,14185.0,0.0,2026,3,11,3,SURPLUS
2026-03-13,Sulawesi Barat,Beras Medium I,14200.0,15912.121212121212,-1712.121212121212,-10.76,0.0,14200.0,14186.666666666666,0.0,2026,3,11,4,SURPLUS
2026-03-16,Sulawesi Barat,Beras Medium I,14200.0,15924.242424242424,-1724.242424242424,-10.83,0.0,14200.0,14188.333333333334,0.0,2026,3,12,0,SURPLUS
2026-03-17,Sulawesi Barat,Beras Medium I,14200.0,15934.848484848484,-1734.848484848484,-10.89,0.0,14200.0,14190.0,0.0,2026,3,12,1,SURPLUS
2026-03-18,Sulawesi Barat,Beras Medium I,14200.0,15931.818181818182,-1731.818181818182,-10.87,0.0,14200.0,14191.666666666666,0.0,2026,3,12,2,SURPLUS
2026-03-19,Sulawesi Barat,Beras Medium I,14200.0,15930.30303030303,-1730.30303030303,-10.86,0.0,14200.0,14193.333333333334,0.0,2026,3,12,3,SURPLUS
2026-03-20,Sulawesi Barat,Beras Medium I,14200.0,15931.818181818182,-1731.818181818182,-10.87,0.0,14200.0,14195.0,0.0,2026,3,12,4,SURPLUS
2026-03-23,Sulawesi Barat,Beras Medium I,14200.0,15933.333333333334,-1733.333333333334,-10.88,0.0,14200.0,14196.666666666666,0.0,2026,3,13,0,SURPLUS
2026-03-24,Sulawesi Barat,Beras Medium I,14200.0,15931.818181818182,-1731.818181818182,-10.87,0.0,14200.0,14198.333333333334,0.0,2026,3,13,1,SURPLUS
2026-03-25,Sulawesi Barat,Beras Medium I,14200.0,15940.90909090909,-1740.90909090909,-10.92,0.0,14200.0,14200.0,0.0,2026,3,13,2,SURPLUS
2026-03-26,Sulawesi Barat,Beras Medium I,14200.0,15942.424242424242,-1742.424242424242,-10.93,0.0,14200.0,14200.0,0.0,2026,3,13,3,SURPLUS
2026-03-27,Sulawesi Barat,Beras Medium I,14200.0,15942.424242424242,-1742.424242424242,-10.93,0.0,14200.0,14200.0,0.0,2026,3,13,4,SURPLUS
2026-03-30,Sulawesi Barat,Beras Medium I,14200.0,15956.060606060606,-1756.060606060606,-11.01,0.0,14200.0,14200.0,0.0,2026,3,14,0,SURPLUS
2026-03-31,Sulawesi Barat,Beras Medium I,14200.0,15960.60606060606,-1760.60606060606,-11.03,0.0,14200.0,14200.0,0.0,2026,3,14,1,SURPLUS
2026-04-01,Sulawesi Barat,Beras Medium I,14200.0,15965.151515151516,-1765.151515151516,-11.06,0.0,14200.0,14200.0,0.0,2026,4,14,2,SURPLUS
2026-04-02,Sulawesi Barat,Beras Medium I,14200.0,15965.151515151516,-1765.151515151516,-11.06,0.0,14200.0,14200.0,0.0,2026,4,14,3,SURPLUS
2026-04-03,Sulawesi Barat,Beras Medium I,14200.0,15945.454545454546,-1745.454545454546,-10.95,0.0,14200.0,14200.0,0.0,2026,4,14,4,SURPLUS
2026-04-06,Sulawesi Barat,Beras Medium I,14200.0,15981.818181818182,-1781.818181818182,-11.15,0.0,14200.0,14200.0,0.0,2026,4,15,0,SURPLUS
2026-04-07,Sulawesi Barat,Beras Medium I,14200.0,15995.454545454546,-1795.454545454546,-11.22,0.0,14200.0,14200.0,0.0,2026,4,15,1,SURPLUS
2026-04-08,Sulawesi Barat,Beras Medium I,14200.0,15983.333333333334,-1783.333333333334,-11.16,0.0,14200.0,14200.0,0.0,2026,4,15,2,SURPLUS
2026-04-09,Sulawesi Barat,Beras Medium I,14200.0,15989.39393939394,-1789.39393939394,-11.19,0.0,14200.0,14200.0,0.0,2026,4,15,3,SURPLUS
2026-04-10,Sulawesi Barat,Beras Medium I,14200.0,16010.60606060606,-1810.60606060606,-11.31,0.0,14200.0,14200.0,0.0,2026,4,15,4,SURPLUS
2026-04-13,Sulawesi Barat,Beras Medium I,14200.0,16113.636363636364,-1913.636363636364,-11.88,0.0,14200.0,14200.0,0.0,2026,4,16,0,SURPLUS
2026-01-01,Sulawesi Selatan,Beras Medium I,14850.0,15869.69696969697,-1019.69696969697,-6.43,,14850.0,14850.0,,2026,1,1,3,SURPLUS
2026-01-02,Sulawesi Selatan,Beras Medium I,14600.0,15854.545454545454,-1254.545454545454,-7.91,-250.0,14725.0,14725.0,176.7766952966369,2026,1,1,4,SURPLUS
2026-01-05,Sulawesi Selatan,Beras Medium I,14600.0,15843.939393939394,-1243.939393939394,-7.85,0.0,14683.333333333334,14683.333333333334,144.33756729740657,2026,1,2,0,SURPLUS
2026-01-06,Sulawesi Selatan,Beras Medium I,14600.0,15857.575757575758,-1257.575757575758,-7.93,0.0,14662.5,14662.5,125.00000000000016,2026,1,2,1,SURPLUS
2026-01-07,Sulawesi Selatan,Beras Medium I,14600.0,15854.545454545454,-1254.545454545454,-7.91,0.0,14650.0,14650.0,111.80339887498961,2026,1,2,2,SURPLUS
2026-01-08,Sulawesi Selatan,Beras Medium I,14600.0,15859.09090909091,-1259.09090909091,-7.94,0.0,14641.666666666666,14641.666666666666,102.06207261596583,2026,1,2,3,SURPLUS
2026-01-09,Sulawesi Selatan,Beras Medium I,14600.0,15860.60606060606,-1260.60606060606,-7.95,0.0,14635.714285714286,14635.714285714286,94.4911182523068,2026,1,2,4,SURPLUS
2026-01-12,Sulawesi Selatan,Beras Medium I,14600.0,15848.484848484848,-1248.484848484848,-7.88,0.0,14600.0,14631.25,0.0,2026,1,3,0,SURPLUS
2026-01-13,Sulawesi Selatan,Beras Medium I,14600.0,15846.969696969696,-1246.969696969696,-7.87,0.0,14600.0,14627.777777777777,0.0,2026,1,3,1,SURPLUS
2026-01-14,Sulawesi Selatan,Beras Medium I,14600.0,15848.484848484848,-1248.484848484848,-7.88,0.0,14600.0,14625.0,0.0,2026,1,3,2,SURPLUS
2026-01-15,Sulawesi Selatan,Beras Medium I,14600.0,15843.939393939394,-1243.939393939394,-7.85,0.0,14600.0,14622.727272727272,0.0,2026,1,3,3,SURPLUS
2026-01-16,Sulawesi Selatan,Beras Medium I,14600.0,15837.878787878788,-1237.878787878788,-7.82,0.0,14600.0,14620.833333333334,0.0,2026,1,3,4,SURPLUS
2026-01-19,Sulawesi Selatan,Beras Medium I,14600.0,15836.363636363636,-1236.363636363636,-7.81,0.0,14600.0,14619.23076923077,0.0,2026,1,4,0,SURPLUS
2026-01-20,Sulawesi Selatan,Beras Medium I,14600.0,15836.363636363636,-1236.363636363636,-7.81,0.0,14600.0,14617.857142857143,0.0,2026,1,4,1,SURPLUS
2026-01-21,Sulawesi Selatan,Beras Medium I,14600.0,15834.848484848484,-1234.848484848484,-7.8,0.0,14600.0,14616.666666666666,0.0,2026,1,4,2,SURPLUS
2026-01-22,Sulawesi Selatan,Beras Medium I,14600.0,15834.848484848484,-1234.848484848484,-7.8,0.0,14600.0,14615.625,0.0,2026,1,4,3,SURPLUS
2026-01-23,Sulawesi Selatan,Beras Medium I,14600.0,15845.454545454546,-1245.454545454546,-7.86,0.0,14600.0,14614.70588235294,0.0,2026,1,4,4,SURPLUS
2026-01-26,Sulawesi Selatan,Beras Medium I,14600.0,15843.939393939394,-1243.939393939394,-7.85,0.0,14600.0,14613.888888888889,0.0,2026,1,5,0,SURPLUS
2026-01-27,Sulawesi Selatan,Beras Medium I,14600.0,15846.969696969696,-1246.969696969696,-7.87,0.0,14600.0,14613.157894736842,0.0,2026,1,5,1,SURPLUS
2026-01-28,Sulawesi Selatan,Beras Medium I,14600.0,15850.0,-1250.0,-7.89,0.0,14600.0,14612.5,0.0,2026,1,5,2,SURPLUS
2026-01-29,Sulawesi Selatan,Beras Medium I,14600.0,15850.0,-1250.0,-7.89,0.0,14600.0,14611.904761904761,0.0,2026,1,5,3,SURPLUS
2026-01-30,Sulawesi Selatan,Beras Medium I,14600.0,15868.181818181818,-1268.181818181818,-7.99,0.0,14600.0,14611.363636363636,0.0,2026,1,5,4,SURPLUS
2026-02-02,Sulawesi Selatan,Beras Medium I,14600.0,15872.727272727272,-1272.727272727272,-8.02,0.0,14600.0,14610.869565217392,0.0,2026,2,6,0,SURPLUS
2026-02-03,Sulawesi Selatan,Beras Medium I,14600.0,15865.151515151516,-1265.151515151516,-7.97,0.0,14600.0,14610.416666666666,0.0,2026,2,6,1,SURPLUS
2026-02-04,Sulawesi Selatan,Beras Medium I,14700.0,15880.30303030303,-1180.30303030303,-7.43,100.0,14614.285714285714,14614.0,37.796447300922836,2026,2,6,2,SURPLUS
2026-02-05,Sulawesi Selatan,Beras Medium I,14700.0,15868.181818181818,-1168.181818181818,-7.36,0.0,14628.57142857143,14617.307692307691,48.795003647427,2026,2,6,3,SURPLUS
2026-02-06,Sulawesi Selatan,Beras Medium I,14700.0,15866.666666666666,-1166.666666666666,-7.35,0.0,14642.857142857143,14620.37037037037,53.45224838248557,2026,2,6,4,SURPLUS
2026-02-09,Sulawesi Selatan,Beras Medium I,14700.0,15869.69696969697,-1169.69696969697,-7.37,0.0,14657.142857142857,14623.214285714286,53.4522483824861,2026,2,7,0,SURPLUS
2026-02-10,Sulawesi Selatan,Beras Medium I,14700.0,15869.69696969697,-1169.69696969697,-7.37,0.0,14671.42857142857,14625.862068965518,48.79500364742873,2026,2,7,1,SURPLUS
2026-02-11,Sulawesi Selatan,Beras Medium I,14650.0,15866.666666666666,-1216.666666666666,-7.67,-50.0,14678.57142857143,14626.666666666666,39.33978962347526,2026,2,7,2,SURPLUS
2026-02-12,Sulawesi Selatan,Beras Medium I,14650.0,15874.242424242424,-1224.242424242424,-7.71,0.0,14685.714285714286,14620.0,24.3975018237194,2026,2,7,3,SURPLUS
2026-02-13,Sulawesi Selatan,Beras Medium I,14600.0,15881.818181818182,-1281.818181818182,-8.07,-50.0,14671.42857142857,14620.0,39.33978962347552,2026,2,7,4,SURPLUS
2026-02-16,Sulawesi Selatan,Beras Medium I,14600.0,15880.30303030303,-1280.30303030303,-8.06,0.0,14657.142857142857,14620.0,44.986770542124624,2026,2,8,0,SURPLUS
2026-02-17,Sulawesi Selatan,Beras Medium I,14600.0,15880.30303030303,-1280.30303030303,-8.06,0.0,14642.857142857143,14620.0,44.986770542124624,2026,2,8,1,SURPLUS
2026-02-18,Sulawesi Selatan,Beras Medium I,14650.0,15883.333333333334,-1233.333333333334,-7.76,50.0,14635.714285714286,14621.666666666666,37.79644730092608,2026,2,8,2,SURPLUS
2026-02-19,Sulawesi Selatan,Beras Medium I,14650.0,15884.848484848484,-1234.848484848484,-7.77,0.0,14628.57142857143,14623.333333333334,26.72612419124725,2026,2,8,3,SURPLUS
2026-02-20,Sulawesi Selatan,Beras Medium I,14550.0,15880.30303030303,-1330.30303030303,-8.38,-100.0,14614.285714285714,14621.666666666666,37.79644730092608,2026,2,8,4,SURPLUS
2026-02-23,Sulawesi Selatan,Beras Medium I,14550.0,15892.424242424242,-1342.424242424242,-8.45,0.0,14600.0,14620.0,40.824829046388935,2026,2,9,0,SURPLUS
2026-02-24,Sulawesi Selatan,Beras Medium I,14550.0,15892.424242424242,-1342.424242424242,-8.45,0.0,14592.857142857143,14618.333333333334,44.98677054212397,2026,2,9,1,SURPLUS
2026-02-25,Sulawesi Selatan,Beras Medium I,14550.0,15887.878787878788,-1337.878787878788,-8.42,0.0,14585.714285714286,14616.666666666666,47.55948656056878,2026,2,9,2,SURPLUS
2026-02-26,Sulawesi Selatan,Beras Medium I,14550.0,15889.39393939394,-1339.39393939394,-8.43,0.0,14578.57142857143,14615.0,48.79500364742812,2026,2,9,3,SURPLUS
2026-02-27,Sulawesi Selatan,Beras Medium I,14550.0,15887.878787878788,-1337.878787878788,-8.42,0.0,14564.285714285714,14613.333333333334,37.796447300924285,2026,2,9,4,SURPLUS
2026-03-02,Sulawesi Selatan,Beras Medium I,14550.0,15840.90909090909,-1290.90909090909,-8.15,0.0,14550.0,14611.666666666666,0.0,2026,3,10,0,SURPLUS
2026-03-03,Sulawesi Selatan,Beras Medium I,14550.0,15884.848484848484,-1334.848484848484,-8.4,0.0,14550.0,14610.0,0.0,2026,3,10,1,SURPLUS
2026-03-04,Sulawesi Selatan,Beras Medium I,14550.0,15890.90909090909,-1340.90909090909,-8.44,0.0,14550.0,14608.333333333334,0.0,2026,3,10,2,SURPLUS
2026-03-05,Sulawesi Selatan,Beras Medium I,14550.0,15892.424242424242,-1342.424242424242,-8.45,0.0,14550.0,14606.666666666666,0.0,2026,3,10,3,SURPLUS
2026-03-06,Sulawesi Selatan,Beras Medium I,14550.0,15887.878787878788,-1337.878787878788,-8.42,0.0,14550.0,14605.0,0.0,2026,3,10,4,SURPLUS
2026-03-09,Sulawesi Selatan,Beras Medium I,14550.0,15887.878787878788,-1337.878787878788,-8.42,0.0,14550.0,14603.333333333334,0.0,2026,3,11,0,SURPLUS
2026-03-10,Sulawesi Selatan,Beras Medium I,14550.0,15887.878787878788,-1337.878787878788,-8.42,0.0,14550.0,14601.666666666666,0.0,2026,3,11,1,SURPLUS
2026-03-11,Sulawesi Selatan,Beras Medium I,14550.0,15895.454545454546,-1345.454545454546,-8.46,0.0,14550.0,14600.0,0.0,2026,3,11,2,SURPLUS
2026-03-12,Sulawesi Selatan,Beras Medium I,14550.0,15910.60606060606,-1360.60606060606,-8.55,0.0,14550.0,14598.333333333334,0.0,2026,3,11,3,SURPLUS
2026-03-13,Sulawesi Selatan,Beras Medium I,14550.0,15912.121212121212,-1362.121212121212,-8.56,0.0,14550.0,14596.666666666666,0.0,2026,3,11,4,SURPLUS
2026-03-16,Sulawesi Selatan,Beras Medium I,14550.0,15924.242424242424,-1374.242424242424,-8.63,0.0,14550.0,14595.0,0.0,2026,3,12,0,SURPLUS
2026-03-17,Sulawesi Selatan,Beras Medium I,14550.0,15934.848484848484,-1384.848484848484,-8.69,0.0,14550.0,14593.333333333334,0.0,2026,3,12,1,SURPLUS
2026-03-18,Sulawesi Selatan,Beras Medium I,14550.0,15931.818181818182,-1381.818181818182,-8.67,0.0,14550.0,14588.333333333334,0.0,2026,3,12,2,SURPLUS
2026-03-19,Sulawesi Selatan,Beras Medium I,14550.0,15930.30303030303,-1380.30303030303,-8.66,0.0,14550.0,14583.333333333334,0.0,2026,3,12,3,SURPLUS
2026-03-20,Sulawesi Selatan,Beras Medium I,14550.0,15931.818181818182,-1381.818181818182,-8.67,0.0,14550.0,14578.333333333334,0.0,2026,3,12,4,SURPLUS
2026-03-23,Sulawesi Selatan,Beras Medium I,14550.0,15933.333333333334,-1383.333333333334,-8.68,0.0,14550.0,14573.333333333334,0.0,2026,3,13,0,SURPLUS
2026-03-24,Sulawesi Selatan,Beras Medium I,14550.0,15931.818181818182,-1381.818181818182,-8.67,0.0,14550.0,14568.333333333334,0.0,2026,3,13,1,SURPLUS
2026-03-25,Sulawesi Selatan,Beras Medium I,14600.0,15940.90909090909,-1340.90909090909,-8.41,50.0,14557.142857142857,14566.666666666666,18.898223650461418,2026,3,13,2,SURPLUS
2026-03-26,Sulawesi Selatan,Beras Medium I,14600.0,15942.424242424242,-1342.424242424242,-8.42,0.0,14564.285714285714,14565.0,24.397501823713633,2026,3,13,3,SURPLUS
2026-03-27,Sulawesi Selatan,Beras Medium I,14600.0,15942.424242424242,-1342.424242424242,-8.42,0.0,14571.42857142857,14565.0,26.726124191242906,2026,3,13,4,SURPLUS
2026-03-30,Sulawesi Selatan,Beras Medium I,14650.0,15956.060606060606,-1306.060606060606,-8.19,50.0,14585.714285714286,14566.666666666666,37.79644730092301,2026,3,14,0,SURPLUS
2026-03-31,Sulawesi Selatan,Beras Medium I,14650.0,15960.60606060606,-1310.60606060606,-8.21,0.0,14600.0,14568.333333333334,40.82482904638609,2026,3,14,1,SURPLUS
2026-04-01,Sulawesi Selatan,Beras Medium I,14650.0,15965.151515151516,-1315.151515151516,-8.24,0.0,14614.285714285714,14568.333333333334,37.796447300921685,2026,4,14,2,SURPLUS
2026-04-02,Sulawesi Selatan,Beras Medium I,14650.0,15965.151515151516,-1315.151515151516,-8.24,0.0,14628.57142857143,14568.333333333334,26.72612419124012,2026,4,14,3,SURPLUS
2026-04-03,Sulawesi Selatan,Beras Medium I,14650.0,15945.454545454546,-1295.454545454546,-8.12,0.0,14635.714285714286,14571.666666666666,24.39750182371058,2026,4,14,4,SURPLUS
2026-04-06,Sulawesi Selatan,Beras Medium I,14650.0,15981.818181818182,-1331.818181818182,-8.33,0.0,14642.857142857143,14575.0,18.89822365045748,2026,4,15,0,SURPLUS
2026-04-07,Sulawesi Selatan,Beras Medium I,14650.0,15995.454545454546,-1345.454545454546,-8.41,0.0,14650.0,14578.333333333334,0.0,2026,4,15,1,SURPLUS
2026-04-08,Sulawesi Selatan,Beras Medium I,14650.0,15983.333333333334,-1333.333333333334,-8.34,0.0,14650.0,14581.666666666666,0.0,2026,4,15,2,SURPLUS
2026-04-09,Sulawesi Selatan,Beras Medium I,14650.0,15989.39393939394,-1339.39393939394,-8.38,0.0,14650.0,14585.0,0.0,2026,4,15,3,SURPLUS
2026-04-10,Sulawesi Selatan,Beras Medium I,14700.0,16010.60606060606,-1310.60606060606,-8.19,50.0,14657.142857142857,14590.0,18.898223650461418,2026,4,15,4,SURPLUS
2026-04-13,Sulawesi Selatan,Beras Medium I,14700.0,16113.636363636364,-1413.636363636364,-8.77,0.0,14664.285714285714,14595.0,24.397501823713633,2026,4,16,0,SURPLUS
2026-01-01,Sulawesi Tengah,Beras Medium I,15150.0,15869.69696969697,-719.69696969697,-4.54,,15150.0,15150.0,,2026,1,1,3,NORMAL
2026-01-02,Sulawesi Tengah,Beras Medium I,15150.0,15854.545454545454,-704.545454545454,-4.44,0.0,15150.0,15150.0,0.0,2026,1,1,4,NORMAL
2026-01-05,Sulawesi Tengah,Beras Medium I,15150.0,15843.939393939394,-693.939393939394,-4.38,0.0,15150.0,15150.0,0.0,2026,1,2,0,NORMAL
2026-01-06,Sulawesi Tengah,Beras Medium I,15150.0,15857.575757575758,-707.575757575758,-4.46,0.0,15150.0,15150.0,0.0,2026,1,2,1,NORMAL
2026-01-07,Sulawesi Tengah,Beras Medium I,15150.0,15854.545454545454,-704.545454545454,-4.44,0.0,15150.0,15150.0,0.0,2026,1,2,2,NORMAL
2026-01-08,Sulawesi Tengah,Beras Medium I,15150.0,15859.09090909091,-709.0909090909099,-4.47,0.0,15150.0,15150.0,0.0,2026,1,2,3,NORMAL
2026-01-09,Sulawesi Tengah,Beras Medium I,15150.0,15860.60606060606,-710.60606060606,-4.48,0.0,15150.0,15150.0,0.0,2026,1,2,4,NORMAL
2026-01-12,Sulawesi Tengah,Beras Medium I,15150.0,15848.484848484848,-698.484848484848,-4.41,0.0,15150.0,15150.0,0.0,2026,1,3,0,NORMAL
2026-01-13,Sulawesi Tengah,Beras Medium I,15150.0,15846.969696969696,-696.9696969696961,-4.4,0.0,15150.0,15150.0,0.0,2026,1,3,1,NORMAL
2026-01-14,Sulawesi Tengah,Beras Medium I,15150.0,15848.484848484848,-698.484848484848,-4.41,0.0,15150.0,15150.0,0.0,2026,1,3,2,NORMAL
2026-01-15,Sulawesi Tengah,Beras Medium I,15150.0,15843.939393939394,-693.939393939394,-4.38,0.0,15150.0,15150.0,0.0,2026,1,3,3,NORMAL
2026-01-16,Sulawesi Tengah,Beras Medium I,15150.0,15837.878787878788,-687.878787878788,-4.34,0.0,15150.0,15150.0,0.0,2026,1,3,4,NORMAL
2026-01-19,Sulawesi Tengah,Beras Medium I,15150.0,15836.363636363636,-686.363636363636,-4.33,0.0,15150.0,15150.0,0.0,2026,1,4,0,NORMAL
2026-01-20,Sulawesi Tengah,Beras Medium I,15150.0,15836.363636363636,-686.363636363636,-4.33,0.0,15150.0,15150.0,0.0,2026,1,4,1,NORMAL
2026-01-21,Sulawesi Tengah,Beras Medium I,15150.0,15834.848484848484,-684.8484848484841,-4.32,0.0,15150.0,15150.0,0.0,2026,1,4,2,NORMAL
2026-01-22,Sulawesi Tengah,Beras Medium I,15150.0,15834.848484848484,-684.8484848484841,-4.32,0.0,15150.0,15150.0,0.0,2026,1,4,3,NORMAL
2026-01-23,Sulawesi Tengah,Beras Medium I,15150.0,15845.454545454546,-695.454545454546,-4.39,0.0,15150.0,15150.0,0.0,2026,1,4,4,NORMAL
2026-01-26,Sulawesi Tengah,Beras Medium I,15000.0,15843.939393939394,-843.939393939394,-5.33,-150.0,15128.57142857143,15141.666666666666,56.69467095138425,2026,1,5,0,SURPLUS
2026-01-27,Sulawesi Tengah,Beras Medium I,15000.0,15846.969696969696,-846.9696969696961,-5.34,0.0,15107.142857142857,15134.21052631579,73.19250547114011,2026,1,5,1,SURPLUS
2026-01-28,Sulawesi Tengah,Beras Medium I,15000.0,15850.0,-850.0,-5.36,0.0,15085.714285714286,15127.5,80.17837257372746,2026,1,5,2,SURPLUS
2026-01-29,Sulawesi Tengah,Beras Medium I,15000.0,15850.0,-850.0,-5.36,0.0,15064.285714285714,15121.42857142857,80.17837257372746,2026,1,5,3,SURPLUS
2026-01-30,Sulawesi Tengah,Beras Medium I,15000.0,15868.181818181818,-868.181818181818,-5.47,0.0,15042.857142857143,15115.90909090909,73.19250547114011,2026,1,5,4,SURPLUS
2026-02-02,Sulawesi Tengah,Beras Medium I,15000.0,15872.727272727272,-872.7272727272721,-5.5,0.0,15021.42857142857,15110.869565217392,56.69467095138425,2026,2,6,0,SURPLUS
2026-02-03,Sulawesi Tengah,Beras Medium I,15000.0,15865.151515151516,-865.1515151515159,-5.45,0.0,15000.0,15106.25,0.0,2026,2,6,1,SURPLUS
2026-02-04,Sulawesi Tengah,Beras Medium I,15000.0,15880.30303030303,-880.30303030303,-5.54,0.0,15000.0,15102.0,0.0,2026,2,6,2,SURPLUS
2026-02-05,Sulawesi Tengah,Beras Medium I,15000.0,15868.181818181818,-868.181818181818,-5.47,0.0,15000.0,15098.076923076924,0.0,2026,2,6,3,SURPLUS
2026-02-06,Sulawesi Tengah,Beras Medium I,15000.0,15866.666666666666,-866.6666666666661,-5.46,0.0,15000.0,15094.444444444445,0.0,2026,2,6,4,SURPLUS
2026-02-09,Sulawesi Tengah,Beras Medium I,15000.0,15869.69696969697,-869.69696969697,-5.48,0.0,15000.0,15091.07142857143,0.0,2026,2,7,0,SURPLUS
2026-02-10,Sulawesi Tengah,Beras Medium I,15000.0,15869.69696969697,-869.69696969697,-5.48,0.0,15000.0,15087.931034482759,0.0,2026,2,7,1,SURPLUS
2026-02-11,Sulawesi Tengah,Beras Medium I,15000.0,15866.666666666666,-866.6666666666661,-5.46,0.0,15000.0,15085.0,0.0,2026,2,7,2,SURPLUS
2026-02-12,Sulawesi Tengah,Beras Medium I,15000.0,15874.242424242424,-874.242424242424,-5.51,0.0,15000.0,15080.0,0.0,2026,2,7,3,SURPLUS
2026-02-13,Sulawesi Tengah,Beras Medium I,15000.0,15881.818181818182,-881.818181818182,-5.55,0.0,15000.0,15075.0,0.0,2026,2,7,4,SURPLUS
2026-02-16,Sulawesi Tengah,Beras Medium I,15000.0,15880.30303030303,-880.30303030303,-5.54,0.0,15000.0,15070.0,0.0,2026,2,8,0,SURPLUS
2026-02-17,Sulawesi Tengah,Beras Medium I,15000.0,15880.30303030303,-880.30303030303,-5.54,0.0,15000.0,15065.0,0.0,2026,2,8,1,SURPLUS
2026-02-18,Sulawesi Tengah,Beras Medium I,15000.0,15883.333333333334,-883.3333333333339,-5.56,0.0,15000.0,15060.0,0.0,2026,2,8,2,SURPLUS
2026-02-19,Sulawesi Tengah,Beras Medium I,15000.0,15884.848484848484,-884.8484848484841,-5.57,0.0,15000.0,15055.0,0.0,2026,2,8,3,SURPLUS
2026-02-20,Sulawesi Tengah,Beras Medium I,15000.0,15880.30303030303,-880.30303030303,-5.54,0.0,15000.0,15050.0,0.0,2026,2,8,4,SURPLUS
2026-02-23,Sulawesi Tengah,Beras Medium I,15000.0,15892.424242424242,-892.424242424242,-5.62,0.0,15000.0,15045.0,0.0,2026,2,9,0,SURPLUS
2026-02-24,Sulawesi Tengah,Beras Medium I,15000.0,15892.424242424242,-892.424242424242,-5.62,0.0,15000.0,15040.0,0.0,2026,2,9,1,SURPLUS
2026-02-25,Sulawesi Tengah,Beras Medium I,15000.0,15887.878787878788,-887.878787878788,-5.59,0.0,15000.0,15035.0,0.0,2026,2,9,2,SURPLUS
2026-02-26,Sulawesi Tengah,Beras Medium I,15000.0,15889.39393939394,-889.39393939394,-5.6,0.0,15000.0,15030.0,0.0,2026,2,9,3,SURPLUS
2026-02-27,Sulawesi Tengah,Beras Medium I,15000.0,15887.878787878788,-887.878787878788,-5.59,0.0,15000.0,15025.0,0.0,2026,2,9,4,SURPLUS
2026-03-02,Sulawesi Tengah,Beras Medium I,15000.0,15840.90909090909,-840.9090909090901,-5.31,0.0,15000.0,15020.0,0.0,2026,3,10,0,SURPLUS
2026-03-03,Sulawesi Tengah,Beras Medium I,15000.0,15884.848484848484,-884.8484848484841,-5.57,0.0,15000.0,15015.0,0.0,2026,3,10,1,SURPLUS
2026-03-04,Sulawesi Tengah,Beras Medium I,15000.0,15890.90909090909,-890.9090909090901,-5.61,0.0,15000.0,15010.0,0.0,2026,3,10,2,SURPLUS
2026-03-05,Sulawesi Tengah,Beras Medium I,15000.0,15892.424242424242,-892.424242424242,-5.62,0.0,15000.0,15005.0,0.0,2026,3,10,3,SURPLUS
2026-03-06,Sulawesi Tengah,Beras Medium I,15000.0,15887.878787878788,-887.878787878788,-5.59,0.0,15000.0,15000.0,0.0,2026,3,10,4,SURPLUS
2026-03-09,Sulawesi Tengah,Beras Medium I,15000.0,15887.878787878788,-887.878787878788,-5.59,0.0,15000.0,15000.0,0.0,2026,3,11,0,SURPLUS
2026-03-10,Sulawesi Tengah,Beras Medium I,15000.0,15887.878787878788,-887.878787878788,-5.59,0.0,15000.0,15000.0,0.0,2026,3,11,1,SURPLUS
2026-03-11,Sulawesi Tengah,Beras Medium I,15000.0,15895.454545454546,-895.454545454546,-5.63,0.0,15000.0,15000.0,0.0,2026,3,11,2,SURPLUS
2026-03-12,Sulawesi Tengah,Beras Medium I,15000.0,15910.60606060606,-910.60606060606,-5.72,0.0,15000.0,15000.0,0.0,2026,3,11,3,SURPLUS
2026-03-13,Sulawesi Tengah,Beras Medium I,15000.0,15912.121212121212,-912.121212121212,-5.73,0.0,15000.0,15000.0,0.0,2026,3,11,4,SURPLUS
2026-03-16,Sulawesi Tengah,Beras Medium I,15000.0,15924.242424242424,-924.242424242424,-5.8,0.0,15000.0,15000.0,0.0,2026,3,12,0,SURPLUS
2026-03-17,Sulawesi Tengah,Beras Medium I,15000.0,15934.848484848484,-934.8484848484841,-5.87,0.0,15000.0,15000.0,0.0,2026,3,12,1,SURPLUS
2026-03-18,Sulawesi Tengah,Beras Medium I,15000.0,15931.818181818182,-931.818181818182,-5.85,0.0,15000.0,15000.0,0.0,2026,3,12,2,SURPLUS
2026-03-19,Sulawesi Tengah,Beras Medium I,15000.0,15930.30303030303,-930.30303030303,-5.84,0.0,15000.0,15000.0,0.0,2026,3,12,3,SURPLUS
2026-03-20,Sulawesi Tengah,Beras Medium I,15000.0,15931.818181818182,-931.818181818182,-5.85,0.0,15000.0,15000.0,0.0,2026,3,12,4,SURPLUS
2026-03-23,Sulawesi Tengah,Beras Medium I,15000.0,15933.333333333334,-933.3333333333339,-5.86,0.0,15000.0,15000.0,0.0,2026,3,13,0,SURPLUS
2026-03-24,Sulawesi Tengah,Beras Medium I,15000.0,15931.818181818182,-931.818181818182,-5.85,0.0,15000.0,15000.0,0.0,2026,3,13,1,SURPLUS
2026-03-25,Sulawesi Tengah,Beras Medium I,15000.0,15940.90909090909,-940.9090909090901,-5.9,0.0,15000.0,15000.0,0.0,2026,3,13,2,SURPLUS
2026-03-26,Sulawesi Tengah,Beras Medium I,15000.0,15942.424242424242,-942.424242424242,-5.91,0.0,15000.0,15000.0,0.0,2026,3,13,3,SURPLUS
2026-03-27,Sulawesi Tengah,Beras Medium I,15000.0,15942.424242424242,-942.424242424242,-5.91,0.0,15000.0,15000.0,0.0,2026,3,13,4,SURPLUS
2026-03-30,Sulawesi Tengah,Beras Medium I,15000.0,15956.060606060606,-956.060606060606,-5.99,0.0,15000.0,15000.0,0.0,2026,3,14,0,SURPLUS
2026-03-31,Sulawesi Tengah,Beras Medium I,15000.0,15960.60606060606,-960.60606060606,-6.02,0.0,15000.0,15000.0,0.0,2026,3,14,1,SURPLUS
2026-04-01,Sulawesi Tengah,Beras Medium I,15000.0,15965.151515151516,-965.1515151515159,-6.05,0.0,15000.0,15000.0,0.0,2026,4,14,2,SURPLUS
2026-04-02,Sulawesi Tengah,Beras Medium I,15000.0,15965.151515151516,-965.1515151515159,-6.05,0.0,15000.0,15000.0,0.0,2026,4,14,3,SURPLUS
2026-04-03,Sulawesi Tengah,Beras Medium I,15000.0,15945.454545454546,-945.454545454546,-5.93,0.0,15000.0,15000.0,0.0,2026,4,14,4,SURPLUS
2026-04-06,Sulawesi Tengah,Beras Medium I,15000.0,15981.818181818182,-981.818181818182,-6.14,0.0,15000.0,15000.0,0.0,2026,4,15,0,SURPLUS
2026-04-07,Sulawesi Tengah,Beras Medium I,15000.0,15995.454545454546,-995.454545454546,-6.22,0.0,15000.0,15000.0,0.0,2026,4,15,1,SURPLUS
2026-04-08,Sulawesi Tengah,Beras Medium I,15000.0,15983.333333333334,-983.3333333333339,-6.15,0.0,15000.0,15000.0,0.0,2026,4,15,2,SURPLUS
2026-04-09,Sulawesi Tengah,Beras Medium I,15200.0,15989.39393939394,-789.39393939394,-4.94,200.0,15028.57142857143,15006.666666666666,75.59289460184527,2026,4,15,3,NORMAL
2026-04-10,Sulawesi Tengah,Beras Medium I,15000.0,16010.60606060606,-1010.60606060606,-6.31,-200.0,15028.57142857143,15006.666666666666,75.59289460184527,2026,4,15,4,SURPLUS
2026-04-13,Sulawesi Tengah,Beras Medium I,15000.0,16113.636363636364,-1113.636363636364,-6.91,0.0,15028.57142857143,15006.666666666666,75.59289460184527,2026,4,16,0,SURPLUS
2026-01-01,Sulawesi Tenggara,Beras Medium I,15800.0,15869.69696969697,-69.69696969696997,-0.44,,15800.0,15800.0,,2026,1,1,3,NORMAL
2026-01-02,Sulawesi Tenggara,Beras Medium I,15800.0,15854.545454545454,-54.54545454545405,-0.34,0.0,15800.0,15800.0,0.0,2026,1,1,4,NORMAL
2026-01-05,Sulawesi Tenggara,Beras Medium I,15800.0,15843.939393939394,-43.939393939393995,-0.28,0.0,15800.0,15800.0,0.0,2026,1,2,0,NORMAL
2026-01-06,Sulawesi Tenggara,Beras Medium I,15800.0,15857.575757575758,-57.57575757575796,-0.36,0.0,15800.0,15800.0,0.0,2026,1,2,1,NORMAL
2026-01-07,Sulawesi Tenggara,Beras Medium I,15800.0,15854.545454545454,-54.54545454545405,-0.34,0.0,15800.0,15800.0,0.0,2026,1,2,2,NORMAL
2026-01-08,Sulawesi Tenggara,Beras Medium I,15800.0,15859.09090909091,-59.09090909090992,-0.37,0.0,15800.0,15800.0,0.0,2026,1,2,3,NORMAL
2026-01-09,Sulawesi Tenggara,Beras Medium I,15800.0,15860.60606060606,-60.606060606060055,-0.38,0.0,15800.0,15800.0,0.0,2026,1,2,4,NORMAL
2026-01-12,Sulawesi Tenggara,Beras Medium I,15800.0,15848.484848484848,-48.484848484848044,-0.31,0.0,15800.0,15800.0,0.0,2026,1,3,0,NORMAL
2026-01-13,Sulawesi Tenggara,Beras Medium I,15800.0,15846.969696969696,-46.96969696969609,-0.3,0.0,15800.0,15800.0,0.0,2026,1,3,1,NORMAL
2026-01-14,Sulawesi Tenggara,Beras Medium I,15800.0,15848.484848484848,-48.484848484848044,-0.31,0.0,15800.0,15800.0,0.0,2026,1,3,2,NORMAL
2026-01-15,Sulawesi Tenggara,Beras Medium I,15800.0,15843.939393939394,-43.939393939393995,-0.28,0.0,15800.0,15800.0,0.0,2026,1,3,3,NORMAL
2026-01-16,Sulawesi Tenggara,Beras Medium I,15800.0,15837.878787878788,-37.87878787878799,-0.24,0.0,15800.0,15800.0,0.0,2026,1,3,4,NORMAL
2026-01-19,Sulawesi Tenggara,Beras Medium I,15800.0,15836.363636363636,-36.36363636363603,-0.23,0.0,15800.0,15800.0,0.0,2026,1,4,0,NORMAL
2026-01-20,Sulawesi Tenggara,Beras Medium I,15800.0,15836.363636363636,-36.36363636363603,-0.23,0.0,15800.0,15800.0,0.0,2026,1,4,1,NORMAL
2026-01-21,Sulawesi Tenggara,Beras Medium I,15800.0,15834.848484848484,-34.84848484848408,-0.22,0.0,15800.0,15800.0,0.0,2026,1,4,2,NORMAL
2026-01-22,Sulawesi Tenggara,Beras Medium I,15800.0,15834.848484848484,-34.84848484848408,-0.22,0.0,15800.0,15800.0,0.0,2026,1,4,3,NORMAL
2026-01-23,Sulawesi Tenggara,Beras Medium I,15800.0,15845.454545454546,-45.45454545454595,-0.29,0.0,15800.0,15800.0,0.0,2026,1,4,4,NORMAL
2026-01-26,Sulawesi Tenggara,Beras Medium I,15800.0,15843.939393939394,-43.939393939393995,-0.28,0.0,15800.0,15800.0,0.0,2026,1,5,0,NORMAL
2026-01-27,Sulawesi Tenggara,Beras Medium I,15800.0,15846.969696969696,-46.96969696969609,-0.3,0.0,15800.0,15800.0,0.0,2026,1,5,1,NORMAL
2026-01-28,Sulawesi Tenggara,Beras Medium I,15800.0,15850.0,-50.0,-0.32,0.0,15800.0,15800.0,0.0,2026,1,5,2,NORMAL
2026-01-29,Sulawesi Tenggara,Beras Medium I,15800.0,15850.0,-50.0,-0.32,0.0,15800.0,15800.0,0.0,2026,1,5,3,NORMAL
2026-01-30,Sulawesi Tenggara,Beras Medium I,15800.0,15868.181818181818,-68.18181818181802,-0.43,0.0,15800.0,15800.0,0.0,2026,1,5,4,NORMAL
2026-02-02,Sulawesi Tenggara,Beras Medium I,15800.0,15872.727272727272,-72.72727272727207,-0.46,0.0,15800.0,15800.0,0.0,2026,2,6,0,NORMAL
2026-02-03,Sulawesi Tenggara,Beras Medium I,15800.0,15865.151515151516,-65.15151515151592,-0.41,0.0,15800.0,15800.0,0.0,2026,2,6,1,NORMAL
2026-02-04,Sulawesi Tenggara,Beras Medium I,15800.0,15880.30303030303,-80.30303030303003,-0.51,0.0,15800.0,15800.0,0.0,2026,2,6,2,NORMAL
2026-02-05,Sulawesi Tenggara,Beras Medium I,15700.0,15868.181818181818,-168.18181818181802,-1.06,-100.0,15785.714285714286,15796.153846153846,37.796447300922836,2026,2,6,3,NORMAL
2026-02-06,Sulawesi Tenggara,Beras Medium I,15700.0,15866.666666666666,-166.66666666666606,-1.05,0.0,15771.42857142857,15792.592592592593,48.795003647427,2026,2,6,4,NORMAL
2026-02-09,Sulawesi Tenggara,Beras Medium I,15700.0,15869.69696969697,-169.69696969696997,-1.07,0.0,15757.142857142857,15789.285714285714,53.45224838248557,2026,2,7,0,NORMAL
2026-02-10,Sulawesi Tenggara,Beras Medium I,15700.0,15869.69696969697,-169.69696969696997,-1.07,0.0,15742.857142857143,15786.206896551725,53.4522483824861,2026,2,7,1,NORMAL
2026-02-11,Sulawesi Tenggara,Beras Medium I,15700.0,15866.666666666666,-166.66666666666606,-1.05,0.0,15728.57142857143,15783.333333333334,48.79500364742873,2026,2,7,2,NORMAL
2026-02-12,Sulawesi Tenggara,Beras Medium I,15700.0,15874.242424242424,-174.24242424242402,-1.1,0.0,15714.285714285714,15780.0,37.79644730092656,2026,2,7,3,NORMAL
2026-02-13,Sulawesi Tenggara,Beras Medium I,15700.0,15881.818181818182,-181.81818181818198,-1.14,0.0,15700.0,15776.666666666666,1.985231399027003e-05,2026,2,7,4,NORMAL
2026-02-16,Sulawesi Tenggara,Beras Medium I,15700.0,15880.30303030303,-180.30303030303003,-1.14,0.0,15700.0,15773.333333333334,1.985231399027003e-05,2026,2,8,0,NORMAL
2026-02-17,Sulawesi Tenggara,Beras Medium I,15700.0,15880.30303030303,-180.30303030303003,-1.14,0.0,15700.0,15770.0,1.985231399027003e-05,2026,2,8,1,NORMAL
2026-02-18,Sulawesi Tenggara,Beras Medium I,15700.0,15883.333333333334,-183.33333333333394,-1.15,0.0,15700.0,15766.666666666666,1.985231399027003e-05,2026,2,8,2,NORMAL
2026-02-19,Sulawesi Tenggara,Beras Medium I,15700.0,15884.848484848484,-184.84848484848408,-1.16,0.0,15700.0,15763.333333333334,1.985231399027003e-05,2026,2,8,3,NORMAL
2026-02-20,Sulawesi Tenggara,Beras Medium I,15700.0,15880.30303030303,-180.30303030303003,-1.14,0.0,15700.0,15760.0,1.985231399027003e-05,2026,2,8,4,NORMAL
2026-02-23,Sulawesi Tenggara,Beras Medium I,15700.0,15892.424242424242,-192.42424242424204,-1.21,0.0,15700.0,15756.666666666666,1.985231399027003e-05,2026,2,9,0,NORMAL
2026-02-24,Sulawesi Tenggara,Beras Medium I,15700.0,15892.424242424242,-192.42424242424204,-1.21,0.0,15700.0,15753.333333333334,1.985231399027003e-05,2026,2,9,1,NORMAL
2026-02-25,Sulawesi Tenggara,Beras Medium I,15700.0,15887.878787878788,-187.878787878788,-1.18,0.0,15700.0,15750.0,1.985231399027003e-05,2026,2,9,2,NORMAL
2026-02-26,Sulawesi Tenggara,Beras Medium I,15700.0,15889.39393939394,-189.39393939393995,-1.19,0.0,15700.0,15746.666666666666,1.985231399027003e-05,2026,2,9,3,NORMAL
2026-02-27,Sulawesi Tenggara,Beras Medium I,15700.0,15887.878787878788,-187.878787878788,-1.18,0.0,15700.0,15743.333333333334,1.985231399027003e-05,2026,2,9,4,NORMAL
2026-03-02,Sulawesi Tenggara,Beras Medium I,15700.0,15840.90909090909,-140.90909090909008,-0.89,0.0,15700.0,15740.0,1.985231399027003e-05,2026,3,10,0,NORMAL
2026-03-03,Sulawesi Tenggara,Beras Medium I,15700.0,15884.848484848484,-184.84848484848408,-1.16,0.0,15700.0,15736.666666666666,1.985231399027003e-05,2026,3,10,1,NORMAL
2026-03-04,Sulawesi Tenggara,Beras Medium I,15700.0,15890.90909090909,-190.90909090909008,-1.2,0.0,15700.0,15733.333333333334,1.985231399027003e-05,2026,3,10,2,NORMAL
2026-03-05,Sulawesi Tenggara,Beras Medium I,15700.0,15892.424242424242,-192.42424242424204,-1.21,0.0,15700.0,15730.0,1.985231399027003e-05,2026,3,10,3,NORMAL
2026-03-06,Sulawesi Tenggara,Beras Medium I,15700.0,15887.878787878788,-187.878787878788,-1.18,0.0,15700.0,15726.666666666666,1.985231399027003e-05,2026,3,10,4,NORMAL
2026-03-09,Sulawesi Tenggara,Beras Medium I,15700.0,15887.878787878788,-187.878787878788,-1.18,0.0,15700.0,15723.333333333334,1.985231399027003e-05,2026,3,11,0,NORMAL
2026-03-10,Sulawesi Tenggara,Beras Medium I,15700.0,15887.878787878788,-187.878787878788,-1.18,0.0,15700.0,15720.0,1.985231399027003e-05,2026,3,11,1,NORMAL
2026-03-11,Sulawesi Tenggara,Beras Medium I,15700.0,15895.454545454546,-195.45454545454595,-1.23,0.0,15700.0,15716.666666666666,1.985231399027003e-05,2026,3,11,2,NORMAL
2026-03-12,Sulawesi Tenggara,Beras Medium I,15700.0,15910.60606060606,-210.60606060606005,-1.32,0.0,15700.0,15713.333333333334,1.985231399027003e-05,2026,3,11,3,NORMAL
2026-03-13,Sulawesi Tenggara,Beras Medium I,15750.0,15912.121212121212,-162.121212121212,-1.02,50.0,15707.142857142857,15711.666666666666,18.898223650470356,2026,3,11,4,NORMAL
2026-03-16,Sulawesi Tenggara,Beras Medium I,15800.0,15924.242424242424,-124.24242424242402,-0.78,50.0,15721.42857142857,15711.666666666666,39.33978962347509,2026,3,12,0,NORMAL
2026-03-17,Sulawesi Tenggara,Beras Medium I,15800.0,15934.848484848484,-134.84848484848408,-0.85,0.0,15735.714285714286,15711.666666666666,47.559486560568544,2026,3,12,1,NORMAL
2026-03-18,Sulawesi Tenggara,Beras Medium I,15800.0,15931.818181818182,-131.81818181818198,-0.83,0.0,15750.0,15711.666666666666,50.000000000000604,2026,3,12,2,NORMAL
2026-03-19,Sulawesi Tenggara,Beras Medium I,15800.0,15930.30303030303,-130.30303030303003,-0.82,0.0,15764.285714285714,15715.0,47.55948656056708,2026,3,12,3,NORMAL
2026-03-20,Sulawesi Tenggara,Beras Medium I,15800.0,15931.818181818182,-131.81818181818198,-0.83,0.0,15778.57142857143,15718.333333333334,39.339789623471574,2026,3,12,4,NORMAL
2026-03-23,Sulawesi Tenggara,Beras Medium I,15800.0,15933.333333333334,-133.33333333333394,-0.84,0.0,15792.857142857143,15721.666666666666,18.898223650459364,2026,3,13,0,NORMAL
2026-03-24,Sulawesi Tenggara,Beras Medium I,15800.0,15931.818181818182,-131.81818181818198,-0.83,0.0,15800.0,15725.0,0.0,2026,3,13,1,NORMAL
2026-03-25,Sulawesi Tenggara,Beras Medium I,15800.0,15940.90909090909,-140.90909090909008,-0.88,0.0,15800.0,15728.333333333334,0.0,2026,3,13,2,NORMAL
2026-03-26,Sulawesi Tenggara,Beras Medium I,15800.0,15942.424242424242,-142.42424242424204,-0.89,0.0,15800.0,15731.666666666666,0.0,2026,3,13,3,NORMAL
2026-03-27,Sulawesi Tenggara,Beras Medium I,15800.0,15942.424242424242,-142.42424242424204,-0.89,0.0,15800.0,15735.0,0.0,2026,3,13,4,NORMAL
2026-03-30,Sulawesi Tenggara,Beras Medium I,15800.0,15956.060606060606,-156.060606060606,-0.98,0.0,15800.0,15738.333333333334,0.0,2026,3,14,0,NORMAL
2026-03-31,Sulawesi Tenggara,Beras Medium I,15800.0,15960.60606060606,-160.60606060606005,-1.01,0.0,15800.0,15741.666666666666,0.0,2026,3,14,1,NORMAL
2026-04-01,Sulawesi Tenggara,Beras Medium I,15800.0,15965.151515151516,-165.15151515151592,-1.03,0.0,15800.0,15745.0,0.0,2026,4,14,2,NORMAL
2026-04-02,Sulawesi Tenggara,Beras Medium I,15800.0,15965.151515151516,-165.15151515151592,-1.03,0.0,15800.0,15748.333333333334,0.0,2026,4,14,3,NORMAL
2026-04-03,Sulawesi Tenggara,Beras Medium I,15800.0,15945.454545454546,-145.45454545454595,-0.91,0.0,15800.0,15751.666666666666,0.0,2026,4,14,4,NORMAL
2026-04-06,Sulawesi Tenggara,Beras Medium I,15800.0,15981.818181818182,-181.81818181818198,-1.14,0.0,15800.0,15755.0,0.0,2026,4,15,0,NORMAL
2026-04-07,Sulawesi Tenggara,Beras Medium I,15800.0,15995.454545454546,-195.45454545454595,-1.22,0.0,15800.0,15758.333333333334,0.0,2026,4,15,1,NORMAL
2026-04-08,Sulawesi Tenggara,Beras Medium I,15800.0,15983.333333333334,-183.33333333333394,-1.15,0.0,15800.0,15761.666666666666,0.0,2026,4,15,2,NORMAL
2026-04-09,Sulawesi Tenggara,Beras Medium I,15800.0,15989.39393939394,-189.39393939393995,-1.18,0.0,15800.0,15765.0,0.0,2026,4,15,3,NORMAL
2026-04-10,Sulawesi Tenggara,Beras Medium I,15800.0,16010.60606060606,-210.60606060606005,-1.32,0.0,15800.0,15768.333333333334,0.0,2026,4,15,4,NORMAL
2026-04-13,Sulawesi Tenggara,Beras Medium I,15800.0,16113.636363636364,-313.63636363636397,-1.95,0.0,15800.0,15771.666666666666,0.0,2026,4,16,0,NORMAL
2026-01-01,Sulawesi Utara,Beras Medium I,15000.0,15869.69696969697,-869.69696969697,-5.48,,15000.0,15000.0,,2026,1,1,3,SURPLUS
2026-01-02,Sulawesi Utara,Beras Medium I,15000.0,15854.545454545454,-854.545454545454,-5.39,0.0,15000.0,15000.0,0.0,2026,1,1,4,SURPLUS
2026-01-05,Sulawesi Utara,Beras Medium I,15000.0,15843.939393939394,-843.939393939394,-5.33,0.0,15000.0,15000.0,0.0,2026,1,2,0,SURPLUS
2026-01-06,Sulawesi Utara,Beras Medium I,15000.0,15857.575757575758,-857.575757575758,-5.41,0.0,15000.0,15000.0,0.0,2026,1,2,1,SURPLUS
2026-01-07,Sulawesi Utara,Beras Medium I,15000.0,15854.545454545454,-854.545454545454,-5.39,0.0,15000.0,15000.0,0.0,2026,1,2,2,SURPLUS
2026-01-08,Sulawesi Utara,Beras Medium I,15000.0,15859.09090909091,-859.0909090909099,-5.42,0.0,15000.0,15000.0,0.0,2026,1,2,3,SURPLUS
2026-01-09,Sulawesi Utara,Beras Medium I,15000.0,15860.60606060606,-860.60606060606,-5.43,0.0,15000.0,15000.0,0.0,2026,1,2,4,SURPLUS
2026-01-12,Sulawesi Utara,Beras Medium I,15000.0,15848.484848484848,-848.484848484848,-5.35,0.0,15000.0,15000.0,0.0,2026,1,3,0,SURPLUS
2026-01-13,Sulawesi Utara,Beras Medium I,15000.0,15846.969696969696,-846.9696969696961,-5.34,0.0,15000.0,15000.0,0.0,2026,1,3,1,SURPLUS
2026-01-14,Sulawesi Utara,Beras Medium I,15000.0,15848.484848484848,-848.484848484848,-5.35,0.0,15000.0,15000.0,0.0,2026,1,3,2,SURPLUS
2026-01-15,Sulawesi Utara,Beras Medium I,15000.0,15843.939393939394,-843.939393939394,-5.33,0.0,15000.0,15000.0,0.0,2026,1,3,3,SURPLUS
2026-01-16,Sulawesi Utara,Beras Medium I,15000.0,15837.878787878788,-837.878787878788,-5.29,0.0,15000.0,15000.0,0.0,2026,1,3,4,SURPLUS
2026-01-19,Sulawesi Utara,Beras Medium I,15000.0,15836.363636363636,-836.363636363636,-5.28,0.0,15000.0,15000.0,0.0,2026,1,4,0,SURPLUS
2026-01-20,Sulawesi Utara,Beras Medium I,15000.0,15836.363636363636,-836.363636363636,-5.28,0.0,15000.0,15000.0,0.0,2026,1,4,1,SURPLUS
2026-01-21,Sulawesi Utara,Beras Medium I,15000.0,15834.848484848484,-834.8484848484841,-5.27,0.0,15000.0,15000.0,0.0,2026,1,4,2,SURPLUS
2026-01-22,Sulawesi Utara,Beras Medium I,15000.0,15834.848484848484,-834.8484848484841,-5.27,0.0,15000.0,15000.0,0.0,2026,1,4,3,SURPLUS
2026-01-23,Sulawesi Utara,Beras Medium I,15000.0,15845.454545454546,-845.454545454546,-5.34,0.0,15000.0,15000.0,0.0,2026,1,4,4,SURPLUS
2026-01-26,Sulawesi Utara,Beras Medium I,15000.0,15843.939393939394,-843.939393939394,-5.33,0.0,15000.0,15000.0,0.0,2026,1,5,0,SURPLUS
2026-01-27,Sulawesi Utara,Beras Medium I,15000.0,15846.969696969696,-846.9696969696961,-5.34,0.0,15000.0,15000.0,0.0,2026,1,5,1,SURPLUS
2026-01-28,Sulawesi Utara,Beras Medium I,15000.0,15850.0,-850.0,-5.36,0.0,15000.0,15000.0,0.0,2026,1,5,2,SURPLUS
2026-01-29,Sulawesi Utara,Beras Medium I,15000.0,15850.0,-850.0,-5.36,0.0,15000.0,15000.0,0.0,2026,1,5,3,SURPLUS
2026-01-30,Sulawesi Utara,Beras Medium I,15000.0,15868.181818181818,-868.181818181818,-5.47,0.0,15000.0,15000.0,0.0,2026,1,5,4,SURPLUS
2026-02-02,Sulawesi Utara,Beras Medium I,15000.0,15872.727272727272,-872.7272727272721,-5.5,0.0,15000.0,15000.0,0.0,2026,2,6,0,SURPLUS
2026-02-03,Sulawesi Utara,Beras Medium I,15000.0,15865.151515151516,-865.1515151515159,-5.45,0.0,15000.0,15000.0,0.0,2026,2,6,1,SURPLUS
2026-02-04,Sulawesi Utara,Beras Medium I,15000.0,15880.30303030303,-880.30303030303,-5.54,0.0,15000.0,15000.0,0.0,2026,2,6,2,SURPLUS
2026-02-05,Sulawesi Utara,Beras Medium I,15000.0,15868.181818181818,-868.181818181818,-5.47,0.0,15000.0,15000.0,0.0,2026,2,6,3,SURPLUS
2026-02-06,Sulawesi Utara,Beras Medium I,15000.0,15866.666666666666,-866.6666666666661,-5.46,0.0,15000.0,15000.0,0.0,2026,2,6,4,SURPLUS
2026-02-09,Sulawesi Utara,Beras Medium I,15000.0,15869.69696969697,-869.69696969697,-5.48,0.0,15000.0,15000.0,0.0,2026,2,7,0,SURPLUS
2026-02-10,Sulawesi Utara,Beras Medium I,15000.0,15869.69696969697,-869.69696969697,-5.48,0.0,15000.0,15000.0,0.0,2026,2,7,1,SURPLUS
2026-02-11,Sulawesi Utara,Beras Medium I,15000.0,15866.666666666666,-866.6666666666661,-5.46,0.0,15000.0,15000.0,0.0,2026,2,7,2,SURPLUS
2026-02-12,Sulawesi Utara,Beras Medium I,15000.0,15874.242424242424,-874.242424242424,-5.51,0.0,15000.0,15000.0,0.0,2026,2,7,3,SURPLUS
2026-02-13,Sulawesi Utara,Beras Medium I,15000.0,15881.818181818182,-881.818181818182,-5.55,0.0,15000.0,15000.0,0.0,2026,2,7,4,SURPLUS
2026-02-16,Sulawesi Utara,Beras Medium I,15000.0,15880.30303030303,-880.30303030303,-5.54,0.0,15000.0,15000.0,0.0,2026,2,8,0,SURPLUS
2026-02-17,Sulawesi Utara,Beras Medium I,15000.0,15880.30303030303,-880.30303030303,-5.54,0.0,15000.0,15000.0,0.0,2026,2,8,1,SURPLUS
2026-02-18,Sulawesi Utara,Beras Medium I,15000.0,15883.333333333334,-883.3333333333339,-5.56,0.0,15000.0,15000.0,0.0,2026,2,8,2,SURPLUS
2026-02-19,Sulawesi Utara,Beras Medium I,15000.0,15884.848484848484,-884.8484848484841,-5.57,0.0,15000.0,15000.0,0.0,2026,2,8,3,SURPLUS
2026-02-20,Sulawesi Utara,Beras Medium I,15000.0,15880.30303030303,-880.30303030303,-5.54,0.0,15000.0,15000.0,0.0,2026,2,8,4,SURPLUS
2026-02-23,Sulawesi Utara,Beras Medium I,15000.0,15892.424242424242,-892.424242424242,-5.62,0.0,15000.0,15000.0,0.0,2026,2,9,0,SURPLUS
2026-02-24,Sulawesi Utara,Beras Medium I,15000.0,15892.424242424242,-892.424242424242,-5.62,0.0,15000.0,15000.0,0.0,2026,2,9,1,SURPLUS
2026-02-25,Sulawesi Utara,Beras Medium I,15000.0,15887.878787878788,-887.878787878788,-5.59,0.0,15000.0,15000.0,0.0,2026,2,9,2,SURPLUS
2026-02-26,Sulawesi Utara,Beras Medium I,15000.0,15889.39393939394,-889.39393939394,-5.6,0.0,15000.0,15000.0,0.0,2026,2,9,3,SURPLUS
2026-02-27,Sulawesi Utara,Beras Medium I,15000.0,15887.878787878788,-887.878787878788,-5.59,0.0,15000.0,15000.0,0.0,2026,2,9,4,SURPLUS
2026-03-02,Sulawesi Utara,Beras Medium I,15000.0,15840.90909090909,-840.9090909090901,-5.31,0.0,15000.0,15000.0,0.0,2026,3,10,0,SURPLUS
2026-03-03,Sulawesi Utara,Beras Medium I,15000.0,15884.848484848484,-884.8484848484841,-5.57,0.0,15000.0,15000.0,0.0,2026,3,10,1,SURPLUS
2026-03-04,Sulawesi Utara,Beras Medium I,15000.0,15890.90909090909,-890.9090909090901,-5.61,0.0,15000.0,15000.0,0.0,2026,3,10,2,SURPLUS
2026-03-05,Sulawesi Utara,Beras Medium I,14900.0,15892.424242424242,-992.424242424242,-6.24,-100.0,14985.714285714286,14996.666666666666,37.796447300922836,2026,3,10,3,SURPLUS
2026-03-06,Sulawesi Utara,Beras Medium I,14750.0,15887.878787878788,-1137.878787878788,-7.16,-150.0,14950.0,14988.333333333334,95.74271077563398,2026,3,10,4,SURPLUS
2026-03-09,Sulawesi Utara,Beras Medium I,14750.0,15887.878787878788,-1137.878787878788,-7.16,0.0,14914.285714285714,14980.0,118.01936887041644,2026,3,11,0,SURPLUS
2026-03-10,Sulawesi Utara,Beras Medium I,14750.0,15887.878787878788,-1137.878787878788,-7.16,0.0,14878.57142857143,14971.666666666666,125.35663410560176,2026,3,11,1,SURPLUS
2026-03-11,Sulawesi Utara,Beras Medium I,14750.0,15895.454545454546,-1145.454545454546,-7.21,0.0,14842.857142857143,14963.333333333334,120.51476890327413,2026,3,11,2,SURPLUS
2026-03-12,Sulawesi Utara,Beras Medium I,14750.0,15910.60606060606,-1160.60606060606,-7.29,0.0,14807.142857142857,14955.0,101.77004891982205,2026,3,11,3,SURPLUS
2026-03-13,Sulawesi Utara,Beras Medium I,14750.0,15912.121212121212,-1162.121212121212,-7.3,0.0,14771.42857142857,14946.666666666666,56.694670951386236,2026,3,11,4,SURPLUS
2026-03-16,Sulawesi Utara,Beras Medium I,14750.0,15924.242424242424,-1174.242424242424,-7.37,0.0,14750.0,14938.333333333334,0.0,2026,3,12,0,SURPLUS
2026-03-17,Sulawesi Utara,Beras Medium I,14750.0,15934.848484848484,-1184.848484848484,-7.44,0.0,14750.0,14930.0,0.0,2026,3,12,1,SURPLUS
2026-03-18,Sulawesi Utara,Beras Medium I,14750.0,15931.818181818182,-1181.818181818182,-7.42,0.0,14750.0,14921.666666666666,0.0,2026,3,12,2,SURPLUS
2026-03-19,Sulawesi Utara,Beras Medium I,14750.0,15930.30303030303,-1180.30303030303,-7.41,0.0,14750.0,14913.333333333334,0.0,2026,3,12,3,SURPLUS
2026-03-20,Sulawesi Utara,Beras Medium I,14750.0,15931.818181818182,-1181.818181818182,-7.42,0.0,14750.0,14905.0,0.0,2026,3,12,4,SURPLUS
2026-03-23,Sulawesi Utara,Beras Medium I,14750.0,15933.333333333334,-1183.333333333334,-7.43,0.0,14750.0,14896.666666666666,0.0,2026,3,13,0,SURPLUS
2026-03-24,Sulawesi Utara,Beras Medium I,14750.0,15931.818181818182,-1181.818181818182,-7.42,0.0,14750.0,14888.333333333334,0.0,2026,3,13,1,SURPLUS
2026-03-25,Sulawesi Utara,Beras Medium I,14750.0,15940.90909090909,-1190.90909090909,-7.47,0.0,14750.0,14880.0,0.0,2026,3,13,2,SURPLUS
2026-03-26,Sulawesi Utara,Beras Medium I,14750.0,15942.424242424242,-1192.424242424242,-7.48,0.0,14750.0,14871.666666666666,0.0,2026,3,13,3,SURPLUS
2026-03-27,Sulawesi Utara,Beras Medium I,14750.0,15942.424242424242,-1192.424242424242,-7.48,0.0,14750.0,14863.333333333334,0.0,2026,3,13,4,SURPLUS
2026-03-30,Sulawesi Utara,Beras Medium I,14750.0,15956.060606060606,-1206.060606060606,-7.56,0.0,14750.0,14855.0,0.0,2026,3,14,0,SURPLUS
2026-03-31,Sulawesi Utara,Beras Medium I,14750.0,15960.60606060606,-1210.60606060606,-7.58,0.0,14750.0,14846.666666666666,0.0,2026,3,14,1,SURPLUS
2026-04-01,Sulawesi Utara,Beras Medium I,14750.0,15965.151515151516,-1215.151515151516,-7.61,0.0,14750.0,14838.333333333334,0.0,2026,4,14,2,SURPLUS
2026-04-02,Sulawesi Utara,Beras Medium I,14750.0,15965.151515151516,-1215.151515151516,-7.61,0.0,14750.0,14830.0,0.0,2026,4,14,3,SURPLUS
2026-04-03,Sulawesi Utara,Beras Medium I,14750.0,15945.454545454546,-1195.454545454546,-7.5,0.0,14750.0,14821.666666666666,0.0,2026,4,14,4,SURPLUS
2026-04-06,Sulawesi Utara,Beras Medium I,14750.0,15981.818181818182,-1231.818181818182,-7.71,0.0,14750.0,14813.333333333334,0.0,2026,4,15,0,SURPLUS
2026-04-07,Sulawesi Utara,Beras Medium I,14750.0,15995.454545454546,-1245.454545454546,-7.79,0.0,14750.0,14805.0,0.0,2026,4,15,1,SURPLUS
2026-04-08,Sulawesi Utara,Beras Medium I,14750.0,15983.333333333334,-1233.333333333334,-7.72,0.0,14750.0,14796.666666666666,0.0,2026,4,15,2,SURPLUS
2026-04-09,Sulawesi Utara,Beras Medium I,14750.0,15989.39393939394,-1239.39393939394,-7.75,0.0,14750.0,14788.333333333334,0.0,2026,4,15,3,SURPLUS
2026-04-10,Sulawesi Utara,Beras Medium I,14750.0,16010.60606060606,-1260.60606060606,-7.87,0.0,14750.0,14780.0,0.0,2026,4,15,4,SURPLUS
2026-04-13,Sulawesi Utara,Beras Medium I,14750.0,16113.636363636364,-1363.636363636364,-8.46,0.0,14750.0,14771.666666666666,0.0,2026,4,16,0,SURPLUS
2026-01-01,Sumatera Barat,Beras Medium I,18650.0,15869.69696969697,2780.30303030303,17.52,,18650.0,18650.0,,2026,1,1,3,DEFISIT
2026-01-02,Sumatera Barat,Beras Medium I,18650.0,15854.545454545454,2795.454545454546,17.63,0.0,18650.0,18650.0,0.0,2026,1,1,4,DEFISIT
2026-01-05,Sumatera Barat,Beras Medium I,18650.0,15843.939393939394,2806.060606060606,17.71,0.0,18650.0,18650.0,0.0,2026,1,2,0,DEFISIT
2026-01-06,Sumatera Barat,Beras Medium I,18650.0,15857.575757575758,2792.424242424242,17.61,0.0,18650.0,18650.0,0.0,2026,1,2,1,DEFISIT
2026-01-07,Sumatera Barat,Beras Medium I,18650.0,15854.545454545454,2795.454545454546,17.63,0.0,18650.0,18650.0,0.0,2026,1,2,2,DEFISIT
2026-01-08,Sumatera Barat,Beras Medium I,18650.0,15859.09090909091,2790.90909090909,17.6,0.0,18650.0,18650.0,0.0,2026,1,2,3,DEFISIT
2026-01-09,Sumatera Barat,Beras Medium I,18650.0,15860.60606060606,2789.39393939394,17.59,0.0,18650.0,18650.0,0.0,2026,1,2,4,DEFISIT
2026-01-12,Sumatera Barat,Beras Medium I,18650.0,15848.484848484848,2801.515151515152,17.68,0.0,18650.0,18650.0,0.0,2026,1,3,0,DEFISIT
2026-01-13,Sumatera Barat,Beras Medium I,18650.0,15846.969696969696,2803.030303030304,17.69,0.0,18650.0,18650.0,0.0,2026,1,3,1,DEFISIT
2026-01-14,Sumatera Barat,Beras Medium I,18650.0,15848.484848484848,2801.515151515152,17.68,0.0,18650.0,18650.0,0.0,2026,1,3,2,DEFISIT
2026-01-15,Sumatera Barat,Beras Medium I,18650.0,15843.939393939394,2806.060606060606,17.71,0.0,18650.0,18650.0,0.0,2026,1,3,3,DEFISIT
2026-01-16,Sumatera Barat,Beras Medium I,18650.0,15837.878787878788,2812.121212121212,17.76,0.0,18650.0,18650.0,0.0,2026,1,3,4,DEFISIT
2026-01-19,Sumatera Barat,Beras Medium I,18650.0,15836.363636363636,2813.636363636364,17.77,0.0,18650.0,18650.0,0.0,2026,1,4,0,DEFISIT
2026-01-20,Sumatera Barat,Beras Medium I,18650.0,15836.363636363636,2813.636363636364,17.77,0.0,18650.0,18650.0,0.0,2026,1,4,1,DEFISIT
2026-01-21,Sumatera Barat,Beras Medium I,18650.0,15834.848484848484,2815.151515151516,17.78,0.0,18650.0,18650.0,0.0,2026,1,4,2,DEFISIT
2026-01-22,Sumatera Barat,Beras Medium I,18650.0,15834.848484848484,2815.151515151516,17.78,0.0,18650.0,18650.0,0.0,2026,1,4,3,DEFISIT
2026-01-23,Sumatera Barat,Beras Medium I,18650.0,15845.454545454546,2804.545454545454,17.7,0.0,18650.0,18650.0,0.0,2026,1,4,4,DEFISIT
2026-01-26,Sumatera Barat,Beras Medium I,18800.0,15843.939393939394,2956.060606060606,18.66,150.0,18671.428571428572,18658.333333333332,56.694670951383856,2026,1,5,0,DEFISIT
2026-01-27,Sumatera Barat,Beras Medium I,18850.0,15846.969696969696,3003.030303030304,18.95,50.0,18700.0,18668.42105263158,86.60254037844369,2026,1,5,1,DEFISIT
2026-01-28,Sumatera Barat,Beras Medium I,18850.0,15850.0,3000.0,18.93,0.0,18728.571428571428,18677.5,99.40297973880064,2026,1,5,2,DEFISIT
2026-01-29,Sumatera Barat,Beras Medium I,18850.0,15850.0,3000.0,18.93,0.0,18757.14285714286,18685.714285714286,101.77004891982223,2026,1,5,3,DEFISIT
2026-01-30,Sumatera Barat,Beras Medium I,18850.0,15868.181818181818,2981.818181818182,18.79,0.0,18785.714285714286,18693.18181818182,94.4911182523086,2026,1,5,4,DEFISIT
2026-02-02,Sumatera Barat,Beras Medium I,18850.0,15872.727272727272,2977.272727272728,18.76,0.0,18814.285714285714,18700.0,74.80132415431349,2026,2,6,0,DEFISIT
2026-02-03,Sumatera Barat,Beras Medium I,18900.0,15865.151515151516,3034.848484848484,19.13,50.0,18850.0,18708.333333333332,28.867513459498117,2026,2,6,1,DEFISIT
2026-02-04,Sumatera Barat,Beras Medium I,18900.0,15880.30303030303,3019.69696969697,19.02,0.0,18864.285714285714,18716.0,24.39750182373598,2026,2,6,2,DEFISIT
2026-02-05,Sumatera Barat,Beras Medium I,18900.0,15868.181818181818,3031.818181818182,19.11,0.0,18871.428571428572,18723.076923076922,26.726124191264788,2026,2,6,3,DEFISIT
2026-02-06,Sumatera Barat,Beras Medium I,18900.0,15866.666666666666,3033.333333333334,19.12,0.0,18878.571428571428,18729.62962962963,26.726124191266614,2026,2,6,4,DEFISIT
2026-02-09,Sumatera Barat,Beras Medium I,18900.0,15869.69696969697,3030.30303030303,19.09,0.0,18885.714285714286,18735.714285714286,24.397501823741234,2026,2,7,0,DEFISIT
2026-02-10,Sumatera Barat,Beras Medium I,18850.0,15869.69696969697,2980.30303030303,18.78,-50.0,18885.714285714286,18739.655172413793,24.397501823741234,2026,2,7,1,DEFISIT
2026-02-11,Sumatera Barat,Beras Medium I,18850.0,15866.666666666666,2983.333333333334,18.8,0.0,18885.714285714286,18743.333333333332,24.397501823741234,2026,2,7,2,DEFISIT
2026-02-12,Sumatera Barat,Beras Medium I,18850.0,15874.242424242424,2975.757575757576,18.75,0.0,18878.571428571428,18750.0,26.726124191266614,2026,2,7,3,DEFISIT
2026-02-13,Sumatera Barat,Beras Medium I,18850.0,15881.818181818182,2968.181818181818,18.69,0.0,18871.428571428572,18756.666666666668,26.726124191264788,2026,2,7,4,DEFISIT
2026-02-16,Sumatera Barat,Beras Medium I,18850.0,15880.30303030303,2969.69696969697,18.7,0.0,18864.285714285714,18763.333333333332,24.39750182373598,2026,2,8,0,DEFISIT
2026-02-17,Sumatera Barat,Beras Medium I,18850.0,15880.30303030303,2969.69696969697,18.7,0.0,18857.14285714286,18770.0,18.898223650488713,2026,2,8,1,DEFISIT
2026-02-18,Sumatera Barat,Beras Medium I,18900.0,15883.333333333334,3016.666666666666,18.99,50.0,18857.14285714286,18778.333333333332,18.898223650488713,2026,2,8,2,DEFISIT
2026-02-19,Sumatera Barat,Beras Medium I,18900.0,15884.848484848484,3015.151515151516,18.98,0.0,18864.285714285714,18786.666666666668,24.39750182373598,2026,2,8,3,DEFISIT
2026-02-20,Sumatera Barat,Beras Medium I,18900.0,15880.30303030303,3019.69696969697,19.02,0.0,18871.428571428572,18795.0,26.726124191264788,2026,2,8,4,DEFISIT
2026-02-23,Sumatera Barat,Beras Medium I,18850.0,15892.424242424242,2957.575757575758,18.61,-50.0,18871.428571428572,18801.666666666668,26.726124191264788,2026,2,9,0,DEFISIT
2026-02-24,Sumatera Barat,Beras Medium I,18850.0,15892.424242424242,2957.575757575758,18.61,0.0,18871.428571428572,18808.333333333332,26.726124191264788,2026,2,9,1,DEFISIT
2026-02-25,Sumatera Barat,Beras Medium I,18850.0,15887.878787878788,2962.121212121212,18.64,0.0,18871.428571428572,18815.0,26.726124191264788,2026,2,9,2,DEFISIT
2026-02-26,Sumatera Barat,Beras Medium I,18850.0,15889.39393939394,2960.60606060606,18.63,0.0,18871.428571428572,18821.666666666668,26.726124191264788,2026,2,9,3,DEFISIT
2026-02-27,Sumatera Barat,Beras Medium I,18850.0,15887.878787878788,2962.121212121212,18.64,0.0,18864.285714285714,18828.333333333332,24.39750182373598,2026,2,9,4,DEFISIT
2026-03-02,Sumatera Barat,Beras Medium I,18700.0,15840.90909090909,2859.09090909091,18.05,-150.0,18835.714285714286,18830.0,62.6783170528077,2026,3,10,0,DEFISIT
2026-03-03,Sumatera Barat,Beras Medium I,18700.0,15884.848484848484,2815.151515151516,17.72,0.0,18807.14285714286,18831.666666666668,73.19250547114457,2026,3,10,1,DEFISIT
2026-03-04,Sumatera Barat,Beras Medium I,18700.0,15890.90909090909,2809.09090909091,17.68,0.0,18785.714285714286,18833.333333333332,80.17837257373057,2026,3,10,2,DEFISIT
2026-03-05,Sumatera Barat,Beras Medium I,18700.0,15892.424242424242,2807.575757575758,17.67,0.0,18764.285714285714,18835.0,80.17837257372953,2026,3,10,3,DEFISIT
2026-03-06,Sumatera Barat,Beras Medium I,18700.0,15887.878787878788,2812.121212121212,17.7,0.0,18742.85714285714,18836.666666666668,73.19250547114132,2026,3,10,4,DEFISIT
2026-03-09,Sumatera Barat,Beras Medium I,18700.0,15887.878787878788,2812.121212121212,17.7,0.0,18721.428571428572,18833.333333333332,56.69467095138555,2026,3,11,0,DEFISIT
2026-03-10,Sumatera Barat,Beras Medium I,18700.0,15887.878787878788,2812.121212121212,17.7,0.0,18700.0,18828.333333333332,0.0,2026,3,11,1,DEFISIT
2026-03-11,Sumatera Barat,Beras Medium I,18700.0,15895.454545454546,2804.545454545454,17.64,0.0,18700.0,18823.333333333332,0.0,2026,3,11,2,DEFISIT
2026-03-12,Sumatera Barat,Beras Medium I,18700.0,15910.60606060606,2789.39393939394,17.53,0.0,18700.0,18818.333333333332,0.0,2026,3,11,3,DEFISIT
2026-03-13,Sumatera Barat,Beras Medium I,18700.0,15912.121212121212,2787.878787878788,17.52,0.0,18700.0,18813.333333333332,0.0,2026,3,11,4,DEFISIT
2026-03-16,Sumatera Barat,Beras Medium I,18700.0,15924.242424242424,2775.757575757576,17.43,0.0,18700.0,18808.333333333332,0.0,2026,3,12,0,DEFISIT
2026-03-17,Sumatera Barat,Beras Medium I,18700.0,15934.848484848484,2765.151515151516,17.35,0.0,18700.0,18801.666666666668,0.0,2026,3,12,1,DEFISIT
2026-03-18,Sumatera Barat,Beras Medium I,18700.0,15931.818181818182,2768.181818181818,17.38,0.0,18700.0,18795.0,0.0,2026,3,12,2,DEFISIT
2026-03-19,Sumatera Barat,Beras Medium I,18700.0,15930.30303030303,2769.69696969697,17.39,0.0,18700.0,18788.333333333332,0.0,2026,3,12,3,DEFISIT
2026-03-20,Sumatera Barat,Beras Medium I,18700.0,15931.818181818182,2768.181818181818,17.38,0.0,18700.0,18781.666666666668,0.0,2026,3,12,4,DEFISIT
2026-03-23,Sumatera Barat,Beras Medium I,18700.0,15933.333333333334,2766.666666666666,17.36,0.0,18700.0,18775.0,0.0,2026,3,13,0,DEFISIT
2026-03-24,Sumatera Barat,Beras Medium I,18700.0,15931.818181818182,2768.181818181818,17.38,0.0,18700.0,18770.0,0.0,2026,3,13,1,DEFISIT
2026-03-25,Sumatera Barat,Beras Medium I,18700.0,15940.90909090909,2759.09090909091,17.31,0.0,18700.0,18765.0,0.0,2026,3,13,2,DEFISIT
2026-03-26,Sumatera Barat,Beras Medium I,18650.0,15942.424242424242,2707.575757575758,16.98,-50.0,18692.85714285714,18758.333333333332,18.898223650461016,2026,3,13,3,DEFISIT
2026-03-27,Sumatera Barat,Beras Medium I,18650.0,15942.424242424242,2707.575757575758,16.98,0.0,18685.714285714286,18751.666666666668,24.397501823712222,2026,3,13,4,DEFISIT
2026-03-30,Sumatera Barat,Beras Medium I,18650.0,15956.060606060606,2693.939393939394,16.88,0.0,18678.571428571428,18745.0,26.726124191240128,2026,3,14,0,DEFISIT
2026-03-31,Sumatera Barat,Beras Medium I,18650.0,15960.60606060606,2689.39393939394,16.85,0.0,18671.428571428572,18738.333333333332,26.726124191238306,2026,3,14,1,DEFISIT
2026-04-01,Sumatera Barat,Beras Medium I,18650.0,15965.151515151516,2684.848484848484,16.82,0.0,18664.285714285714,18730.0,24.397501823706968,2026,4,14,2,DEFISIT
2026-04-02,Sumatera Barat,Beras Medium I,18650.0,15965.151515151516,2684.848484848484,16.82,0.0,18657.14285714286,18721.666666666668,18.898223650451257,2026,4,14,3,DEFISIT
2026-04-03,Sumatera Barat,Beras Medium I,18650.0,15945.454545454546,2704.545454545454,16.96,0.0,18650.0,18713.333333333332,0.0,2026,4,14,4,DEFISIT
2026-04-06,Sumatera Barat,Beras Medium I,18650.0,15981.818181818182,2668.181818181818,16.7,0.0,18650.0,18706.666666666668,0.0,2026,4,15,0,DEFISIT
2026-04-07,Sumatera Barat,Beras Medium I,18650.0,15995.454545454546,2654.545454545454,16.6,0.0,18650.0,18700.0,0.0,2026,4,15,1,DEFISIT
2026-04-08,Sumatera Barat,Beras Medium I,18350.0,15983.333333333334,2366.666666666666,14.81,-300.0,18607.14285714286,18683.333333333332,113.3893419027685,2026,4,15,2,DEFISIT
2026-04-09,Sumatera Barat,Beras Medium I,18650.0,15989.39393939394,2660.60606060606,16.64,300.0,18607.14285714286,18676.666666666668,113.38934190276852,2026,4,15,3,DEFISIT
2026-04-10,Sumatera Barat,Beras Medium I,18650.0,16010.60606060606,2639.39393939394,16.49,0.0,18607.14285714286,18670.0,113.38934190276852,2026,4,15,4,DEFISIT
2026-04-13,Sumatera Barat,Beras Medium I,18650.0,16113.636363636364,2536.363636363636,15.74,0.0,18607.14285714286,18668.333333333332,113.38934190276852,2026,4,16,0,DEFISIT
2026-01-01,Sumatera Selatan,Beras Medium I,15650.0,15869.69696969697,-219.69696969696997,-1.38,,15650.0,15650.0,,2026,1,1,3,NORMAL
2026-01-02,Sumatera Selatan,Beras Medium I,15650.0,15854.545454545454,-204.54545454545405,-1.29,0.0,15650.0,15650.0,0.0,2026,1,1,4,NORMAL
2026-01-05,Sumatera Selatan,Beras Medium I,15650.0,15843.939393939394,-193.939393939394,-1.22,0.0,15650.0,15650.0,0.0,2026,1,2,0,NORMAL
2026-01-06,Sumatera Selatan,Beras Medium I,15650.0,15857.575757575758,-207.57575757575796,-1.31,0.0,15650.0,15650.0,0.0,2026,1,2,1,NORMAL
2026-01-07,Sumatera Selatan,Beras Medium I,15650.0,15854.545454545454,-204.54545454545405,-1.29,0.0,15650.0,15650.0,0.0,2026,1,2,2,NORMAL
2026-01-08,Sumatera Selatan,Beras Medium I,15650.0,15859.09090909091,-209.09090909090992,-1.32,0.0,15650.0,15650.0,0.0,2026,1,2,3,NORMAL
2026-01-09,Sumatera Selatan,Beras Medium I,15650.0,15860.60606060606,-210.60606060606005,-1.33,0.0,15650.0,15650.0,0.0,2026,1,2,4,NORMAL
2026-01-12,Sumatera Selatan,Beras Medium I,15650.0,15848.484848484848,-198.48484848484804,-1.25,0.0,15650.0,15650.0,0.0,2026,1,3,0,NORMAL
2026-01-13,Sumatera Selatan,Beras Medium I,15650.0,15846.969696969696,-196.9696969696961,-1.24,0.0,15650.0,15650.0,0.0,2026,1,3,1,NORMAL
2026-01-14,Sumatera Selatan,Beras Medium I,15650.0,15848.484848484848,-198.48484848484804,-1.25,0.0,15650.0,15650.0,0.0,2026,1,3,2,NORMAL
2026-01-15,Sumatera Selatan,Beras Medium I,15650.0,15843.939393939394,-193.939393939394,-1.22,0.0,15650.0,15650.0,0.0,2026,1,3,3,NORMAL
2026-01-16,Sumatera Selatan,Beras Medium I,15650.0,15837.878787878788,-187.878787878788,-1.19,0.0,15650.0,15650.0,0.0,2026,1,3,4,NORMAL
2026-01-19,Sumatera Selatan,Beras Medium I,15650.0,15836.363636363636,-186.36363636363603,-1.18,0.0,15650.0,15650.0,0.0,2026,1,4,0,NORMAL
2026-01-20,Sumatera Selatan,Beras Medium I,15650.0,15836.363636363636,-186.36363636363603,-1.18,0.0,15650.0,15650.0,0.0,2026,1,4,1,NORMAL
2026-01-21,Sumatera Selatan,Beras Medium I,15650.0,15834.848484848484,-184.84848484848408,-1.17,0.0,15650.0,15650.0,0.0,2026,1,4,2,NORMAL
2026-01-22,Sumatera Selatan,Beras Medium I,15650.0,15834.848484848484,-184.84848484848408,-1.17,0.0,15650.0,15650.0,0.0,2026,1,4,3,NORMAL
2026-01-23,Sumatera Selatan,Beras Medium I,15650.0,15845.454545454546,-195.45454545454595,-1.23,0.0,15650.0,15650.0,0.0,2026,1,4,4,NORMAL
2026-01-26,Sumatera Selatan,Beras Medium I,15650.0,15843.939393939394,-193.939393939394,-1.22,0.0,15650.0,15650.0,0.0,2026,1,5,0,NORMAL
2026-01-27,Sumatera Selatan,Beras Medium I,15650.0,15846.969696969696,-196.9696969696961,-1.24,0.0,15650.0,15650.0,0.0,2026,1,5,1,NORMAL
2026-01-28,Sumatera Selatan,Beras Medium I,15650.0,15850.0,-200.0,-1.26,0.0,15650.0,15650.0,0.0,2026,1,5,2,NORMAL
2026-01-29,Sumatera Selatan,Beras Medium I,15650.0,15850.0,-200.0,-1.26,0.0,15650.0,15650.0,0.0,2026,1,5,3,NORMAL
2026-01-30,Sumatera Selatan,Beras Medium I,15650.0,15868.181818181818,-218.18181818181802,-1.37,0.0,15650.0,15650.0,0.0,2026,1,5,4,NORMAL
2026-02-02,Sumatera Selatan,Beras Medium I,15650.0,15872.727272727272,-222.72727272727207,-1.4,0.0,15650.0,15650.0,0.0,2026,2,6,0,NORMAL
2026-02-03,Sumatera Selatan,Beras Medium I,15650.0,15865.151515151516,-215.15151515151592,-1.36,0.0,15650.0,15650.0,0.0,2026,2,6,1,NORMAL
2026-02-04,Sumatera Selatan,Beras Medium I,15650.0,15880.30303030303,-230.30303030303003,-1.45,0.0,15650.0,15650.0,0.0,2026,2,6,2,NORMAL
2026-02-05,Sumatera Selatan,Beras Medium I,15650.0,15868.181818181818,-218.18181818181802,-1.37,0.0,15650.0,15650.0,0.0,2026,2,6,3,NORMAL
2026-02-06,Sumatera Selatan,Beras Medium I,15650.0,15866.666666666666,-216.66666666666606,-1.37,0.0,15650.0,15650.0,0.0,2026,2,6,4,NORMAL
2026-02-09,Sumatera Selatan,Beras Medium I,15650.0,15869.69696969697,-219.69696969696997,-1.38,0.0,15650.0,15650.0,0.0,2026,2,7,0,NORMAL
2026-02-10,Sumatera Selatan,Beras Medium I,15650.0,15869.69696969697,-219.69696969696997,-1.38,0.0,15650.0,15650.0,0.0,2026,2,7,1,NORMAL
2026-02-11,Sumatera Selatan,Beras Medium I,15650.0,15866.666666666666,-216.66666666666606,-1.37,0.0,15650.0,15650.0,0.0,2026,2,7,2,NORMAL
2026-02-12,Sumatera Selatan,Beras Medium I,15700.0,15874.242424242424,-174.24242424242402,-1.1,50.0,15657.142857142857,15651.666666666666,18.898223650461418,2026,2,7,3,NORMAL
2026-02-13,Sumatera Selatan,Beras Medium I,15750.0,15881.818181818182,-131.81818181818198,-0.83,50.0,15671.42857142857,15655.0,39.33978962347256,2026,2,7,4,NORMAL
2026-02-16,Sumatera Selatan,Beras Medium I,15750.0,15880.30303030303,-130.30303030303003,-0.82,0.0,15685.714285714286,15658.333333333334,47.559486560567386,2026,2,8,0,NORMAL
2026-02-17,Sumatera Selatan,Beras Medium I,15750.0,15880.30303030303,-130.30303030303003,-0.82,0.0,15700.0,15661.666666666666,49.99999999999989,2026,2,8,1,NORMAL
2026-02-18,Sumatera Selatan,Beras Medium I,15700.0,15883.333333333334,-183.33333333333394,-1.15,-50.0,15707.142857142857,15663.333333333334,44.98677054212139,2026,2,8,2,NORMAL
2026-02-19,Sumatera Selatan,Beras Medium I,15750.0,15884.848484848484,-134.84848484848408,-0.85,50.0,15721.42857142857,15666.666666666666,39.3397896234711,2026,2,8,3,NORMAL
2026-02-20,Sumatera Selatan,Beras Medium I,15750.0,15880.30303030303,-130.30303030303003,-0.82,0.0,15735.714285714286,15670.0,24.39750182371112,2026,2,8,4,NORMAL
2026-02-23,Sumatera Selatan,Beras Medium I,15750.0,15892.424242424242,-142.42424242424204,-0.9,0.0,15742.857142857143,15673.333333333334,18.898223650458174,2026,2,9,0,NORMAL
2026-02-24,Sumatera Selatan,Beras Medium I,15750.0,15892.424242424242,-142.42424242424204,-0.9,0.0,15742.857142857143,15676.666666666666,18.898223650458174,2026,2,9,1,NORMAL
2026-02-25,Sumatera Selatan,Beras Medium I,15750.0,15887.878787878788,-137.878787878788,-0.87,0.0,15742.857142857143,15680.0,18.898223650458174,2026,2,9,2,NORMAL
2026-02-26,Sumatera Selatan,Beras Medium I,15750.0,15889.39393939394,-139.39393939393995,-0.88,0.0,15742.857142857143,15683.333333333334,18.898223650458174,2026,2,9,3,NORMAL
2026-02-27,Sumatera Selatan,Beras Medium I,15750.0,15887.878787878788,-137.878787878788,-0.87,0.0,15750.0,15686.666666666666,0.0,2026,2,9,4,NORMAL
2026-03-02,Sumatera Selatan,Beras Medium I,15750.0,15840.90909090909,-90.90909090909008,-0.57,0.0,15750.0,15690.0,0.0,2026,3,10,0,NORMAL
2026-03-03,Sumatera Selatan,Beras Medium I,15750.0,15884.848484848484,-134.84848484848408,-0.85,0.0,15750.0,15693.333333333334,0.0,2026,3,10,1,NORMAL
2026-03-04,Sumatera Selatan,Beras Medium I,15750.0,15890.90909090909,-140.90909090909008,-0.89,0.0,15750.0,15696.666666666666,0.0,2026,3,10,2,NORMAL
2026-03-05,Sumatera Selatan,Beras Medium I,15750.0,15892.424242424242,-142.42424242424204,-0.9,0.0,15750.0,15700.0,0.0,2026,3,10,3,NORMAL
2026-03-06,Sumatera Selatan,Beras Medium I,15750.0,15887.878787878788,-137.878787878788,-0.87,0.0,15750.0,15703.333333333334,0.0,2026,3,10,4,NORMAL
2026-03-09,Sumatera Selatan,Beras Medium I,15750.0,15887.878787878788,-137.878787878788,-0.87,0.0,15750.0,15706.666666666666,0.0,2026,3,11,0,NORMAL
2026-03-10,Sumatera Selatan,Beras Medium I,15750.0,15887.878787878788,-137.878787878788,-0.87,0.0,15750.0,15710.0,0.0,2026,3,11,1,NORMAL
2026-03-11,Sumatera Selatan,Beras Medium I,15750.0,15895.454545454546,-145.45454545454595,-0.92,0.0,15750.0,15713.333333333334,0.0,2026,3,11,2,NORMAL
2026-03-12,Sumatera Selatan,Beras Medium I,15750.0,15910.60606060606,-160.60606060606005,-1.01,0.0,15750.0,15716.666666666666,0.0,2026,3,11,3,NORMAL
2026-03-13,Sumatera Selatan,Beras Medium I,15750.0,15912.121212121212,-162.121212121212,-1.02,0.0,15750.0,15720.0,0.0,2026,3,11,4,NORMAL
2026-03-16,Sumatera Selatan,Beras Medium I,15750.0,15924.242424242424,-174.24242424242402,-1.09,0.0,15750.0,15723.333333333334,0.0,2026,3,12,0,NORMAL
2026-03-17,Sumatera Selatan,Beras Medium I,15750.0,15934.848484848484,-184.84848484848408,-1.16,0.0,15750.0,15726.666666666666,0.0,2026,3,12,1,NORMAL
2026-03-18,Sumatera Selatan,Beras Medium I,15750.0,15931.818181818182,-181.81818181818198,-1.14,0.0,15750.0,15730.0,0.0,2026,3,12,2,NORMAL
2026-03-19,Sumatera Selatan,Beras Medium I,15750.0,15930.30303030303,-180.30303030303003,-1.13,0.0,15750.0,15733.333333333334,0.0,2026,3,12,3,NORMAL
2026-03-20,Sumatera Selatan,Beras Medium I,15750.0,15931.818181818182,-181.81818181818198,-1.14,0.0,15750.0,15736.666666666666,0.0,2026,3,12,4,NORMAL
2026-03-23,Sumatera Selatan,Beras Medium I,15750.0,15933.333333333334,-183.33333333333394,-1.15,0.0,15750.0,15740.0,0.0,2026,3,13,0,NORMAL
2026-03-24,Sumatera Selatan,Beras Medium I,15750.0,15931.818181818182,-181.81818181818198,-1.14,0.0,15750.0,15743.333333333334,0.0,2026,3,13,1,NORMAL
2026-03-25,Sumatera Selatan,Beras Medium I,15900.0,15940.90909090909,-40.90909090909008,-0.26,150.0,15771.42857142857,15751.666666666666,56.69467095138425,2026,3,13,2,NORMAL
2026-03-26,Sumatera Selatan,Beras Medium I,15900.0,15942.424242424242,-42.42424242424204,-0.27,0.0,15792.857142857143,15758.333333333334,73.19250547114011,2026,3,13,3,NORMAL
2026-03-27,Sumatera Selatan,Beras Medium I,15900.0,15942.424242424242,-42.42424242424204,-0.27,0.0,15814.285714285714,15763.333333333334,80.17837257372746,2026,3,13,4,NORMAL
2026-03-30,Sumatera Selatan,Beras Medium I,15900.0,15956.060606060606,-56.060606060606005,-0.35,0.0,15835.714285714286,15768.333333333334,80.17837257372746,2026,3,14,0,NORMAL
2026-03-31,Sumatera Selatan,Beras Medium I,15900.0,15960.60606060606,-60.606060606060055,-0.38,0.0,15857.142857142857,15773.333333333334,73.19250547114011,2026,3,14,1,NORMAL
2026-04-01,Sumatera Selatan,Beras Medium I,15900.0,15965.151515151516,-65.15151515151592,-0.41,0.0,15878.57142857143,15780.0,56.69467095138425,2026,4,14,2,NORMAL
2026-04-02,Sumatera Selatan,Beras Medium I,15900.0,15965.151515151516,-65.15151515151592,-0.41,0.0,15900.0,15785.0,0.0,2026,4,14,3,NORMAL
2026-04-03,Sumatera Selatan,Beras Medium I,15900.0,15945.454545454546,-45.45454545454595,-0.29,0.0,15900.0,15790.0,0.0,2026,4,14,4,NORMAL
2026-04-06,Sumatera Selatan,Beras Medium I,15900.0,15981.818181818182,-81.81818181818198,-0.51,0.0,15900.0,15795.0,0.0,2026,4,15,0,NORMAL
2026-04-07,Sumatera Selatan,Beras Medium I,15900.0,15995.454545454546,-95.45454545454595,-0.6,0.0,15900.0,15800.0,0.0,2026,4,15,1,NORMAL
2026-04-08,Sumatera Selatan,Beras Medium I,15900.0,15983.333333333334,-83.33333333333394,-0.52,0.0,15900.0,15805.0,0.0,2026,4,15,2,NORMAL
2026-04-09,Sumatera Selatan,Beras Medium I,15900.0,15989.39393939394,-89.39393939393995,-0.56,0.0,15900.0,15810.0,0.0,2026,4,15,3,NORMAL
2026-04-10,Sumatera Selatan,Beras Medium I,15900.0,16010.60606060606,-110.60606060606005,-0.69,0.0,15900.0,15815.0,0.0,2026,4,15,4,NORMAL
2026-04-13,Sumatera Selatan,Beras Medium I,15900.0,16113.636363636364,-213.63636363636397,-1.33,0.0,15900.0,15820.0,0.0,2026,4,16,0,NORMAL
2026-01-01,Sumatera Utara,Beras Medium I,15150.0,15869.69696969697,-719.69696969697,-4.54,,15150.0,15150.0,,2026,1,1,3,NORMAL
2026-01-02,Sumatera Utara,Beras Medium I,15150.0,15854.545454545454,-704.545454545454,-4.44,0.0,15150.0,15150.0,0.0,2026,1,1,4,NORMAL
2026-01-05,Sumatera Utara,Beras Medium I,15200.0,15843.939393939394,-643.939393939394,-4.06,50.0,15166.666666666666,15166.666666666666,28.86751345948155,2026,1,2,0,NORMAL
2026-01-06,Sumatera Utara,Beras Medium I,15200.0,15857.575757575758,-657.575757575758,-4.15,0.0,15175.0,15175.0,28.86751345948155,2026,1,2,1,NORMAL
2026-01-07,Sumatera Utara,Beras Medium I,15250.0,15854.545454545454,-604.545454545454,-3.81,50.0,15190.0,15190.0,41.833001326703915,2026,1,2,2,NORMAL
2026-01-08,Sumatera Utara,Beras Medium I,15250.0,15859.09090909091,-609.0909090909099,-3.84,0.0,15200.0,15200.0,44.721359549995896,2026,1,2,3,NORMAL
2026-01-09,Sumatera Utara,Beras Medium I,15200.0,15860.60606060606,-660.60606060606,-4.17,-50.0,15200.0,15200.0,40.82482904638639,2026,1,2,4,NORMAL
2026-01-12,Sumatera Utara,Beras Medium I,15200.0,15848.484848484848,-648.484848484848,-4.09,0.0,15207.142857142857,15200.0,34.503277967117754,2026,1,3,0,NORMAL
2026-01-13,Sumatera Utara,Beras Medium I,15200.0,15846.969696969696,-646.9696969696961,-4.08,0.0,15214.285714285714,15200.0,24.397501823713508,2026,1,3,1,NORMAL
2026-01-14,Sumatera Utara,Beras Medium I,15250.0,15848.484848484848,-598.484848484848,-3.78,50.0,15221.42857142857,15205.0,26.726124191242793,2026,1,3,2,NORMAL
2026-01-15,Sumatera Utara,Beras Medium I,15250.0,15843.939393939394,-593.939393939394,-3.75,0.0,15228.57142857143,15209.09090909091,26.726124191242793,2026,1,3,3,NORMAL
2026-01-16,Sumatera Utara,Beras Medium I,15250.0,15837.878787878788,-587.878787878788,-3.71,0.0,15228.57142857143,15212.5,26.726124191242793,2026,1,3,4,NORMAL
2026-01-19,Sumatera Utara,Beras Medium I,15250.0,15836.363636363636,-586.363636363636,-3.7,0.0,15228.57142857143,15215.384615384615,26.726124191242793,2026,1,4,0,NORMAL
2026-01-20,Sumatera Utara,Beras Medium I,15250.0,15836.363636363636,-586.363636363636,-3.7,0.0,15235.714285714286,15217.857142857143,24.397501823713508,2026,1,4,1,NORMAL
2026-01-21,Sumatera Utara,Beras Medium I,15200.0,15834.848484848484,-634.8484848484841,-4.01,-50.0,15235.714285714286,15216.666666666666,24.397501823713508,2026,1,4,2,NORMAL
2026-01-22,Sumatera Utara,Beras Medium I,15200.0,15834.848484848484,-634.8484848484841,-4.01,0.0,15235.714285714286,15215.625,24.397501823713508,2026,1,4,3,NORMAL
2026-01-23,Sumatera Utara,Beras Medium I,15150.0,15845.454545454546,-695.454545454546,-4.39,-50.0,15221.42857142857,15211.764705882353,39.33978962347258,2026,1,4,4,NORMAL
2026-01-26,Sumatera Utara,Beras Medium I,15150.0,15843.939393939394,-693.939393939394,-4.38,0.0,15207.142857142857,15208.333333333334,44.986770542122684,2026,1,5,0,NORMAL
2026-01-27,Sumatera Utara,Beras Medium I,15150.0,15846.969696969696,-696.9696969696961,-4.4,0.0,15192.857142857143,15205.263157894737,44.98677054212332,2026,1,5,1,NORMAL
2026-01-28,Sumatera Utara,Beras Medium I,15200.0,15850.0,-650.0,-4.1,50.0,15185.714285714286,15205.0,37.79644730092489,2026,1,5,2,NORMAL
2026-01-29,Sumatera Utara,Beras Medium I,15200.0,15850.0,-650.0,-4.1,0.0,15178.57142857143,15204.761904761905,26.726124191246335,2026,1,5,3,NORMAL
2026-01-30,Sumatera Utara,Beras Medium I,15200.0,15868.181818181818,-668.181818181818,-4.21,0.0,15178.57142857143,15204.545454545454,26.726124191246335,2026,1,5,4,NORMAL
2026-02-02,Sumatera Utara,Beras Medium I,15200.0,15872.727272727272,-672.7272727272721,-4.24,0.0,15178.57142857143,15204.347826086956,26.726124191246335,2026,2,6,0,NORMAL
2026-02-03,Sumatera Utara,Beras Medium I,15200.0,15865.151515151516,-665.1515151515159,-4.19,0.0,15185.714285714286,15204.166666666666,24.397501823716812,2026,2,6,1,NORMAL
2026-02-04,Sumatera Utara,Beras Medium I,15200.0,15880.30303030303,-680.30303030303,-4.28,0.0,15192.857142857143,15204.0,18.89822365046478,2026,2,6,2,NORMAL
2026-02-05,Sumatera Utara,Beras Medium I,15100.0,15868.181818181818,-768.181818181818,-4.84,-100.0,15185.714285714286,15200.0,37.79644730092489,2026,2,6,3,NORMAL
2026-02-06,Sumatera Utara,Beras Medium I,15100.0,15866.666666666666,-766.6666666666661,-4.83,0.0,15171.42857142857,15196.296296296296,48.79500364742917,2026,2,6,4,NORMAL
2026-02-09,Sumatera Utara,Beras Medium I,15050.0,15869.69696969697,-819.69696969697,-5.17,-50.0,15150.0,15191.07142857143,64.54972243679308,2026,2,7,0,SURPLUS
2026-02-10,Sumatera Utara,Beras Medium I,14950.0,15869.69696969697,-919.69696969697,-5.8,-100.0,15114.285714285714,15182.758620689656,94.49111825230926,2026,2,7,1,SURPLUS
2026-02-11,Sumatera Utara,Beras Medium I,14950.0,15866.666666666666,-916.6666666666661,-5.78,0.0,15078.57142857143,15175.0,103.50983390135589,2026,2,7,2,SURPLUS
2026-02-12,Sumatera Utara,Beras Medium I,14950.0,15874.242424242424,-924.242424242424,-5.82,0.0,15042.857142857143,15168.333333333334,97.59000729485648,2026,2,7,3,SURPLUS
2026-02-13,Sumatera Utara,Beras Medium I,14950.0,15881.818181818182,-931.818181818182,-5.87,0.0,15007.142857142857,15161.666666666666,73.19250547114466,2026,2,7,4,SURPLUS
2026-02-16,Sumatera Utara,Beras Medium I,14950.0,15880.30303030303,-930.30303030303,-5.86,0.0,14985.714285714286,15153.333333333334,62.67831705280678,2026,2,8,0,SURPLUS
2026-02-17,Sumatera Utara,Beras Medium I,14950.0,15880.30303030303,-930.30303030303,-5.86,0.0,14964.285714285714,15145.0,37.796447300933075,2026,2,8,1,SURPLUS
2026-02-18,Sumatera Utara,Beras Medium I,14950.0,15883.333333333334,-933.3333333333339,-5.88,0.0,14950.0,15135.0,2.8810857290578723e-05,2026,2,8,2,SURPLUS
2026-02-19,Sumatera Utara,Beras Medium I,14950.0,15884.848484848484,-934.8484848484841,-5.89,0.0,14950.0,15125.0,2.8810857290578723e-05,2026,2,8,3,SURPLUS
2026-02-20,Sumatera Utara,Beras Medium I,14900.0,15880.30303030303,-980.30303030303,-6.17,-50.0,14942.857142857143,15115.0,18.898223650484123,2026,2,8,4,SURPLUS
2026-02-23,Sumatera Utara,Beras Medium I,14950.0,15892.424242424242,-942.424242424242,-5.93,50.0,14942.857142857143,15106.666666666666,18.898223650484123,2026,2,9,0,SURPLUS
2026-02-24,Sumatera Utara,Beras Medium I,14950.0,15892.424242424242,-942.424242424242,-5.93,0.0,14942.857142857143,15098.333333333334,18.898223650484123,2026,2,9,1,SURPLUS
2026-02-25,Sumatera Utara,Beras Medium I,14950.0,15887.878787878788,-937.878787878788,-5.9,0.0,14942.857142857143,15088.333333333334,18.898223650484123,2026,2,9,2,SURPLUS
2026-02-26,Sumatera Utara,Beras Medium I,14950.0,15889.39393939394,-939.39393939394,-5.91,0.0,14942.857142857143,15078.333333333334,18.898223650484123,2026,2,9,3,SURPLUS
2026-02-27,Sumatera Utara,Beras Medium I,14800.0,15887.878787878788,-1087.878787878788,-6.85,-150.0,14921.42857142857,15063.333333333334,56.694670951392865,2026,2,9,4,SURPLUS
2026-03-02,Sumatera Utara,Beras Medium I,14800.0,15840.90909090909,-1040.90909090909,-6.57,0.0,14900.0,15048.333333333334,70.71067811866261,2026,3,10,0,SURPLUS
2026-03-03,Sumatera Utara,Beras Medium I,14800.0,15884.848484848484,-1084.848484848484,-6.83,0.0,14885.714285714286,15033.333333333334,80.17837257373466,2026,3,10,1,SURPLUS
2026-03-04,Sumatera Utara,Beras Medium I,14800.0,15890.90909090909,-1090.90909090909,-6.86,0.0,14864.285714285714,15020.0,80.17837257373557,2026,3,10,2,SURPLUS
2026-03-05,Sumatera Utara,Beras Medium I,14800.0,15892.424242424242,-1092.424242424242,-6.87,0.0,14842.857142857143,15006.666666666666,73.19250547115014,2026,3,10,3,SURPLUS
2026-03-06,Sumatera Utara,Beras Medium I,14800.0,15887.878787878788,-1087.878787878788,-6.85,0.0,14821.42857142857,14995.0,56.6946709513987,2026,3,10,4,SURPLUS
2026-03-09,Sumatera Utara,Beras Medium I,14850.0,15887.878787878788,-1037.878787878788,-6.53,50.0,14807.142857142857,14985.0,18.898223650507735,2026,3,11,0,SURPLUS
2026-03-10,Sumatera Utara,Beras Medium I,14850.0,15887.878787878788,-1037.878787878788,-6.53,0.0,14814.285714285714,14975.0,24.397501823748087,2026,3,11,1,SURPLUS
2026-03-11,Sumatera Utara,Beras Medium I,14850.0,15895.454545454546,-1045.454545454546,-6.58,0.0,14821.42857142857,14963.333333333334,26.726124191273303,2026,3,11,2,SURPLUS
2026-03-12,Sumatera Utara,Beras Medium I,14850.0,15910.60606060606,-1060.60606060606,-6.67,0.0,14828.57142857143,14951.666666666666,26.726124191272394,2026,3,11,3,SURPLUS
2026-03-13,Sumatera Utara,Beras Medium I,14850.0,15912.121212121212,-1062.121212121212,-6.67,0.0,14835.714285714286,14940.0,24.39750182374536,2026,3,11,4,SURPLUS
2026-03-16,Sumatera Utara,Beras Medium I,14850.0,15924.242424242424,-1074.242424242424,-6.75,0.0,14842.857142857143,14928.333333333334,18.89822365050163,2026,3,12,0,SURPLUS
2026-03-17,Sumatera Utara,Beras Medium I,14850.0,15934.848484848484,-1084.848484848484,-6.81,0.0,14850.0,14916.666666666666,3.862282865557491e-05,2026,3,12,1,SURPLUS
2026-03-18,Sumatera Utara,Beras Medium I,14850.0,15931.818181818182,-1081.818181818182,-6.79,0.0,14850.0,14905.0,3.862282865557491e-05,2026,3,12,2,SURPLUS
2026-03-19,Sumatera Utara,Beras Medium I,14850.0,15930.30303030303,-1080.30303030303,-6.78,0.0,14850.0,14896.666666666666,3.862282865557491e-05,2026,3,12,3,SURPLUS
2026-03-20,Sumatera Utara,Beras Medium I,14850.0,15931.818181818182,-1081.818181818182,-6.79,0.0,14850.0,14888.333333333334,3.862282865557491e-05,2026,3,12,4,SURPLUS
2026-03-23,Sumatera Utara,Beras Medium I,14850.0,15933.333333333334,-1083.333333333334,-6.8,0.0,14850.0,14881.666666666666,3.862282865557491e-05,2026,3,13,0,SURPLUS
2026-03-24,Sumatera Utara,Beras Medium I,14850.0,15931.818181818182,-1081.818181818182,-6.79,0.0,14850.0,14878.333333333334,3.862282865557491e-05,2026,3,13,1,SURPLUS
2026-03-25,Sumatera Utara,Beras Medium I,14850.0,15940.90909090909,-1090.90909090909,-6.84,0.0,14850.0,14875.0,3.862282865557491e-05,2026,3,13,2,SURPLUS
2026-03-26,Sumatera Utara,Beras Medium I,14850.0,15942.424242424242,-1092.424242424242,-6.85,0.0,14850.0,14871.666666666666,3.862282865557491e-05,2026,3,13,3,SURPLUS
2026-03-27,Sumatera Utara,Beras Medium I,14850.0,15942.424242424242,-1092.424242424242,-6.85,0.0,14850.0,14868.333333333334,3.862282865557491e-05,2026,3,13,4,SURPLUS
2026-03-30,Sumatera Utara,Beras Medium I,14850.0,15956.060606060606,-1106.060606060606,-6.93,0.0,14850.0,14865.0,3.862282865557491e-05,2026,3,14,0,SURPLUS
2026-03-31,Sumatera Utara,Beras Medium I,14850.0,15960.60606060606,-1110.60606060606,-6.96,0.0,14850.0,14861.666666666666,3.862282865557491e-05,2026,3,14,1,SURPLUS
2026-04-01,Sumatera Utara,Beras Medium I,14950.0,15965.151515151516,-1015.1515151515159,-6.36,100.0,14864.285714285714,14861.666666666666,37.79644730094182,2026,4,14,2,SURPLUS
2026-04-02,Sumatera Utara,Beras Medium I,14950.0,15965.151515151516,-1015.1515151515159,-6.36,0.0,14878.57142857143,14861.666666666666,48.79500364744113,2026,4,14,3,SURPLUS
2026-04-03,Sumatera Utara,Beras Medium I,14950.0,15945.454545454546,-995.454545454546,-6.24,0.0,14892.857142857143,14863.333333333334,53.452248382497935,2026,4,14,4,SURPLUS
2026-04-06,Sumatera Utara,Beras Medium I,14850.0,15981.818181818182,-1131.818181818182,-7.08,-100.0,14892.857142857143,14860.0,53.452248382497935,2026,4,15,0,SURPLUS
2026-04-07,Sumatera Utara,Beras Medium I,14850.0,15995.454545454546,-1145.454545454546,-7.16,0.0,14892.857142857143,14856.666666666666,53.452248382497935,2026,4,15,1,SURPLUS
2026-04-08,Sumatera Utara,Beras Medium I,14850.0,15983.333333333334,-1133.333333333334,-7.09,0.0,14892.857142857143,14853.333333333334,53.452248382497935,2026,4,15,2,SURPLUS
2026-04-09,Sumatera Utara,Beras Medium I,14850.0,15989.39393939394,-1139.39393939394,-7.13,0.0,14892.857142857143,14850.0,53.452248382497935,2026,4,15,3,SURPLUS
2026-04-10,Sumatera Utara,Beras Medium I,14850.0,16010.60606060606,-1160.60606060606,-7.25,0.0,14878.57142857143,14851.666666666666,48.79500364744113,2026,4,15,4,SURPLUS
2026-04-13,Sumatera Utara,Beras Medium I,14850.0,16113.636363636364,-1263.636363636364,-7.84,0.0,14864.285714285714,14853.333333333334,37.79644730094182,2026,4,16,0,SURPLUS
2026-01-01,Aceh,Minyak Goreng Curah,19900.0,18851.612903225807,1048.3870967741932,5.56,,19900.0,19900.0,,2026,1,1,3,DEFISIT
2026-01-02,Aceh,Minyak Goreng Curah,19750.0,18843.548387096773,906.4516129032272,4.81,-150.0,19825.0,19825.0,106.06601717798213,2026,1,1,4,NORMAL
2026-01-05,Aceh,Minyak Goreng Curah,19600.0,18840.322580645163,759.6774193548372,4.03,-150.0,19750.0,19750.0,150.0,2026,1,2,0,NORMAL
2026-01-06,Aceh,Minyak Goreng Curah,19600.0,18832.25806451613,767.7419354838712,4.08,0.0,19712.5,19712.5,143.61406616345073,2026,1,2,1,NORMAL
2026-01-07,Aceh,Minyak Goreng Curah,19400.0,18822.58064516129,577.4193548387084,3.07,-200.0,19650.0,19650.0,187.08286933869707,2026,1,2,2,NORMAL
2026-01-08,Aceh,Minyak Goreng Curah,19400.0,18822.58064516129,577.4193548387084,3.07,0.0,19608.333333333332,19608.333333333332,196.00170067289366,2026,1,2,3,NORMAL
2026-01-09,Aceh,Minyak Goreng Curah,19350.0,18825.8064516129,524.1935483870984,2.78,-50.0,19571.428571428572,19571.428571428572,203.8323307221375,2026,1,2,4,NORMAL
2026-01-12,Aceh,Minyak Goreng Curah,19350.0,18803.225806451614,546.7741935483864,2.91,0.0,19492.85714285714,19543.75,156.6007966895728,2026,1,3,0,NORMAL
2026-01-13,Aceh,Minyak Goreng Curah,19350.0,18816.129032258064,533.8709677419356,2.84,0.0,19435.714285714286,19522.222222222223,114.4344270542629,2026,1,3,1,NORMAL
2026-01-14,Aceh,Minyak Goreng Curah,19350.0,18811.290322580644,538.709677419356,2.86,0.0,19400.0,19505.0,91.28709291752473,2026,1,3,2,NORMAL
2026-01-15,Aceh,Minyak Goreng Curah,19350.0,18812.90322580645,537.0967741935492,2.85,0.0,19364.285714285714,19490.909090909092,24.397501823708907,2026,1,3,3,NORMAL
2026-01-16,Aceh,Minyak Goreng Curah,19350.0,18812.90322580645,537.0967741935492,2.85,0.0,19357.14285714286,19479.166666666668,18.89822365045674,2026,1,3,4,NORMAL
2026-01-19,Aceh,Minyak Goreng Curah,18900.0,18809.677419354837,90.32258064516282,0.48,-450.0,19285.714285714286,19434.615384615383,170.08401285415238,2026,1,4,0,NORMAL
2026-01-20,Aceh,Minyak Goreng Curah,18900.0,18817.74193548387,82.2580645161288,0.44,0.0,19221.428571428572,19396.428571428572,219.57751641342023,2026,1,4,1,NORMAL
2026-01-21,Aceh,Minyak Goreng Curah,18900.0,18812.90322580645,87.09677419354921,0.46,0.0,19157.14285714286,19363.333333333332,240.5351177211824,2026,1,4,2,NORMAL
2026-01-22,Aceh,Minyak Goreng Curah,18900.0,18816.129032258064,83.8709677419356,0.45,0.0,19092.85714285714,19334.375,240.5351177211824,2026,1,4,3,NORMAL
2026-01-23,Aceh,Minyak Goreng Curah,18900.0,18817.74193548387,82.2580645161288,0.44,0.0,19028.571428571428,19308.823529411766,219.57751641342023,2026,1,4,4,NORMAL
2026-01-26,Aceh,Minyak Goreng Curah,19100.0,18827.41935483871,272.5806451612916,1.45,200.0,18992.85714285714,19297.222222222223,174.23301310929264,2026,1,5,0,NORMAL
2026-01-27,Aceh,Minyak Goreng Curah,19100.0,18830.645161290322,269.354838709678,1.43,0.0,18957.14285714286,19286.842105263157,97.59000729485325,2026,1,5,1,NORMAL
2026-01-28,Aceh,Minyak Goreng Curah,19100.0,18824.1935483871,275.8064516129016,1.47,0.0,18985.714285714286,19277.5,106.90449676497043,2026,1,5,2,NORMAL
2026-01-29,Aceh,Minyak Goreng Curah,19100.0,18825.8064516129,274.1935483870984,1.46,0.0,19014.285714285714,19269.04761904762,106.9044967649715,2026,1,5,3,NORMAL
2026-01-30,Aceh,Minyak Goreng Curah,19100.0,18864.516129032258,235.4838709677424,1.25,0.0,19042.85714285714,19261.363636363636,97.5900072948567,2026,1,5,4,NORMAL
2026-02-02,Aceh,Minyak Goreng Curah,19150.0,18872.58064516129,277.4193548387084,1.47,50.0,19078.571428571428,19256.521739130436,80.91735937127542,2026,2,6,0,NORMAL
2026-02-03,Aceh,Minyak Goreng Curah,19150.0,18891.935483870966,258.064516129034,1.37,0.0,19114.285714285714,19252.083333333332,24.397501823743077,2026,2,6,1,NORMAL
2026-02-04,Aceh,Minyak Goreng Curah,19150.0,18900.0,250.0,1.32,0.0,19121.428571428572,19248.0,26.726124191271268,2026,2,6,2,NORMAL
2026-02-05,Aceh,Minyak Goreng Curah,19150.0,18967.74193548387,182.2580645161288,0.96,0.0,19128.571428571428,19244.23076923077,26.726124191273094,2026,2,6,3,NORMAL
2026-02-06,Aceh,Minyak Goreng Curah,19250.0,18940.322580645163,309.6774193548372,1.64,100.0,19150.0,19244.444444444445,50.00000000001839,2026,2,6,4,NORMAL
2026-02-09,Aceh,Minyak Goreng Curah,19250.0,18922.58064516129,327.4193548387084,1.73,0.0,19171.428571428572,19244.64285714286,56.69467095140188,2026,2,7,0,NORMAL
2026-02-10,Aceh,Minyak Goreng Curah,19250.0,18927.41935483871,322.5806451612916,1.7,0.0,19192.85714285714,19244.827586206895,53.4522483825056,2026,2,7,1,NORMAL
2026-02-11,Aceh,Minyak Goreng Curah,19250.0,18929.032258064515,320.9677419354848,1.7,0.0,19207.14285714286,19245.0,53.452248382507435,2026,2,7,2,NORMAL
2026-02-12,Aceh,Minyak Goreng Curah,19250.0,18933.870967741936,316.1290322580644,1.67,0.0,19221.428571428572,19223.333333333332,48.79500364745326,2026,2,7,3,NORMAL
2026-02-13,Aceh,Minyak Goreng Curah,19250.0,18982.25806451613,267.7419354838712,1.41,0.0,19235.714285714286,19206.666666666668,37.79644730096006,2026,2,7,4,NORMAL
2026-02-16,Aceh,Minyak Goreng Curah,19350.0,18940.322580645163,409.6774193548372,2.16,100.0,19264.285714285714,19198.333333333332,37.79644730096602,2026,2,8,0,NORMAL
2026-02-17,Aceh,Minyak Goreng Curah,19350.0,18940.322580645163,409.6774193548372,2.16,0.0,19278.571428571428,19190.0,48.79500364746303,2026,2,8,1,NORMAL
2026-02-18,Aceh,Minyak Goreng Curah,19400.0,18969.354838709678,430.645161290322,2.27,50.0,19300.0,19190.0,64.54972243682063,2026,2,8,2,NORMAL
2026-02-19,Aceh,Minyak Goreng Curah,19400.0,18969.354838709678,430.645161290322,2.27,0.0,19321.428571428572,19190.0,69.86381310060773,2026,2,8,3,NORMAL
2026-02-20,Aceh,Minyak Goreng Curah,19400.0,18972.58064516129,427.4193548387084,2.25,0.0,19342.85714285714,19191.666666666668,67.25927091348937,2026,2,8,4,NORMAL
2026-02-23,Aceh,Minyak Goreng Curah,19400.0,18974.1935483871,425.8064516129016,2.24,0.0,19364.285714285714,19193.333333333332,55.634864026464804,2026,2,9,0,NORMAL
2026-02-24,Aceh,Minyak Goreng Curah,19400.0,19011.290322580644,388.709677419356,2.04,0.0,19385.714285714286,19195.0,24.39750182382963,2026,2,9,1,NORMAL
2026-02-25,Aceh,Minyak Goreng Curah,19400.0,19012.90322580645,387.0967741935492,2.04,0.0,19392.85714285714,19196.666666666668,18.898223650616394,2026,2,9,2,NORMAL
2026-02-26,Aceh,Minyak Goreng Curah,19400.0,19014.516129032258,385.4838709677424,2.03,0.0,19400.0,19198.333333333332,7.789443061238602e-05,2026,2,9,3,NORMAL
2026-02-27,Aceh,Minyak Goreng Curah,19400.0,19017.74193548387,382.2580645161288,2.01,0.0,19400.0,19200.0,7.789443061238602e-05,2026,2,9,4,NORMAL
2026-03-02,Aceh,Minyak Goreng Curah,19400.0,19012.90322580645,387.0967741935492,2.04,0.0,19400.0,19216.666666666668,7.789443061238602e-05,2026,3,10,0,NORMAL
2026-03-03,Aceh,Minyak Goreng Curah,19400.0,19024.1935483871,375.8064516129016,1.98,0.0,19400.0,19233.333333333332,7.789443061238602e-05,2026,3,10,1,NORMAL
2026-03-04,Aceh,Minyak Goreng Curah,19400.0,19041.935483870966,358.064516129034,1.88,0.0,19400.0,19250.0,7.789443061238602e-05,2026,3,10,2,NORMAL
2026-03-05,Aceh,Minyak Goreng Curah,19400.0,19043.548387096773,356.4516129032272,1.87,0.0,19400.0,19266.666666666668,7.789443061238602e-05,2026,3,10,3,NORMAL
2026-03-06,Aceh,Minyak Goreng Curah,19400.0,19020.967741935485,379.0322580645152,1.99,0.0,19400.0,19283.333333333332,7.789443061238602e-05,2026,3,10,4,NORMAL
2026-03-09,Aceh,Minyak Goreng Curah,19400.0,19029.032258064515,370.9677419354848,1.95,0.0,19400.0,19293.333333333332,7.789443061238602e-05,2026,3,11,0,NORMAL
2026-03-10,Aceh,Minyak Goreng Curah,19400.0,19067.74193548387,332.2580645161288,1.74,0.0,19400.0,19303.333333333332,7.789443061238602e-05,2026,3,11,1,NORMAL
2026-03-11,Aceh,Minyak Goreng Curah,19650.0,19146.774193548386,503.2258064516136,2.63,250.0,19435.714285714286,19321.666666666668,94.49111825234476,2026,3,11,2,NORMAL
2026-03-12,Aceh,Minyak Goreng Curah,19650.0,19251.612903225807,398.3870967741932,2.07,0.0,19471.428571428572,19340.0,121.98750911860085,2026,3,11,3,NORMAL
2026-03-13,Aceh,Minyak Goreng Curah,19650.0,19287.09677419355,362.9032258064508,1.88,0.0,19507.14285714286,19358.333333333332,133.63062095624758,2026,3,11,4,NORMAL
2026-03-16,Aceh,Minyak Goreng Curah,20000.0,19469.354838709678,530.645161290322,2.73,350.0,19592.85714285714,19386.666666666668,218.762754730221,2026,3,12,0,NORMAL
2026-03-17,Aceh,Minyak Goreng Curah,20100.0,19659.677419354837,440.3225806451628,2.24,100.0,19692.85714285714,19418.333333333332,269.9206232527588,2026,3,12,1,NORMAL
2026-03-18,Aceh,Minyak Goreng Curah,20100.0,19662.90322580645,437.0967741935492,2.22,0.0,19792.85714285714,19450.0,272.99049346786273,2026,3,12,2,NORMAL
2026-03-19,Aceh,Minyak Goreng Curah,20100.0,19654.83870967742,445.1612903225796,2.26,0.0,19892.85714285714,19481.666666666668,229.90681342048904,2026,3,12,3,NORMAL
2026-03-20,Aceh,Minyak Goreng Curah,20100.0,19656.451612903227,443.5483870967728,2.26,0.0,19957.14285714286,19510.0,212.9721645125614,2026,3,12,4,NORMAL
2026-03-23,Aceh,Minyak Goreng Curah,20100.0,19670.967741935485,429.0322580645152,2.18,0.0,20021.428571428572,19538.333333333332,167.9710859472855,2026,3,13,0,NORMAL
2026-03-24,Aceh,Minyak Goreng Curah,20100.0,19670.967741935485,429.0322580645152,2.18,0.0,20085.714285714286,19566.666666666668,37.796447301275784,2026,3,13,1,NORMAL
2026-03-25,Aceh,Minyak Goreng Curah,20100.0,19745.16129032258,354.8387096774204,1.8,0.0,20100.0,19595.0,0.00016471347886189237,2026,3,13,2,NORMAL
2026-03-26,Aceh,Minyak Goreng Curah,20100.0,19758.064516129034,341.935483870966,1.73,0.0,20100.0,19623.333333333332,0.00016471347886189237,2026,3,13,3,NORMAL
2026-03-27,Aceh,Minyak Goreng Curah,20100.0,19758.064516129034,341.935483870966,1.73,0.0,20100.0,19651.666666666668,0.00016471347886189237,2026,3,13,4,NORMAL
2026-03-30,Aceh,Minyak Goreng Curah,20250.0,19843.548387096773,406.4516129032272,2.05,150.0,20121.428571428572,19681.666666666668,56.694670951629085,2026,3,14,0,NORMAL
2026-03-31,Aceh,Minyak Goreng Curah,20250.0,19840.322580645163,409.6774193548372,2.06,0.0,20142.85714285714,19711.666666666668,73.19250547133404,2026,3,14,1,NORMAL
2026-04-01,Aceh,Minyak Goreng Curah,20250.0,19851.612903225807,398.3870967741932,2.01,0.0,20164.285714285714,19740.0,80.17837257390825,2026,4,14,2,NORMAL
2026-04-02,Aceh,Minyak Goreng Curah,20250.0,19870.967741935485,379.0322580645152,1.91,0.0,20185.714285714286,19768.333333333332,80.17837257391218,2026,4,14,3,NORMAL
2026-04-03,Aceh,Minyak Goreng Curah,20250.0,19933.870967741936,316.1290322580644,1.59,0.0,20207.14285714286,19796.666666666668,73.19250547134696,2026,4,14,4,NORMAL
2026-04-06,Aceh,Minyak Goreng Curah,20350.0,19908.064516129034,441.935483870966,2.22,100.0,20242.85714285714,19828.333333333332,73.19250547135414,2026,4,15,0,NORMAL
2026-04-07,Aceh,Minyak Goreng Curah,20350.0,19943.548387096773,406.4516129032272,2.04,0.0,20278.571428571428,19860.0,48.795003647758016,2026,4,15,1,NORMAL
2026-04-08,Aceh,Minyak Goreng Curah,20600.0,19982.25806451613,617.7419354838712,3.09,250.0,20328.571428571428,19900.0,128.63754913575076,2026,4,15,2,NORMAL
2026-04-09,Aceh,Minyak Goreng Curah,20600.0,20138.709677419356,461.290322580644,2.29,0.0,20378.571428571428,19940.0,157.73697214346225,2026,4,15,3,NORMAL
2026-04-10,Aceh,Minyak Goreng Curah,20600.0,20106.451612903227,493.5483870967728,2.45,0.0,20428.571428571428,19980.0,165.4719081324344,2026,4,15,4,NORMAL
2026-04-13,Aceh,Minyak Goreng Curah,20600.0,20133.870967741936,466.1290322580644,2.32,0.0,20478.571428571428,20020.0,155.07294750425294,2026,4,16,0,NORMAL
2026-01-01,Bali,Minyak Goreng Curah,19450.0,18851.612903225807,598.3870967741932,3.17,,19450.0,19450.0,,2026,1,1,3,NORMAL
2026-01-02,Bali,Minyak Goreng Curah,19450.0,18843.548387096773,606.4516129032272,3.22,0.0,19450.0,19450.0,0.0,2026,1,1,4,NORMAL
2026-01-05,Bali,Minyak Goreng Curah,19450.0,18840.322580645163,609.6774193548372,3.24,0.0,19450.0,19450.0,0.0,2026,1,2,0,NORMAL
2026-01-06,Bali,Minyak Goreng Curah,19450.0,18832.25806451613,617.7419354838712,3.28,0.0,19450.0,19450.0,0.0,2026,1,2,1,NORMAL
2026-01-07,Bali,Minyak Goreng Curah,19450.0,18822.58064516129,627.4193548387084,3.33,0.0,19450.0,19450.0,0.0,2026,1,2,2,NORMAL
2026-01-08,Bali,Minyak Goreng Curah,19450.0,18822.58064516129,627.4193548387084,3.33,0.0,19450.0,19450.0,0.0,2026,1,2,3,NORMAL
2026-01-09,Bali,Minyak Goreng Curah,19450.0,18825.8064516129,624.1935483870984,3.32,0.0,19450.0,19450.0,0.0,2026,1,2,4,NORMAL
2026-01-12,Bali,Minyak Goreng Curah,19450.0,18803.225806451614,646.7741935483864,3.44,0.0,19450.0,19450.0,0.0,2026,1,3,0,NORMAL
2026-01-13,Bali,Minyak Goreng Curah,19450.0,18816.129032258064,633.8709677419356,3.37,0.0,19450.0,19450.0,0.0,2026,1,3,1,NORMAL
2026-01-14,Bali,Minyak Goreng Curah,19450.0,18811.290322580644,638.709677419356,3.4,0.0,19450.0,19450.0,0.0,2026,1,3,2,NORMAL
2026-01-15,Bali,Minyak Goreng Curah,19450.0,18812.90322580645,637.0967741935492,3.39,0.0,19450.0,19450.0,0.0,2026,1,3,3,NORMAL
2026-01-16,Bali,Minyak Goreng Curah,19450.0,18812.90322580645,637.0967741935492,3.39,0.0,19450.0,19450.0,0.0,2026,1,3,4,NORMAL
2026-01-19,Bali,Minyak Goreng Curah,19450.0,18809.677419354837,640.3225806451628,3.4,0.0,19450.0,19450.0,0.0,2026,1,4,0,NORMAL
2026-01-20,Bali,Minyak Goreng Curah,19450.0,18817.74193548387,632.2580645161288,3.36,0.0,19450.0,19450.0,0.0,2026,1,4,1,NORMAL
2026-01-21,Bali,Minyak Goreng Curah,19450.0,18812.90322580645,637.0967741935492,3.39,0.0,19450.0,19450.0,0.0,2026,1,4,2,NORMAL
2026-01-22,Bali,Minyak Goreng Curah,19450.0,18816.129032258064,633.8709677419356,3.37,0.0,19450.0,19450.0,0.0,2026,1,4,3,NORMAL
2026-01-23,Bali,Minyak Goreng Curah,19450.0,18817.74193548387,632.2580645161288,3.36,0.0,19450.0,19450.0,0.0,2026,1,4,4,NORMAL
2026-01-26,Bali,Minyak Goreng Curah,19450.0,18827.41935483871,622.5806451612916,3.31,0.0,19450.0,19450.0,0.0,2026,1,5,0,NORMAL
2026-01-27,Bali,Minyak Goreng Curah,19450.0,18830.645161290322,619.354838709678,3.29,0.0,19450.0,19450.0,0.0,2026,1,5,1,NORMAL
2026-01-28,Bali,Minyak Goreng Curah,19450.0,18824.1935483871,625.8064516129016,3.32,0.0,19450.0,19450.0,0.0,2026,1,5,2,NORMAL
2026-01-29,Bali,Minyak Goreng Curah,19450.0,18825.8064516129,624.1935483870984,3.32,0.0,19450.0,19450.0,0.0,2026,1,5,3,NORMAL
2026-01-30,Bali,Minyak Goreng Curah,19450.0,18864.516129032258,585.4838709677424,3.1,0.0,19450.0,19450.0,0.0,2026,1,5,4,NORMAL
2026-02-02,Bali,Minyak Goreng Curah,19500.0,18872.58064516129,627.4193548387084,3.32,50.0,19457.14285714286,19452.17391304348,18.898223650461016,2026,2,6,0,NORMAL
2026-02-03,Bali,Minyak Goreng Curah,19500.0,18891.935483870966,608.064516129034,3.22,0.0,19464.285714285714,19454.166666666668,24.397501823712222,2026,2,6,1,NORMAL
2026-02-04,Bali,Minyak Goreng Curah,19600.0,18900.0,700.0,3.7,100.0,19485.714285714286,19460.0,55.634864026416345,2026,2,6,2,NORMAL
2026-02-05,Bali,Minyak Goreng Curah,19600.0,18967.74193548387,632.2580645161288,3.33,0.0,19507.14285714286,19465.384615384617,67.25927091345132,2026,2,6,3,NORMAL
2026-02-06,Bali,Minyak Goreng Curah,19600.0,18940.322580645163,659.6774193548372,3.48,0.0,19528.571428571428,19470.37037037037,69.86381310057229,2026,2,6,4,NORMAL
2026-02-09,Bali,Minyak Goreng Curah,19600.0,18922.58064516129,677.4193548387084,3.58,0.0,19550.0,19475.0,64.5497224367836,2026,2,7,0,NORMAL
2026-02-10,Bali,Minyak Goreng Curah,19600.0,18927.41935483871,672.5806451612916,3.55,0.0,19571.428571428572,19479.310344827587,48.79500364741576,2026,2,7,1,NORMAL
2026-02-11,Bali,Minyak Goreng Curah,19600.0,18929.032258064515,670.9677419354848,3.54,0.0,19585.714285714286,19483.333333333332,37.79644730090649,2026,2,7,2,NORMAL
2026-02-12,Bali,Minyak Goreng Curah,19600.0,18933.870967741936,666.1290322580644,3.52,0.0,19600.0,19488.333333333332,0.0,2026,2,7,3,NORMAL
2026-02-13,Bali,Minyak Goreng Curah,19600.0,18982.25806451613,617.7419354838712,3.25,0.0,19600.0,19493.333333333332,0.0,2026,2,7,4,NORMAL
2026-02-16,Bali,Minyak Goreng Curah,19600.0,18940.322580645163,659.6774193548372,3.48,0.0,19600.0,19498.333333333332,0.0,2026,2,8,0,NORMAL
2026-02-17,Bali,Minyak Goreng Curah,19600.0,18940.322580645163,659.6774193548372,3.48,0.0,19600.0,19503.333333333332,0.0,2026,2,8,1,NORMAL
2026-02-18,Bali,Minyak Goreng Curah,19600.0,18969.354838709678,630.645161290322,3.32,0.0,19600.0,19508.333333333332,0.0,2026,2,8,2,NORMAL
2026-02-19,Bali,Minyak Goreng Curah,19600.0,18969.354838709678,630.645161290322,3.32,0.0,19600.0,19513.333333333332,0.0,2026,2,8,3,NORMAL
2026-02-20,Bali,Minyak Goreng Curah,19600.0,18972.58064516129,627.4193548387084,3.31,0.0,19600.0,19518.333333333332,0.0,2026,2,8,4,NORMAL
2026-02-23,Bali,Minyak Goreng Curah,19600.0,18974.1935483871,625.8064516129016,3.3,0.0,19600.0,19523.333333333332,0.0,2026,2,9,0,NORMAL
2026-02-24,Bali,Minyak Goreng Curah,19600.0,19011.290322580644,588.709677419356,3.1,0.0,19600.0,19528.333333333332,0.0,2026,2,9,1,NORMAL
2026-02-25,Bali,Minyak Goreng Curah,19600.0,19012.90322580645,587.0967741935492,3.09,0.0,19600.0,19533.333333333332,0.0,2026,2,9,2,NORMAL
2026-02-26,Bali,Minyak Goreng Curah,19650.0,19014.516129032258,635.4838709677424,3.34,50.0,19607.14285714286,19540.0,18.898223650461016,2026,2,9,3,NORMAL
2026-02-27,Bali,Minyak Goreng Curah,19650.0,19017.74193548387,632.2580645161288,3.32,0.0,19614.285714285714,19546.666666666668,24.397501823712222,2026,2,9,4,NORMAL
2026-03-02,Bali,Minyak Goreng Curah,19650.0,19012.90322580645,637.0967741935492,3.35,0.0,19621.428571428572,19553.333333333332,26.726124191240128,2026,3,10,0,NORMAL
2026-03-03,Bali,Minyak Goreng Curah,19650.0,19024.1935483871,625.8064516129016,3.29,0.0,19628.571428571428,19560.0,26.726124191238306,2026,3,10,1,NORMAL
2026-03-04,Bali,Minyak Goreng Curah,19800.0,19041.935483870966,758.064516129034,3.98,150.0,19657.14285714286,19571.666666666668,67.25927091345066,2026,3,10,2,NORMAL
2026-03-05,Bali,Minyak Goreng Curah,19800.0,19043.548387096773,756.4516129032272,3.97,0.0,19685.714285714286,19583.333333333332,80.17837257372194,2026,3,10,3,NORMAL
2026-03-06,Bali,Minyak Goreng Curah,19800.0,19020.967741935485,779.0322580645152,4.1,0.0,19714.285714285714,19595.0,80.17837257372054,2026,3,10,4,NORMAL
2026-03-09,Bali,Minyak Goreng Curah,19800.0,19029.032258064515,770.9677419354848,4.05,0.0,19735.714285714286,19606.666666666668,80.17837257371949,2026,3,11,0,NORMAL
2026-03-10,Bali,Minyak Goreng Curah,19800.0,19067.74193548387,732.2580645161288,3.84,0.0,19757.14285714286,19618.333333333332,73.19250547113032,2026,3,11,1,NORMAL
2026-03-11,Bali,Minyak Goreng Curah,19950.0,19146.774193548386,803.2258064516136,4.2,150.0,19800.0,19635.0,86.6025403784355,2026,3,11,2,NORMAL
2026-03-12,Bali,Minyak Goreng Curah,20000.0,19251.612903225807,748.3870967741932,3.89,50.0,19850.0,19653.333333333332,86.6025403784355,2026,3,11,3,NORMAL
2026-03-13,Bali,Minyak Goreng Curah,20050.0,19287.09677419355,762.9032258064508,3.96,50.0,19885.714285714286,19673.333333333332,110.73348527840771,2026,3,11,4,NORMAL
2026-03-16,Bali,Minyak Goreng Curah,20050.0,19469.354838709678,580.645161290322,2.98,0.0,19921.428571428572,19691.666666666668,118.52265204431426,2026,3,12,0,NORMAL
2026-03-17,Bali,Minyak Goreng Curah,20200.0,19659.677419354837,540.3225806451628,2.75,150.0,19978.571428571428,19715.0,143.9245834257791,2026,3,12,1,NORMAL
2026-03-18,Bali,Minyak Goreng Curah,20200.0,19662.90322580645,537.0967741935492,2.73,0.0,20035.714285714286,19735.0,140.57704208690285,2026,3,12,2,NORMAL
2026-03-19,Bali,Minyak Goreng Curah,20200.0,19654.83870967742,545.1612903225796,2.77,0.0,20092.85714285714,19755.0,105.78504710248178,2026,3,12,3,NORMAL
2026-03-20,Bali,Minyak Goreng Curah,20200.0,19656.451612903227,543.5483870967728,2.77,0.0,20128.571428571428,19775.0,90.63269671748688,2026,3,12,4,NORMAL
2026-03-23,Bali,Minyak Goreng Curah,20650.0,19670.967741935485,979.0322580645152,4.98,450.0,20221.428571428572,19810.0,201.77781274036028,2026,3,13,0,NORMAL
2026-03-24,Bali,Minyak Goreng Curah,20650.0,19670.967741935485,979.0322580645152,4.98,0.0,20307.14285714286,19845.0,240.53511772117787,2026,3,13,1,NORMAL
2026-03-25,Bali,Minyak Goreng Curah,20650.0,19745.16129032258,904.8387096774204,4.58,0.0,20392.85714285714,19880.0,240.53511772117787,2026,3,13,2,NORMAL
2026-03-26,Bali,Minyak Goreng Curah,20900.0,19758.064516129034,1141.935483870966,5.78,250.0,20492.85714285714,19923.333333333332,287.8491668515667,2026,3,13,3,DEFISIT
2026-03-27,Bali,Minyak Goreng Curah,21000.0,19758.064516129034,1241.935483870966,6.29,100.0,20607.14285714286,19970.0,310.1458950082605,2026,3,13,4,DEFISIT
2026-03-30,Bali,Minyak Goreng Curah,21750.0,19843.548387096773,1906.4516129032272,9.61,750.0,20828.571428571428,20041.666666666668,478.5891965429429,2026,3,14,0,DEFISIT
2026-03-31,Bali,Minyak Goreng Curah,22000.0,19840.322580645163,2159.677419354837,10.89,250.0,21085.714285714286,20121.666666666668,561.0364558225318,2026,3,14,1,DEFISIT
2026-04-01,Bali,Minyak Goreng Curah,22100.0,19851.612903225807,2248.387096774193,11.33,100.0,21292.85714285714,20205.0,636.0218624574272,2026,4,14,2,DEFISIT
2026-04-02,Bali,Minyak Goreng Curah,22100.0,19870.967741935485,2229.032258064515,11.22,0.0,21500.0,20288.333333333332,627.8269400612518,2026,4,14,3,DEFISIT
2026-04-03,Bali,Minyak Goreng Curah,22100.0,19933.870967741936,2166.1290322580644,10.87,0.0,21707.14285714286,20371.666666666668,532.626019070124,2026,4,14,4,DEFISIT
2026-04-06,Bali,Minyak Goreng Curah,22100.0,19908.064516129034,2191.935483870966,11.01,0.0,21878.571428571428,20455.0,408.1024614574562,2026,4,15,0,DEFISIT
2026-04-07,Bali,Minyak Goreng Curah,22100.0,19943.548387096773,2156.451612903227,10.81,0.0,22035.714285714286,20538.333333333332,131.38456820313206,2026,4,15,1,DEFISIT
2026-04-08,Bali,Minyak Goreng Curah,22100.0,19982.25806451613,2117.741935483871,10.6,0.0,22085.714285714286,20621.666666666668,37.79644730118611,2026,4,15,2,DEFISIT
2026-04-09,Bali,Minyak Goreng Curah,22100.0,20138.709677419356,1961.290322580644,9.74,0.0,22100.0,20703.333333333332,0.00014226591977123043,2026,4,15,3,DEFISIT
2026-04-10,Bali,Minyak Goreng Curah,22100.0,20106.451612903227,1993.5483870967728,9.91,0.0,22100.0,20785.0,0.00014226591977123043,2026,4,15,4,DEFISIT
2026-04-13,Bali,Minyak Goreng Curah,20900.0,20133.870967741936,766.1290322580644,3.81,-1200.0,21928.571428571428,20826.666666666668,453.5573676110896,2026,4,16,0,NORMAL
2026-01-01,Banten,Minyak Goreng Curah,17000.0,18851.612903225807,-1851.6129032258068,-9.82,,17000.0,17000.0,,2026,1,1,3,SURPLUS
2026-01-02,Banten,Minyak Goreng Curah,17000.0,18843.548387096773,-1843.5483870967728,-9.78,0.0,17000.0,17000.0,0.0,2026,1,1,4,SURPLUS
2026-01-05,Banten,Minyak Goreng Curah,17000.0,18840.322580645163,-1840.3225806451628,-9.77,0.0,17000.0,17000.0,0.0,2026,1,2,0,SURPLUS
2026-01-06,Banten,Minyak Goreng Curah,17000.0,18832.25806451613,-1832.2580645161288,-9.73,0.0,17000.0,17000.0,0.0,2026,1,2,1,SURPLUS
2026-01-07,Banten,Minyak Goreng Curah,17000.0,18822.58064516129,-1822.5806451612916,-9.68,0.0,17000.0,17000.0,0.0,2026,1,2,2,SURPLUS
2026-01-08,Banten,Minyak Goreng Curah,17000.0,18822.58064516129,-1822.5806451612916,-9.68,0.0,17000.0,17000.0,0.0,2026,1,2,3,SURPLUS
2026-01-09,Banten,Minyak Goreng Curah,17000.0,18825.8064516129,-1825.8064516129016,-9.7,0.0,17000.0,17000.0,0.0,2026,1,2,4,SURPLUS
2026-01-12,Banten,Minyak Goreng Curah,17000.0,18803.225806451614,-1803.2258064516136,-9.59,0.0,17000.0,17000.0,0.0,2026,1,3,0,SURPLUS
2026-01-13,Banten,Minyak Goreng Curah,17000.0,18816.129032258064,-1816.1290322580644,-9.65,0.0,17000.0,17000.0,0.0,2026,1,3,1,SURPLUS
2026-01-14,Banten,Minyak Goreng Curah,17000.0,18811.290322580644,-1811.290322580644,-9.63,0.0,17000.0,17000.0,0.0,2026,1,3,2,SURPLUS
2026-01-15,Banten,Minyak Goreng Curah,17000.0,18812.90322580645,-1812.9032258064508,-9.64,0.0,17000.0,17000.0,0.0,2026,1,3,3,SURPLUS
2026-01-16,Banten,Minyak Goreng Curah,17000.0,18812.90322580645,-1812.9032258064508,-9.64,0.0,17000.0,17000.0,0.0,2026,1,3,4,SURPLUS
2026-01-19,Banten,Minyak Goreng Curah,17000.0,18809.677419354837,-1809.6774193548372,-9.62,0.0,17000.0,17000.0,0.0,2026,1,4,0,SURPLUS
2026-01-20,Banten,Minyak Goreng Curah,17000.0,18817.74193548387,-1817.7419354838712,-9.66,0.0,17000.0,17000.0,0.0,2026,1,4,1,SURPLUS
2026-01-21,Banten,Minyak Goreng Curah,17000.0,18812.90322580645,-1812.9032258064508,-9.64,0.0,17000.0,17000.0,0.0,2026,1,4,2,SURPLUS
2026-01-22,Banten,Minyak Goreng Curah,17000.0,18816.129032258064,-1816.1290322580644,-9.65,0.0,17000.0,17000.0,0.0,2026,1,4,3,SURPLUS
2026-01-23,Banten,Minyak Goreng Curah,17000.0,18817.74193548387,-1817.7419354838712,-9.66,0.0,17000.0,17000.0,0.0,2026,1,4,4,SURPLUS
2026-01-26,Banten,Minyak Goreng Curah,17000.0,18827.41935483871,-1827.4193548387084,-9.71,0.0,17000.0,17000.0,0.0,2026,1,5,0,SURPLUS
2026-01-27,Banten,Minyak Goreng Curah,17000.0,18830.645161290322,-1830.645161290322,-9.72,0.0,17000.0,17000.0,0.0,2026,1,5,1,SURPLUS
2026-01-28,Banten,Minyak Goreng Curah,17000.0,18824.1935483871,-1824.1935483870984,-9.69,0.0,17000.0,17000.0,0.0,2026,1,5,2,SURPLUS
2026-01-29,Banten,Minyak Goreng Curah,17000.0,18825.8064516129,-1825.8064516129016,-9.7,0.0,17000.0,17000.0,0.0,2026,1,5,3,SURPLUS
2026-01-30,Banten,Minyak Goreng Curah,17000.0,18864.516129032258,-1864.5161290322576,-9.88,0.0,17000.0,17000.0,0.0,2026,1,5,4,SURPLUS
2026-02-02,Banten,Minyak Goreng Curah,17000.0,18872.58064516129,-1872.5806451612916,-9.92,0.0,17000.0,17000.0,0.0,2026,2,6,0,SURPLUS
2026-02-03,Banten,Minyak Goreng Curah,17000.0,18891.935483870966,-1891.935483870966,-10.01,0.0,17000.0,17000.0,0.0,2026,2,6,1,SURPLUS
2026-02-04,Banten,Minyak Goreng Curah,17000.0,18900.0,-1900.0,-10.05,0.0,17000.0,17000.0,0.0,2026,2,6,2,SURPLUS
2026-02-05,Banten,Minyak Goreng Curah,17000.0,18967.74193548387,-1967.7419354838712,-10.37,0.0,17000.0,17000.0,0.0,2026,2,6,3,SURPLUS
2026-02-06,Banten,Minyak Goreng Curah,17000.0,18940.322580645163,-1940.3225806451628,-10.24,0.0,17000.0,17000.0,0.0,2026,2,6,4,SURPLUS
2026-02-09,Banten,Minyak Goreng Curah,17000.0,18922.58064516129,-1922.5806451612916,-10.16,0.0,17000.0,17000.0,0.0,2026,2,7,0,SURPLUS
2026-02-10,Banten,Minyak Goreng Curah,17000.0,18927.41935483871,-1927.4193548387084,-10.18,0.0,17000.0,17000.0,0.0,2026,2,7,1,SURPLUS
2026-02-11,Banten,Minyak Goreng Curah,17000.0,18929.032258064515,-1929.0322580645152,-10.19,0.0,17000.0,17000.0,0.0,2026,2,7,2,SURPLUS
2026-02-12,Banten,Minyak Goreng Curah,17000.0,18933.870967741936,-1933.8709677419356,-10.21,0.0,17000.0,17000.0,0.0,2026,2,7,3,SURPLUS
2026-02-13,Banten,Minyak Goreng Curah,17000.0,18982.25806451613,-1982.2580645161288,-10.44,0.0,17000.0,17000.0,0.0,2026,2,7,4,SURPLUS
2026-02-16,Banten,Minyak Goreng Curah,17000.0,18940.322580645163,-1940.3225806451628,-10.24,0.0,17000.0,17000.0,0.0,2026,2,8,0,SURPLUS
2026-02-17,Banten,Minyak Goreng Curah,17000.0,18940.322580645163,-1940.3225806451628,-10.24,0.0,17000.0,17000.0,0.0,2026,2,8,1,SURPLUS
2026-02-18,Banten,Minyak Goreng Curah,17000.0,18969.354838709678,-1969.354838709678,-10.38,0.0,17000.0,17000.0,0.0,2026,2,8,2,SURPLUS
2026-02-19,Banten,Minyak Goreng Curah,17000.0,18969.354838709678,-1969.354838709678,-10.38,0.0,17000.0,17000.0,0.0,2026,2,8,3,SURPLUS
2026-02-20,Banten,Minyak Goreng Curah,17000.0,18972.58064516129,-1972.5806451612916,-10.4,0.0,17000.0,17000.0,0.0,2026,2,8,4,SURPLUS
2026-02-23,Banten,Minyak Goreng Curah,17000.0,18974.1935483871,-1974.1935483870984,-10.4,0.0,17000.0,17000.0,0.0,2026,2,9,0,SURPLUS
2026-02-24,Banten,Minyak Goreng Curah,17000.0,19011.290322580644,-2011.290322580644,-10.58,0.0,17000.0,17000.0,0.0,2026,2,9,1,SURPLUS
2026-02-25,Banten,Minyak Goreng Curah,17000.0,19012.90322580645,-2012.9032258064508,-10.59,0.0,17000.0,17000.0,0.0,2026,2,9,2,SURPLUS
2026-02-26,Banten,Minyak Goreng Curah,17000.0,19014.516129032258,-2014.5161290322576,-10.59,0.0,17000.0,17000.0,0.0,2026,2,9,3,SURPLUS
2026-02-27,Banten,Minyak Goreng Curah,17000.0,19017.74193548387,-2017.7419354838712,-10.61,0.0,17000.0,17000.0,0.0,2026,2,9,4,SURPLUS
2026-03-02,Banten,Minyak Goreng Curah,17000.0,19012.90322580645,-2012.9032258064508,-10.59,0.0,17000.0,17000.0,0.0,2026,3,10,0,SURPLUS
2026-03-03,Banten,Minyak Goreng Curah,17000.0,19024.1935483871,-2024.1935483870984,-10.64,0.0,17000.0,17000.0,0.0,2026,3,10,1,SURPLUS
2026-03-04,Banten,Minyak Goreng Curah,17000.0,19041.935483870966,-2041.935483870966,-10.72,0.0,17000.0,17000.0,0.0,2026,3,10,2,SURPLUS
2026-03-05,Banten,Minyak Goreng Curah,17150.0,19043.548387096773,-1893.5483870967728,-9.94,150.0,17021.428571428572,17005.0,56.694670951383856,2026,3,10,3,SURPLUS
2026-03-06,Banten,Minyak Goreng Curah,17150.0,19020.967741935485,-1870.9677419354848,-9.84,0.0,17042.85714285714,17010.0,73.19250547114001,2026,3,10,4,SURPLUS
2026-03-09,Banten,Minyak Goreng Curah,17150.0,19029.032258064515,-1879.0322580645152,-9.87,0.0,17064.285714285714,17015.0,80.17837257372746,2026,3,11,0,SURPLUS
2026-03-10,Banten,Minyak Goreng Curah,17150.0,19067.74193548387,-1917.7419354838712,-10.06,0.0,17085.714285714286,17020.0,80.17837257372746,2026,3,11,1,SURPLUS
2026-03-11,Banten,Minyak Goreng Curah,17150.0,19146.774193548386,-1996.7741935483864,-10.43,0.0,17107.14285714286,17025.0,73.19250547114,2026,3,11,2,SURPLUS
2026-03-12,Banten,Minyak Goreng Curah,18250.0,19251.612903225807,-1001.6129032258068,-5.2,1100.0,17285.714285714286,17066.666666666668,428.86894435080194,2026,3,11,3,SURPLUS
2026-03-13,Banten,Minyak Goreng Curah,18250.0,19287.09677419355,-1037.0967741935492,-5.38,0.0,17464.285714285714,17108.333333333332,536.7450401216922,2026,3,11,4,SURPLUS
2026-03-16,Banten,Minyak Goreng Curah,19000.0,19469.354838709678,-469.354838709678,-2.41,750.0,17728.571428571428,17175.0,763.6846768884934,2026,3,12,0,NORMAL
2026-03-17,Banten,Minyak Goreng Curah,19500.0,19659.677419354837,-159.67741935483718,-0.81,500.0,18064.285714285714,17258.333333333332,958.6076212030476,2026,3,12,1,NORMAL
2026-03-18,Banten,Minyak Goreng Curah,19500.0,19662.90322580645,-162.9032258064508,-0.83,0.0,18400.0,17341.666666666668,995.8246164193062,2026,3,12,2,NORMAL
2026-03-19,Banten,Minyak Goreng Curah,19500.0,19654.83870967742,-154.8387096774204,-0.79,0.0,18735.714285714286,17425.0,895.2254305081827,2026,3,12,3,NORMAL
2026-03-20,Banten,Minyak Goreng Curah,19500.0,19656.451612903227,-156.45161290322721,-0.8,0.0,19071.428571428572,17508.333333333332,590.0968443520734,2026,3,12,4,NORMAL
2026-03-23,Banten,Minyak Goreng Curah,19500.0,19670.967741935485,-170.9677419354848,-0.87,0.0,19250.0,17591.666666666668,478.7135538781572,2026,3,13,0,NORMAL
2026-03-24,Banten,Minyak Goreng Curah,19500.0,19670.967741935485,-170.9677419354848,-0.87,0.0,19428.571428571428,17675.0,188.98223650457936,2026,3,13,1,NORMAL
2026-03-25,Banten,Minyak Goreng Curah,19850.0,19745.16129032258,104.83870967742041,0.53,350.0,19550.0,17770.0,132.28756555322954,2026,3,13,2,NORMAL
2026-03-26,Banten,Minyak Goreng Curah,19850.0,19758.064516129034,91.93548387096598,0.47,0.0,19600.0,17865.0,170.7825127659935,2026,3,13,3,NORMAL
2026-03-27,Banten,Minyak Goreng Curah,19850.0,19758.064516129034,91.93548387096598,0.47,0.0,19650.0,17960.0,187.0828693386971,2026,3,13,4,NORMAL
2026-03-30,Banten,Minyak Goreng Curah,20000.0,19843.548387096773,156.45161290322721,0.79,150.0,19721.428571428572,18060.0,213.80899352993939,2026,3,14,0,NORMAL
2026-03-31,Banten,Minyak Goreng Curah,20000.0,19840.322580645163,159.67741935483718,0.8,0.0,19792.85714285714,18160.0,211.00665753432799,2026,3,14,1,NORMAL
2026-04-01,Banten,Minyak Goreng Curah,20000.0,19851.612903225807,148.3870967741932,0.75,0.0,19864.285714285714,18260.0,177.2810520855821,2026,4,14,2,NORMAL
2026-04-02,Banten,Minyak Goreng Curah,20000.0,19870.967741935485,129.0322580645152,0.65,0.0,19935.714285714286,18360.0,80.17837257372408,2026,4,14,3,NORMAL
2026-04-03,Banten,Minyak Goreng Curah,20000.0,19933.870967741936,66.1290322580644,0.33,0.0,19957.14285714286,18460.0,73.19250547113629,2026,4,14,4,NORMAL
2026-04-06,Banten,Minyak Goreng Curah,20000.0,19908.064516129034,91.93548387096598,0.46,0.0,19978.571428571428,18560.0,56.69467095137906,2026,4,15,0,NORMAL
2026-04-07,Banten,Minyak Goreng Curah,20000.0,19943.548387096773,56.451612903227215,0.28,0.0,20000.0,18660.0,0.0,2026,4,15,1,NORMAL
2026-04-08,Banten,Minyak Goreng Curah,20000.0,19982.25806451613,17.741935483871202,0.09,0.0,20000.0,18760.0,0.0,2026,4,15,2,NORMAL
2026-04-09,Banten,Minyak Goreng Curah,20000.0,20138.709677419356,-138.709677419356,-0.69,0.0,20000.0,18860.0,0.0,2026,4,15,3,NORMAL
2026-04-10,Banten,Minyak Goreng Curah,20000.0,20106.451612903227,-106.45161290322721,-0.53,0.0,20000.0,18960.0,0.0,2026,4,15,4,NORMAL
2026-04-13,Banten,Minyak Goreng Curah,20000.0,20133.870967741936,-133.8709677419356,-0.66,0.0,20000.0,19060.0,0.0,2026,4,16,0,NORMAL
2026-01-01,Bengkulu,Minyak Goreng Curah,18150.0,18851.612903225807,-701.6129032258068,-3.72,,18150.0,18150.0,,2026,1,1,3,NORMAL
2026-01-02,Bengkulu,Minyak Goreng Curah,18150.0,18843.548387096773,-693.5483870967728,-3.68,0.0,18150.0,18150.0,0.0,2026,1,1,4,NORMAL
2026-01-05,Bengkulu,Minyak Goreng Curah,18150.0,18840.322580645163,-690.3225806451628,-3.66,0.0,18150.0,18150.0,0.0,2026,1,2,0,NORMAL
2026-01-06,Bengkulu,Minyak Goreng Curah,18150.0,18832.25806451613,-682.2580645161288,-3.62,0.0,18150.0,18150.0,0.0,2026,1,2,1,NORMAL
2026-01-07,Bengkulu,Minyak Goreng Curah,18150.0,18822.58064516129,-672.5806451612916,-3.57,0.0,18150.0,18150.0,0.0,2026,1,2,2,NORMAL
2026-01-08,Bengkulu,Minyak Goreng Curah,18150.0,18822.58064516129,-672.5806451612916,-3.57,0.0,18150.0,18150.0,0.0,2026,1,2,3,NORMAL
2026-01-09,Bengkulu,Minyak Goreng Curah,18150.0,18825.8064516129,-675.8064516129016,-3.59,0.0,18150.0,18150.0,0.0,2026,1,2,4,NORMAL
2026-01-12,Bengkulu,Minyak Goreng Curah,18150.0,18803.225806451614,-653.2258064516136,-3.47,0.0,18150.0,18150.0,0.0,2026,1,3,0,NORMAL
2026-01-13,Bengkulu,Minyak Goreng Curah,18150.0,18816.129032258064,-666.1290322580644,-3.54,0.0,18150.0,18150.0,0.0,2026,1,3,1,NORMAL
2026-01-14,Bengkulu,Minyak Goreng Curah,18150.0,18811.290322580644,-661.290322580644,-3.52,0.0,18150.0,18150.0,0.0,2026,1,3,2,NORMAL
2026-01-15,Bengkulu,Minyak Goreng Curah,18150.0,18812.90322580645,-662.9032258064508,-3.52,0.0,18150.0,18150.0,0.0,2026,1,3,3,NORMAL
2026-01-16,Bengkulu,Minyak Goreng Curah,18150.0,18812.90322580645,-662.9032258064508,-3.52,0.0,18150.0,18150.0,0.0,2026,1,3,4,NORMAL
2026-01-19,Bengkulu,Minyak Goreng Curah,18150.0,18809.677419354837,-659.6774193548372,-3.51,0.0,18150.0,18150.0,0.0,2026,1,4,0,NORMAL
2026-01-20,Bengkulu,Minyak Goreng Curah,18150.0,18817.74193548387,-667.7419354838712,-3.55,0.0,18150.0,18150.0,0.0,2026,1,4,1,NORMAL
2026-01-21,Bengkulu,Minyak Goreng Curah,18150.0,18812.90322580645,-662.9032258064508,-3.52,0.0,18150.0,18150.0,0.0,2026,1,4,2,NORMAL
2026-01-22,Bengkulu,Minyak Goreng Curah,18150.0,18816.129032258064,-666.1290322580644,-3.54,0.0,18150.0,18150.0,0.0,2026,1,4,3,NORMAL
2026-01-23,Bengkulu,Minyak Goreng Curah,18150.0,18817.74193548387,-667.7419354838712,-3.55,0.0,18150.0,18150.0,0.0,2026,1,4,4,NORMAL
2026-01-26,Bengkulu,Minyak Goreng Curah,18150.0,18827.41935483871,-677.4193548387084,-3.6,0.0,18150.0,18150.0,0.0,2026,1,5,0,NORMAL
2026-01-27,Bengkulu,Minyak Goreng Curah,18150.0,18830.645161290322,-680.645161290322,-3.61,0.0,18150.0,18150.0,0.0,2026,1,5,1,NORMAL
2026-01-28,Bengkulu,Minyak Goreng Curah,18150.0,18824.1935483871,-674.1935483870984,-3.58,0.0,18150.0,18150.0,0.0,2026,1,5,2,NORMAL
2026-01-29,Bengkulu,Minyak Goreng Curah,18150.0,18825.8064516129,-675.8064516129016,-3.59,0.0,18150.0,18150.0,0.0,2026,1,5,3,NORMAL
2026-01-30,Bengkulu,Minyak Goreng Curah,18150.0,18864.516129032258,-714.5161290322576,-3.79,0.0,18150.0,18150.0,0.0,2026,1,5,4,NORMAL
2026-02-02,Bengkulu,Minyak Goreng Curah,18150.0,18872.58064516129,-722.5806451612916,-3.83,0.0,18150.0,18150.0,0.0,2026,2,6,0,NORMAL
2026-02-03,Bengkulu,Minyak Goreng Curah,18150.0,18891.935483870966,-741.935483870966,-3.93,0.0,18150.0,18150.0,0.0,2026,2,6,1,NORMAL
2026-02-04,Bengkulu,Minyak Goreng Curah,18150.0,18900.0,-750.0,-3.97,0.0,18150.0,18150.0,0.0,2026,2,6,2,NORMAL
2026-02-05,Bengkulu,Minyak Goreng Curah,18150.0,18967.74193548387,-817.7419354838712,-4.31,0.0,18150.0,18150.0,0.0,2026,2,6,3,NORMAL
2026-02-06,Bengkulu,Minyak Goreng Curah,18150.0,18940.322580645163,-790.3225806451628,-4.17,0.0,18150.0,18150.0,0.0,2026,2,6,4,NORMAL
2026-02-09,Bengkulu,Minyak Goreng Curah,18150.0,18922.58064516129,-772.5806451612916,-4.08,0.0,18150.0,18150.0,0.0,2026,2,7,0,NORMAL
2026-02-10,Bengkulu,Minyak Goreng Curah,18150.0,18927.41935483871,-777.4193548387084,-4.11,0.0,18150.0,18150.0,0.0,2026,2,7,1,NORMAL
2026-02-11,Bengkulu,Minyak Goreng Curah,18150.0,18929.032258064515,-779.0322580645152,-4.12,0.0,18150.0,18150.0,0.0,2026,2,7,2,NORMAL
2026-02-12,Bengkulu,Minyak Goreng Curah,18150.0,18933.870967741936,-783.8709677419356,-4.14,0.0,18150.0,18150.0,0.0,2026,2,7,3,NORMAL
2026-02-13,Bengkulu,Minyak Goreng Curah,18150.0,18982.25806451613,-832.2580645161288,-4.38,0.0,18150.0,18150.0,0.0,2026,2,7,4,NORMAL
2026-02-16,Bengkulu,Minyak Goreng Curah,18150.0,18940.322580645163,-790.3225806451628,-4.17,0.0,18150.0,18150.0,0.0,2026,2,8,0,NORMAL
2026-02-17,Bengkulu,Minyak Goreng Curah,18150.0,18940.322580645163,-790.3225806451628,-4.17,0.0,18150.0,18150.0,0.0,2026,2,8,1,NORMAL
2026-02-18,Bengkulu,Minyak Goreng Curah,18150.0,18969.354838709678,-819.354838709678,-4.32,0.0,18150.0,18150.0,0.0,2026,2,8,2,NORMAL
2026-02-19,Bengkulu,Minyak Goreng Curah,18150.0,18969.354838709678,-819.354838709678,-4.32,0.0,18150.0,18150.0,0.0,2026,2,8,3,NORMAL
2026-02-20,Bengkulu,Minyak Goreng Curah,18150.0,18972.58064516129,-822.5806451612916,-4.34,0.0,18150.0,18150.0,0.0,2026,2,8,4,NORMAL
2026-02-23,Bengkulu,Minyak Goreng Curah,18150.0,18974.1935483871,-824.1935483870984,-4.34,0.0,18150.0,18150.0,0.0,2026,2,9,0,NORMAL
2026-02-24,Bengkulu,Minyak Goreng Curah,18150.0,19011.290322580644,-861.290322580644,-4.53,0.0,18150.0,18150.0,0.0,2026,2,9,1,NORMAL
2026-02-25,Bengkulu,Minyak Goreng Curah,18150.0,19012.90322580645,-862.9032258064508,-4.54,0.0,18150.0,18150.0,0.0,2026,2,9,2,NORMAL
2026-02-26,Bengkulu,Minyak Goreng Curah,18150.0,19014.516129032258,-864.5161290322576,-4.55,0.0,18150.0,18150.0,0.0,2026,2,9,3,NORMAL
2026-02-27,Bengkulu,Minyak Goreng Curah,18150.0,19017.74193548387,-867.7419354838712,-4.56,0.0,18150.0,18150.0,0.0,2026,2,9,4,NORMAL
2026-03-02,Bengkulu,Minyak Goreng Curah,18150.0,19012.90322580645,-862.9032258064508,-4.54,0.0,18150.0,18150.0,0.0,2026,3,10,0,NORMAL
2026-03-03,Bengkulu,Minyak Goreng Curah,18150.0,19024.1935483871,-874.1935483870984,-4.6,0.0,18150.0,18150.0,0.0,2026,3,10,1,NORMAL
2026-03-04,Bengkulu,Minyak Goreng Curah,18150.0,19041.935483870966,-891.935483870966,-4.68,0.0,18150.0,18150.0,0.0,2026,3,10,2,NORMAL
2026-03-05,Bengkulu,Minyak Goreng Curah,18150.0,19043.548387096773,-893.5483870967728,-4.69,0.0,18150.0,18150.0,0.0,2026,3,10,3,NORMAL
2026-03-06,Bengkulu,Minyak Goreng Curah,18150.0,19020.967741935485,-870.9677419354848,-4.58,0.0,18150.0,18150.0,0.0,2026,3,10,4,NORMAL
2026-03-09,Bengkulu,Minyak Goreng Curah,17950.0,19029.032258064515,-1079.0322580645152,-5.67,-200.0,18121.428571428572,18143.333333333332,75.59289460184567,2026,3,11,0,SURPLUS
2026-03-10,Bengkulu,Minyak Goreng Curah,17950.0,19067.74193548387,-1117.7419354838712,-5.86,0.0,18092.85714285714,18136.666666666668,97.590007294854,2026,3,11,1,SURPLUS
2026-03-11,Bengkulu,Minyak Goreng Curah,17950.0,19146.774193548386,-1196.7741935483864,-6.25,0.0,18064.285714285714,18130.0,106.90449676497114,2026,3,11,2,SURPLUS
2026-03-12,Bengkulu,Minyak Goreng Curah,17950.0,19251.612903225807,-1301.6129032258068,-6.76,0.0,18035.714285714286,18123.333333333332,106.9044967649722,2026,3,11,3,SURPLUS
2026-03-13,Bengkulu,Minyak Goreng Curah,17950.0,19287.09677419355,-1337.0967741935492,-6.93,0.0,18007.14285714286,18116.666666666668,97.59000729485746,2026,3,11,4,SURPLUS
2026-03-16,Bengkulu,Minyak Goreng Curah,18150.0,19469.354838709678,-1319.354838709678,-6.78,200.0,18007.14285714286,18116.666666666668,97.59000729485746,2026,3,12,0,SURPLUS
2026-03-17,Bengkulu,Minyak Goreng Curah,18150.0,19659.677419354837,-1509.6774193548372,-7.68,0.0,18007.14285714286,18116.666666666668,97.59000729485746,2026,3,12,1,SURPLUS
2026-03-18,Bengkulu,Minyak Goreng Curah,18150.0,19662.90322580645,-1512.9032258064508,-7.69,0.0,18035.714285714286,18116.666666666668,106.9044967649722,2026,3,12,2,SURPLUS
2026-03-19,Bengkulu,Minyak Goreng Curah,18150.0,19654.83870967742,-1504.8387096774204,-7.66,0.0,18064.285714285714,18116.666666666668,106.90449676497114,2026,3,12,3,SURPLUS
2026-03-20,Bengkulu,Minyak Goreng Curah,18150.0,19656.451612903227,-1506.4516129032272,-7.66,0.0,18092.85714285714,18116.666666666668,97.59000729485399,2026,3,12,4,SURPLUS
2026-03-23,Bengkulu,Minyak Goreng Curah,18150.0,19670.967741935485,-1520.9677419354848,-7.73,0.0,18121.428571428572,18116.666666666668,75.59289460184567,2026,3,13,0,SURPLUS
2026-03-24,Bengkulu,Minyak Goreng Curah,18150.0,19670.967741935485,-1520.9677419354848,-7.73,0.0,18150.0,18116.666666666668,0.0,2026,3,13,1,SURPLUS
2026-03-25,Bengkulu,Minyak Goreng Curah,18150.0,19745.16129032258,-1595.1612903225796,-8.08,0.0,18150.0,18116.666666666668,0.0,2026,3,13,2,SURPLUS
2026-03-26,Bengkulu,Minyak Goreng Curah,18150.0,19758.064516129034,-1608.064516129034,-8.14,0.0,18150.0,18116.666666666668,0.0,2026,3,13,3,SURPLUS
2026-03-27,Bengkulu,Minyak Goreng Curah,18150.0,19758.064516129034,-1608.064516129034,-8.14,0.0,18150.0,18116.666666666668,0.0,2026,3,13,4,SURPLUS
2026-03-30,Bengkulu,Minyak Goreng Curah,18150.0,19843.548387096773,-1693.5483870967728,-8.53,0.0,18150.0,18116.666666666668,0.0,2026,3,14,0,SURPLUS
2026-03-31,Bengkulu,Minyak Goreng Curah,18150.0,19840.322580645163,-1690.3225806451628,-8.52,0.0,18150.0,18116.666666666668,0.0,2026,3,14,1,SURPLUS
2026-04-01,Bengkulu,Minyak Goreng Curah,18150.0,19851.612903225807,-1701.6129032258068,-8.57,0.0,18150.0,18116.666666666668,0.0,2026,4,14,2,SURPLUS
2026-04-02,Bengkulu,Minyak Goreng Curah,18150.0,19870.967741935485,-1720.9677419354848,-8.66,0.0,18150.0,18116.666666666668,0.0,2026,4,14,3,SURPLUS
2026-04-03,Bengkulu,Minyak Goreng Curah,18150.0,19933.870967741936,-1783.8709677419356,-8.95,0.0,18150.0,18116.666666666668,0.0,2026,4,14,4,SURPLUS
2026-04-06,Bengkulu,Minyak Goreng Curah,18150.0,19908.064516129034,-1758.064516129034,-8.83,0.0,18150.0,18116.666666666668,0.0,2026,4,15,0,SURPLUS
2026-04-07,Bengkulu,Minyak Goreng Curah,18150.0,19943.548387096773,-1793.5483870967728,-8.99,0.0,18150.0,18116.666666666668,0.0,2026,4,15,1,SURPLUS
2026-04-08,Bengkulu,Minyak Goreng Curah,18150.0,19982.25806451613,-1832.2580645161288,-9.17,0.0,18150.0,18116.666666666668,0.0,2026,4,15,2,SURPLUS
2026-04-09,Bengkulu,Minyak Goreng Curah,18150.0,20138.709677419356,-1988.709677419356,-9.88,0.0,18150.0,18116.666666666668,0.0,2026,4,15,3,SURPLUS
2026-04-10,Bengkulu,Minyak Goreng Curah,18400.0,20106.451612903227,-1706.4516129032272,-8.49,250.0,18185.714285714286,18125.0,94.49111825230669,2026,4,15,4,SURPLUS
2026-04-13,Bengkulu,Minyak Goreng Curah,18400.0,20133.870967741936,-1733.8709677419356,-8.61,0.0,18221.428571428572,18133.333333333332,121.98750911856621,2026,4,16,0,SURPLUS
2026-01-01,DI Yogyakarta,Minyak Goreng Curah,18000.0,18851.612903225807,-851.6129032258068,-4.52,,18000.0,18000.0,,2026,1,1,3,NORMAL
2026-01-02,DI Yogyakarta,Minyak Goreng Curah,18000.0,18843.548387096773,-843.5483870967728,-4.48,0.0,18000.0,18000.0,0.0,2026,1,1,4,NORMAL
2026-01-05,DI Yogyakarta,Minyak Goreng Curah,18000.0,18840.322580645163,-840.3225806451628,-4.46,0.0,18000.0,18000.0,0.0,2026,1,2,0,NORMAL
2026-01-06,DI Yogyakarta,Minyak Goreng Curah,18000.0,18832.25806451613,-832.2580645161288,-4.42,0.0,18000.0,18000.0,0.0,2026,1,2,1,NORMAL
2026-01-07,DI Yogyakarta,Minyak Goreng Curah,18000.0,18822.58064516129,-822.5806451612916,-4.37,0.0,18000.0,18000.0,0.0,2026,1,2,2,NORMAL
2026-01-08,DI Yogyakarta,Minyak Goreng Curah,18000.0,18822.58064516129,-822.5806451612916,-4.37,0.0,18000.0,18000.0,0.0,2026,1,2,3,NORMAL
2026-01-09,DI Yogyakarta,Minyak Goreng Curah,18000.0,18825.8064516129,-825.8064516129016,-4.39,0.0,18000.0,18000.0,0.0,2026,1,2,4,NORMAL
2026-01-12,DI Yogyakarta,Minyak Goreng Curah,18000.0,18803.225806451614,-803.2258064516136,-4.27,0.0,18000.0,18000.0,0.0,2026,1,3,0,NORMAL
2026-01-13,DI Yogyakarta,Minyak Goreng Curah,18000.0,18816.129032258064,-816.1290322580644,-4.34,0.0,18000.0,18000.0,0.0,2026,1,3,1,NORMAL
2026-01-14,DI Yogyakarta,Minyak Goreng Curah,18000.0,18811.290322580644,-811.290322580644,-4.31,0.0,18000.0,18000.0,0.0,2026,1,3,2,NORMAL
2026-01-15,DI Yogyakarta,Minyak Goreng Curah,18000.0,18812.90322580645,-812.9032258064508,-4.32,0.0,18000.0,18000.0,0.0,2026,1,3,3,NORMAL
2026-01-16,DI Yogyakarta,Minyak Goreng Curah,18000.0,18812.90322580645,-812.9032258064508,-4.32,0.0,18000.0,18000.0,0.0,2026,1,3,4,NORMAL
2026-01-19,DI Yogyakarta,Minyak Goreng Curah,18000.0,18809.677419354837,-809.6774193548372,-4.3,0.0,18000.0,18000.0,0.0,2026,1,4,0,NORMAL
2026-01-20,DI Yogyakarta,Minyak Goreng Curah,18000.0,18817.74193548387,-817.7419354838712,-4.35,0.0,18000.0,18000.0,0.0,2026,1,4,1,NORMAL
2026-01-21,DI Yogyakarta,Minyak Goreng Curah,18000.0,18812.90322580645,-812.9032258064508,-4.32,0.0,18000.0,18000.0,0.0,2026,1,4,2,NORMAL
2026-01-22,DI Yogyakarta,Minyak Goreng Curah,18000.0,18816.129032258064,-816.1290322580644,-4.34,0.0,18000.0,18000.0,0.0,2026,1,4,3,NORMAL
2026-01-23,DI Yogyakarta,Minyak Goreng Curah,18000.0,18817.74193548387,-817.7419354838712,-4.35,0.0,18000.0,18000.0,0.0,2026,1,4,4,NORMAL
2026-01-26,DI Yogyakarta,Minyak Goreng Curah,18000.0,18827.41935483871,-827.4193548387084,-4.39,0.0,18000.0,18000.0,0.0,2026,1,5,0,NORMAL
2026-01-27,DI Yogyakarta,Minyak Goreng Curah,18000.0,18830.645161290322,-830.645161290322,-4.41,0.0,18000.0,18000.0,0.0,2026,1,5,1,NORMAL
2026-01-28,DI Yogyakarta,Minyak Goreng Curah,18000.0,18824.1935483871,-824.1935483870984,-4.38,0.0,18000.0,18000.0,0.0,2026,1,5,2,NORMAL
2026-01-29,DI Yogyakarta,Minyak Goreng Curah,18150.0,18825.8064516129,-675.8064516129016,-3.59,150.0,18021.428571428572,18007.14285714286,56.694670951383856,2026,1,5,3,NORMAL
2026-01-30,DI Yogyakarta,Minyak Goreng Curah,18400.0,18864.516129032258,-464.5161290322576,-2.46,250.0,18078.571428571428,18025.0,152.36235005501112,2026,1,5,4,NORMAL
2026-02-02,DI Yogyakarta,Minyak Goreng Curah,18400.0,18872.58064516129,-472.5806451612916,-2.5,0.0,18135.714285714286,18041.304347826088,188.66700319673933,2026,2,6,0,NORMAL
2026-02-03,DI Yogyakarta,Minyak Goreng Curah,18400.0,18891.935483870966,-491.935483870966,-2.6,0.0,18192.85714285714,18056.25,200.89087300607704,2026,2,6,1,NORMAL
2026-02-04,DI Yogyakarta,Minyak Goreng Curah,18400.0,18900.0,-500.0,-2.65,0.0,18250.0,18070.0,193.64916731037533,2026,2,6,2,NORMAL
2026-02-05,DI Yogyakarta,Minyak Goreng Curah,18900.0,18967.74193548387,-67.7419354838712,-0.36,500.0,18378.571428571428,18101.923076923078,279.6681707207488,2026,2,6,3,NORMAL
2026-02-06,DI Yogyakarta,Minyak Goreng Curah,18900.0,18940.322580645163,-40.322580645162816,-0.21,0.0,18507.14285714286,18131.48148148148,283.47335475693234,2026,2,6,4,NORMAL
2026-02-09,DI Yogyakarta,Minyak Goreng Curah,18900.0,18922.58064516129,-22.580645161291613,-0.12,0.0,18614.285714285714,18158.928571428572,267.261241912441,2026,2,7,0,NORMAL
2026-02-10,DI Yogyakarta,Minyak Goreng Curah,18900.0,18927.41935483871,-27.419354838708387,-0.14,0.0,18685.714285714286,18184.48275862069,267.2612419124431,2026,2,7,1,NORMAL
2026-02-11,DI Yogyakarta,Minyak Goreng Curah,18900.0,18929.032258064515,-29.03225806451519,-0.15,0.0,18757.14285714286,18208.333333333332,243.97501823715615,2026,2,7,2,NORMAL
2026-02-12,DI Yogyakarta,Minyak Goreng Curah,18900.0,18933.870967741936,-33.8709677419356,-0.18,0.0,18828.571428571428,18238.333333333332,188.98223650464547,2026,2,7,3,NORMAL
2026-02-13,DI Yogyakarta,Minyak Goreng Curah,18900.0,18982.25806451613,-82.2580645161288,-0.43,0.0,18900.0,18268.333333333332,0.00011380335914746324,2026,2,7,4,NORMAL
2026-02-16,DI Yogyakarta,Minyak Goreng Curah,18900.0,18940.322580645163,-40.322580645162816,-0.21,0.0,18900.0,18298.333333333332,0.00011380335914746324,2026,2,8,0,NORMAL
2026-02-17,DI Yogyakarta,Minyak Goreng Curah,18900.0,18940.322580645163,-40.322580645162816,-0.21,0.0,18900.0,18328.333333333332,0.00011380335914746324,2026,2,8,1,NORMAL
2026-02-18,DI Yogyakarta,Minyak Goreng Curah,18900.0,18969.354838709678,-69.354838709678,-0.37,0.0,18900.0,18358.333333333332,0.00011380335914746324,2026,2,8,2,NORMAL
2026-02-19,DI Yogyakarta,Minyak Goreng Curah,18900.0,18969.354838709678,-69.354838709678,-0.37,0.0,18900.0,18388.333333333332,0.00011380335914746324,2026,2,8,3,NORMAL
2026-02-20,DI Yogyakarta,Minyak Goreng Curah,18900.0,18972.58064516129,-72.58064516129161,-0.38,0.0,18900.0,18418.333333333332,0.00011380335914746324,2026,2,8,4,NORMAL
2026-02-23,DI Yogyakarta,Minyak Goreng Curah,18900.0,18974.1935483871,-74.19354838709842,-0.39,0.0,18900.0,18448.333333333332,0.00011380335914746324,2026,2,9,0,NORMAL
2026-02-24,DI Yogyakarta,Minyak Goreng Curah,18900.0,19011.290322580644,-111.29032258064399,-0.59,0.0,18900.0,18478.333333333332,0.00011380335914746324,2026,2,9,1,NORMAL
2026-02-25,DI Yogyakarta,Minyak Goreng Curah,18900.0,19012.90322580645,-112.90322580645079,-0.59,0.0,18900.0,18508.333333333332,0.00011380335914746324,2026,2,9,2,NORMAL
2026-02-26,DI Yogyakarta,Minyak Goreng Curah,18900.0,19014.516129032258,-114.5161290322576,-0.6,0.0,18900.0,18538.333333333332,0.00011380335914746324,2026,2,9,3,NORMAL
2026-02-27,DI Yogyakarta,Minyak Goreng Curah,18900.0,19017.74193548387,-117.7419354838712,-0.62,0.0,18900.0,18568.333333333332,0.00011380335914746324,2026,2,9,4,NORMAL
2026-03-02,DI Yogyakarta,Minyak Goreng Curah,18900.0,19012.90322580645,-112.90322580645079,-0.59,0.0,18900.0,18598.333333333332,0.00011380335914746324,2026,3,10,0,NORMAL
2026-03-03,DI Yogyakarta,Minyak Goreng Curah,18900.0,19024.1935483871,-124.19354838709842,-0.65,0.0,18900.0,18628.333333333332,0.00011380335914746324,2026,3,10,1,NORMAL
2026-03-04,DI Yogyakarta,Minyak Goreng Curah,18900.0,19041.935483870966,-141.93548387096598,-0.75,0.0,18900.0,18658.333333333332,0.00011380335914746324,2026,3,10,2,NORMAL
2026-03-05,DI Yogyakarta,Minyak Goreng Curah,18900.0,19043.548387096773,-143.54838709677279,-0.75,0.0,18900.0,18688.333333333332,0.00011380335914746324,2026,3,10,3,NORMAL
2026-03-06,DI Yogyakarta,Minyak Goreng Curah,18900.0,19020.967741935485,-120.96774193548481,-0.64,0.0,18900.0,18718.333333333332,0.00011380335914746324,2026,3,10,4,NORMAL
2026-03-09,DI Yogyakarta,Minyak Goreng Curah,19150.0,19029.032258064515,120.96774193548481,0.64,250.0,18935.714285714286,18756.666666666668,94.4911182523782,2026,3,11,0,NORMAL
2026-03-10,DI Yogyakarta,Minyak Goreng Curah,19150.0,19067.74193548387,82.2580645161288,0.43,0.0,18971.428571428572,18795.0,121.98750911862496,2026,3,11,1,NORMAL
2026-03-11,DI Yogyakarta,Minyak Goreng Curah,19500.0,19146.774193548386,353.2258064516136,1.84,350.0,19057.14285714286,18845.0,228.0872848797708,2026,3,11,2,NORMAL
2026-03-12,DI Yogyakarta,Minyak Goreng Curah,20250.0,19251.612903225807,998.3870967741932,5.19,750.0,19250.0,18915.0,491.59604012510886,2026,3,11,3,DEFISIT
2026-03-13,DI Yogyakarta,Minyak Goreng Curah,20250.0,19287.09677419355,962.9032258064508,4.99,0.0,19442.85714285714,18976.666666666668,586.9615059983363,2026,3,11,4,NORMAL
2026-03-16,DI Yogyakarta,Minyak Goreng Curah,20250.0,19469.354838709678,780.645161290322,4.01,0.0,19635.714285714286,19038.333333333332,600.4958268758144,2026,3,12,0,NORMAL
2026-03-17,DI Yogyakarta,Minyak Goreng Curah,20750.0,19659.677419354837,1090.3225806451628,5.55,500.0,19900.0,19116.666666666668,629.1528696059248,2026,3,12,1,DEFISIT
2026-03-18,DI Yogyakarta,Minyak Goreng Curah,20750.0,19662.90322580645,1087.0967741935492,5.53,0.0,20128.571428571428,19195.0,601.2882994435048,2026,3,12,2,DEFISIT
2026-03-19,DI Yogyakarta,Minyak Goreng Curah,20750.0,19654.83870967742,1095.1612903225796,5.57,0.0,20357.14285714286,19256.666666666668,453.16348358753714,2026,3,12,3,DEFISIT
2026-03-20,DI Yogyakarta,Minyak Goreng Curah,20750.0,19656.451612903227,1093.5483870967728,5.56,0.0,20535.714285714286,19318.333333333332,267.26124191252643,2026,3,12,4,DEFISIT
2026-03-23,DI Yogyakarta,Minyak Goreng Curah,20750.0,19670.967741935485,1079.0322580645152,5.49,0.0,20607.14285714286,19380.0,243.9750182372497,2026,3,13,0,DEFISIT
2026-03-24,DI Yogyakarta,Minyak Goreng Curah,20750.0,19670.967741935485,1079.0322580645152,5.49,0.0,20678.571428571428,19441.666666666668,188.98223650477007,2026,3,13,1,DEFISIT
2026-03-25,DI Yogyakarta,Minyak Goreng Curah,20750.0,19745.16129032258,1004.8387096774204,5.09,0.0,20750.0,19503.333333333332,0.00024846342796705853,2026,3,13,2,DEFISIT
2026-03-26,DI Yogyakarta,Minyak Goreng Curah,20750.0,19758.064516129034,991.935483870966,5.02,0.0,20750.0,19565.0,0.00024846342796705853,2026,3,13,3,DEFISIT
2026-03-27,DI Yogyakarta,Minyak Goreng Curah,21000.0,19758.064516129034,1241.935483870966,6.29,250.0,20785.714285714286,19635.0,94.49111825264,2026,3,13,4,DEFISIT
2026-03-30,DI Yogyakarta,Minyak Goreng Curah,21000.0,19843.548387096773,1156.4516129032272,5.83,0.0,20821.428571428572,19705.0,121.98750911882955,2026,3,14,0,DEFISIT
2026-03-31,DI Yogyakarta,Minyak Goreng Curah,21000.0,19840.322580645163,1159.6774193548372,5.85,0.0,20857.14285714286,19775.0,133.63062095645634,2026,3,14,1,DEFISIT
2026-04-01,DI Yogyakarta,Minyak Goreng Curah,21000.0,19851.612903225807,1148.3870967741932,5.78,0.0,20892.85714285714,19845.0,133.63062095646026,2026,4,14,2,DEFISIT
2026-04-02,DI Yogyakarta,Minyak Goreng Curah,21000.0,19870.967741935485,1129.0322580645152,5.68,0.0,20928.571428571428,19915.0,121.98750911884245,2026,4,14,3,DEFISIT
2026-04-03,DI Yogyakarta,Minyak Goreng Curah,21000.0,19933.870967741936,1066.1290322580644,5.35,0.0,20964.285714285714,19985.0,94.49111825266777,2026,4,14,4,DEFISIT
2026-04-06,DI Yogyakarta,Minyak Goreng Curah,21000.0,19908.064516129034,1091.935483870966,5.48,0.0,21000.0,20055.0,0.0002630827755762811,2026,4,15,0,DEFISIT
2026-04-07,DI Yogyakarta,Minyak Goreng Curah,21000.0,19943.548387096773,1056.4516129032272,5.3,0.0,21000.0,20125.0,0.0002630827755762811,2026,4,15,1,DEFISIT
2026-04-08,DI Yogyakarta,Minyak Goreng Curah,21000.0,19982.25806451613,1017.7419354838712,5.09,0.0,21000.0,20195.0,0.0002630827755762811,2026,4,15,2,DEFISIT
2026-04-09,DI Yogyakarta,Minyak Goreng Curah,21000.0,20138.709677419356,861.290322580644,4.28,0.0,21000.0,20265.0,0.0002630827755762811,2026,4,15,3,NORMAL
2026-04-10,DI Yogyakarta,Minyak Goreng Curah,21000.0,20106.451612903227,893.5483870967728,4.44,0.0,21000.0,20335.0,0.0002630827755762811,2026,4,15,4,NORMAL
2026-04-13,DI Yogyakarta,Minyak Goreng Curah,21000.0,20133.870967741936,866.1290322580644,4.3,0.0,21000.0,20405.0,0.0002630827755762811,2026,4,16,0,NORMAL
2026-01-01,DKI Jakarta,Minyak Goreng Curah,20350.0,18851.612903225807,1498.3870967741932,7.95,,20350.0,20350.0,,2026,1,1,3,DEFISIT
2026-01-02,DKI Jakarta,Minyak Goreng Curah,20350.0,18843.548387096773,1506.4516129032272,7.99,0.0,20350.0,20350.0,0.0,2026,1,1,4,DEFISIT
2026-01-05,DKI Jakarta,Minyak Goreng Curah,20350.0,18840.322580645163,1509.6774193548372,8.01,0.0,20350.0,20350.0,0.0,2026,1,2,0,DEFISIT
2026-01-06,DKI Jakarta,Minyak Goreng Curah,20350.0,18832.25806451613,1517.7419354838712,8.06,0.0,20350.0,20350.0,0.0,2026,1,2,1,DEFISIT
2026-01-07,DKI Jakarta,Minyak Goreng Curah,20350.0,18822.58064516129,1527.4193548387084,8.11,0.0,20350.0,20350.0,0.0,2026,1,2,2,DEFISIT
2026-01-08,DKI Jakarta,Minyak Goreng Curah,20350.0,18822.58064516129,1527.4193548387084,8.11,0.0,20350.0,20350.0,0.0,2026,1,2,3,DEFISIT
2026-01-09,DKI Jakarta,Minyak Goreng Curah,20350.0,18825.8064516129,1524.1935483870984,8.1,0.0,20350.0,20350.0,0.0,2026,1,2,4,DEFISIT
2026-01-12,DKI Jakarta,Minyak Goreng Curah,20350.0,18803.225806451614,1546.7741935483864,8.23,0.0,20350.0,20350.0,0.0,2026,1,3,0,DEFISIT
2026-01-13,DKI Jakarta,Minyak Goreng Curah,20350.0,18816.129032258064,1533.8709677419356,8.15,0.0,20350.0,20350.0,0.0,2026,1,3,1,DEFISIT
2026-01-14,DKI Jakarta,Minyak Goreng Curah,20350.0,18811.290322580644,1538.709677419356,8.18,0.0,20350.0,20350.0,0.0,2026,1,3,2,DEFISIT
2026-01-15,DKI Jakarta,Minyak Goreng Curah,20350.0,18812.90322580645,1537.0967741935492,8.17,0.0,20350.0,20350.0,0.0,2026,1,3,3,DEFISIT
2026-01-16,DKI Jakarta,Minyak Goreng Curah,20350.0,18812.90322580645,1537.0967741935492,8.17,0.0,20350.0,20350.0,0.0,2026,1,3,4,DEFISIT
2026-01-19,DKI Jakarta,Minyak Goreng Curah,20350.0,18809.677419354837,1540.3225806451628,8.19,0.0,20350.0,20350.0,0.0,2026,1,4,0,DEFISIT
2026-01-20,DKI Jakarta,Minyak Goreng Curah,20350.0,18817.74193548387,1532.2580645161288,8.14,0.0,20350.0,20350.0,0.0,2026,1,4,1,DEFISIT
2026-01-21,DKI Jakarta,Minyak Goreng Curah,20350.0,18812.90322580645,1537.0967741935492,8.17,0.0,20350.0,20350.0,0.0,2026,1,4,2,DEFISIT
2026-01-22,DKI Jakarta,Minyak Goreng Curah,20350.0,18816.129032258064,1533.8709677419356,8.15,0.0,20350.0,20350.0,0.0,2026,1,4,3,DEFISIT
2026-01-23,DKI Jakarta,Minyak Goreng Curah,20350.0,18817.74193548387,1532.2580645161288,8.14,0.0,20350.0,20350.0,0.0,2026,1,4,4,DEFISIT
2026-01-26,DKI Jakarta,Minyak Goreng Curah,20350.0,18827.41935483871,1522.5806451612916,8.09,0.0,20350.0,20350.0,0.0,2026,1,5,0,DEFISIT
2026-01-27,DKI Jakarta,Minyak Goreng Curah,20350.0,18830.645161290322,1519.354838709678,8.07,0.0,20350.0,20350.0,0.0,2026,1,5,1,DEFISIT
2026-01-28,DKI Jakarta,Minyak Goreng Curah,20350.0,18824.1935483871,1525.8064516129016,8.11,0.0,20350.0,20350.0,0.0,2026,1,5,2,DEFISIT
2026-01-29,DKI Jakarta,Minyak Goreng Curah,20350.0,18825.8064516129,1524.1935483870984,8.1,0.0,20350.0,20350.0,0.0,2026,1,5,3,DEFISIT
2026-01-30,DKI Jakarta,Minyak Goreng Curah,20350.0,18864.516129032258,1485.4838709677424,7.87,0.0,20350.0,20350.0,0.0,2026,1,5,4,DEFISIT
2026-02-02,DKI Jakarta,Minyak Goreng Curah,20350.0,18872.58064516129,1477.4193548387084,7.83,0.0,20350.0,20350.0,0.0,2026,2,6,0,DEFISIT
2026-02-03,DKI Jakarta,Minyak Goreng Curah,20350.0,18891.935483870966,1458.064516129034,7.72,0.0,20350.0,20350.0,0.0,2026,2,6,1,DEFISIT
2026-02-04,DKI Jakarta,Minyak Goreng Curah,20350.0,18900.0,1450.0,7.67,0.0,20350.0,20350.0,0.0,2026,2,6,2,DEFISIT
2026-02-05,DKI Jakarta,Minyak Goreng Curah,20350.0,18967.74193548387,1382.2580645161288,7.29,0.0,20350.0,20350.0,0.0,2026,2,6,3,DEFISIT
2026-02-06,DKI Jakarta,Minyak Goreng Curah,20350.0,18940.322580645163,1409.6774193548372,7.44,0.0,20350.0,20350.0,0.0,2026,2,6,4,DEFISIT
2026-02-09,DKI Jakarta,Minyak Goreng Curah,20350.0,18922.58064516129,1427.4193548387084,7.54,0.0,20350.0,20350.0,0.0,2026,2,7,0,DEFISIT
2026-02-10,DKI Jakarta,Minyak Goreng Curah,20350.0,18927.41935483871,1422.5806451612916,7.52,0.0,20350.0,20350.0,0.0,2026,2,7,1,DEFISIT
2026-02-11,DKI Jakarta,Minyak Goreng Curah,20350.0,18929.032258064515,1420.9677419354848,7.51,0.0,20350.0,20350.0,0.0,2026,2,7,2,DEFISIT
2026-02-12,DKI Jakarta,Minyak Goreng Curah,20350.0,18933.870967741936,1416.1290322580644,7.48,0.0,20350.0,20350.0,0.0,2026,2,7,3,DEFISIT
2026-02-13,DKI Jakarta,Minyak Goreng Curah,20350.0,18982.25806451613,1367.7419354838712,7.21,0.0,20350.0,20350.0,0.0,2026,2,7,4,DEFISIT
2026-02-16,DKI Jakarta,Minyak Goreng Curah,20350.0,18940.322580645163,1409.6774193548372,7.44,0.0,20350.0,20350.0,0.0,2026,2,8,0,DEFISIT
2026-02-17,DKI Jakarta,Minyak Goreng Curah,20350.0,18940.322580645163,1409.6774193548372,7.44,0.0,20350.0,20350.0,0.0,2026,2,8,1,DEFISIT
2026-02-18,DKI Jakarta,Minyak Goreng Curah,20850.0,18969.354838709678,1880.645161290322,9.91,500.0,20421.428571428572,20366.666666666668,188.98223650461338,2026,2,8,2,DEFISIT
2026-02-19,DKI Jakarta,Minyak Goreng Curah,20850.0,18969.354838709678,1880.645161290322,9.91,0.0,20492.85714285714,20383.333333333332,243.97501823713242,2026,2,8,3,DEFISIT
2026-02-20,DKI Jakarta,Minyak Goreng Curah,20850.0,18972.58064516129,1877.4193548387084,9.9,0.0,20564.285714285714,20400.0,267.2612419124234,2026,2,8,4,DEFISIT
2026-02-23,DKI Jakarta,Minyak Goreng Curah,21000.0,18974.1935483871,2025.8064516129016,10.68,150.0,20657.14285714286,20421.666666666668,292.1594476602498,2026,2,9,0,DEFISIT
2026-02-24,DKI Jakarta,Minyak Goreng Curah,21000.0,19011.290322580644,1988.709677419356,10.46,0.0,20750.0,20443.333333333332,281.36571693556687,2026,2,9,1,DEFISIT
2026-02-25,DKI Jakarta,Minyak Goreng Curah,21000.0,19012.90322580645,1987.0967741935492,10.45,0.0,20842.85714285714,20465.0,229.90681342043962,2026,2,9,2,DEFISIT
2026-02-26,DKI Jakarta,Minyak Goreng Curah,21000.0,19014.516129032258,1985.4838709677424,10.44,0.0,20935.714285714286,20486.666666666668,80.17837257370644,2026,2,9,3,DEFISIT
2026-02-27,DKI Jakarta,Minyak Goreng Curah,21000.0,19017.74193548387,1982.2580645161288,10.42,0.0,20957.14285714286,20508.333333333332,73.19250547111487,2026,2,9,4,DEFISIT
2026-03-02,DKI Jakarta,Minyak Goreng Curah,21000.0,19012.90322580645,1987.0967741935492,10.45,0.0,20978.571428571428,20530.0,56.69467095134909,2026,3,10,0,DEFISIT
2026-03-03,DKI Jakarta,Minyak Goreng Curah,21150.0,19024.1935483871,2125.8064516129016,11.17,150.0,21021.428571428572,20556.666666666668,56.694670951383856,2026,3,10,1,DEFISIT
2026-03-04,DKI Jakarta,Minyak Goreng Curah,21150.0,19041.935483870966,2108.064516129034,11.07,0.0,21042.85714285714,20583.333333333332,73.19250547114001,2026,3,10,2,DEFISIT
2026-03-05,DKI Jakarta,Minyak Goreng Curah,21150.0,19043.548387096773,2106.451612903227,11.06,0.0,21064.285714285714,20610.0,80.17837257372746,2026,3,10,3,DEFISIT
2026-03-06,DKI Jakarta,Minyak Goreng Curah,21150.0,19020.967741935485,2129.032258064515,11.19,0.0,21085.714285714286,20636.666666666668,80.17837257372746,2026,3,10,4,DEFISIT
2026-03-09,DKI Jakarta,Minyak Goreng Curah,21150.0,19029.032258064515,2120.967741935485,11.15,0.0,21107.14285714286,20663.333333333332,73.19250547114,2026,3,11,0,DEFISIT
2026-03-10,DKI Jakarta,Minyak Goreng Curah,21150.0,19067.74193548387,2082.258064516129,10.92,0.0,21128.571428571428,20690.0,56.69467095138385,2026,3,11,1,DEFISIT
2026-03-11,DKI Jakarta,Minyak Goreng Curah,21150.0,19146.774193548386,2003.2258064516136,10.46,0.0,21150.0,20716.666666666668,0.0,2026,3,11,2,DEFISIT
2026-03-12,DKI Jakarta,Minyak Goreng Curah,21150.0,19251.612903225807,1898.3870967741932,9.86,0.0,21150.0,20743.333333333332,0.0,2026,3,11,3,DEFISIT
2026-03-13,DKI Jakarta,Minyak Goreng Curah,21150.0,19287.09677419355,1862.9032258064508,9.66,0.0,21150.0,20770.0,0.0,2026,3,11,4,DEFISIT
2026-03-16,DKI Jakarta,Minyak Goreng Curah,22150.0,19469.354838709678,2680.645161290322,13.77,1000.0,21292.85714285714,20830.0,377.96447300922756,2026,3,12,0,DEFISIT
2026-03-17,DKI Jakarta,Minyak Goreng Curah,24100.0,19659.677419354837,4440.322580645163,22.59,1950.0,21714.285714285714,20955.0,1116.0623809157084,2026,3,12,1,DEFISIT
2026-03-18,DKI Jakarta,Minyak Goreng Curah,24100.0,19662.90322580645,4437.096774193549,22.57,0.0,22135.714285714286,21080.0,1390.6576039516606,2026,3,12,2,DEFISIT
2026-03-19,DKI Jakarta,Minyak Goreng Curah,24100.0,19654.83870967742,4445.16129032258,22.62,0.0,22557.14285714286,21205.0,1485.8859790903016,2026,3,12,3,DEFISIT
2026-03-20,DKI Jakarta,Minyak Goreng Curah,24100.0,19656.451612903227,4443.548387096773,22.61,0.0,22978.571428571428,21330.0,1437.8389869456707,2026,3,12,4,DEFISIT
2026-03-23,DKI Jakarta,Minyak Goreng Curah,24100.0,19670.967741935485,4429.032258064515,22.52,0.0,23400.0,21455.0,1229.8373876248834,2026,3,13,0,DEFISIT
2026-03-24,DKI Jakarta,Minyak Goreng Curah,24100.0,19670.967741935485,4429.032258064515,22.52,0.0,23821.428571428572,21580.0,737.0307223679894,2026,3,13,1,DEFISIT
2026-03-25,DKI Jakarta,Minyak Goreng Curah,24250.0,19745.16129032258,4504.83870967742,22.81,150.0,24121.428571428572,21710.0,56.694670951383856,2026,3,13,2,DEFISIT
2026-03-26,DKI Jakarta,Minyak Goreng Curah,24250.0,19758.064516129034,4491.935483870966,22.73,0.0,24142.85714285714,21840.0,73.19250547114001,2026,3,13,3,DEFISIT
2026-03-27,DKI Jakarta,Minyak Goreng Curah,24250.0,19758.064516129034,4491.935483870966,22.73,0.0,24164.285714285714,21970.0,80.17837257372746,2026,3,13,4,DEFISIT
2026-03-30,DKI Jakarta,Minyak Goreng Curah,24250.0,19843.548387096773,4406.451612903227,22.21,0.0,24185.714285714286,22100.0,80.17837257372746,2026,3,14,0,DEFISIT
2026-03-31,DKI Jakarta,Minyak Goreng Curah,24250.0,19840.322580645163,4409.677419354837,22.23,0.0,24207.14285714286,22230.0,73.19250547114,2026,3,14,1,DEFISIT
2026-04-01,DKI Jakarta,Minyak Goreng Curah,24250.0,19851.612903225807,4398.387096774193,22.16,0.0,24228.571428571428,22343.333333333332,56.69467095138385,2026,4,14,2,DEFISIT
2026-04-02,DKI Jakarta,Minyak Goreng Curah,24250.0,19870.967741935485,4379.032258064515,22.04,0.0,24250.0,22456.666666666668,0.0,2026,4,14,3,DEFISIT
2026-04-03,DKI Jakarta,Minyak Goreng Curah,24250.0,19933.870967741936,4316.129032258064,21.65,0.0,24250.0,22570.0,0.0,2026,4,14,4,DEFISIT
2026-04-06,DKI Jakarta,Minyak Goreng Curah,23750.0,19908.064516129034,3841.935483870966,19.3,-500.0,24178.571428571428,22661.666666666668,188.98223650461338,2026,4,15,0,DEFISIT
2026-04-07,DKI Jakarta,Minyak Goreng Curah,23750.0,19943.548387096773,3806.451612903227,19.09,0.0,24107.14285714286,22753.333333333332,243.97501823713242,2026,4,15,1,DEFISIT
2026-04-08,DKI Jakarta,Minyak Goreng Curah,23750.0,19982.25806451613,3767.741935483871,18.86,0.0,24035.714285714286,22845.0,267.2612419124234,2026,4,15,2,DEFISIT
2026-04-09,DKI Jakarta,Minyak Goreng Curah,23750.0,20138.709677419356,3611.290322580644,17.93,0.0,23964.285714285714,22936.666666666668,267.2612419124234,2026,4,15,3,DEFISIT
2026-04-10,DKI Jakarta,Minyak Goreng Curah,23750.0,20106.451612903227,3643.548387096773,18.12,0.0,23892.85714285714,23028.333333333332,243.9750182371317,2026,4,15,4,DEFISIT
2026-04-13,DKI Jakarta,Minyak Goreng Curah,23750.0,20133.870967741936,3616.1290322580644,17.96,0.0,23821.428571428572,23120.0,188.98223650461097,2026,4,16,0,DEFISIT
2026-01-01,Gorontalo,Minyak Goreng Curah,20200.0,18851.612903225807,1348.3870967741932,7.15,,20200.0,20200.0,,2026,1,1,3,DEFISIT
2026-01-02,Gorontalo,Minyak Goreng Curah,20200.0,18843.548387096773,1356.4516129032272,7.2,0.0,20200.0,20200.0,0.0,2026,1,1,4,DEFISIT
2026-01-05,Gorontalo,Minyak Goreng Curah,20000.0,18840.322580645163,1159.6774193548372,6.16,-200.0,20133.333333333332,20133.333333333332,115.47005383792462,2026,1,2,0,DEFISIT
2026-01-06,Gorontalo,Minyak Goreng Curah,20000.0,18832.25806451613,1167.7419354838712,6.2,0.0,20100.0,20100.0,115.47005383792462,2026,1,2,1,DEFISIT
2026-01-07,Gorontalo,Minyak Goreng Curah,20000.0,18822.58064516129,1177.4193548387084,6.26,0.0,20080.0,20080.0,109.5445115010328,2026,1,2,2,DEFISIT
2026-01-08,Gorontalo,Minyak Goreng Curah,20000.0,18822.58064516129,1177.4193548387084,6.26,0.0,20066.666666666668,20066.666666666668,103.27955589886419,2026,1,2,3,DEFISIT
2026-01-09,Gorontalo,Minyak Goreng Curah,20150.0,18825.8064516129,1324.1935483870984,7.03,150.0,20078.571428571428,20078.571428571428,99.40297973880001,2026,1,2,4,DEFISIT
2026-01-12,Gorontalo,Minyak Goreng Curah,20150.0,18803.225806451614,1346.7741935483864,7.16,0.0,20071.428571428572,20087.5,90.6326967174964,2026,1,3,0,DEFISIT
2026-01-13,Gorontalo,Minyak Goreng Curah,20150.0,18816.129032258064,1333.8709677419356,7.09,0.0,20064.285714285714,20094.444444444445,80.17837257372734,2026,1,3,1,DEFISIT
2026-01-14,Gorontalo,Minyak Goreng Curah,20150.0,18811.290322580644,1338.709677419356,7.12,0.0,20085.714285714286,20100.0,80.17837257372734,2026,1,3,2,DEFISIT
2026-01-15,Gorontalo,Minyak Goreng Curah,20150.0,18812.90322580645,1337.0967741935492,7.11,0.0,20107.14285714286,20104.545454545456,73.19250547113987,2026,1,3,3,DEFISIT
2026-01-16,Gorontalo,Minyak Goreng Curah,20150.0,18812.90322580645,1337.0967741935492,7.11,0.0,20128.571428571428,20108.333333333332,56.69467095138368,2026,1,3,4,DEFISIT
2026-01-19,Gorontalo,Minyak Goreng Curah,20150.0,18809.677419354837,1340.3225806451628,7.13,0.0,20150.0,20111.53846153846,0.0,2026,1,4,0,DEFISIT
2026-01-20,Gorontalo,Minyak Goreng Curah,20150.0,18817.74193548387,1332.2580645161288,7.08,0.0,20150.0,20114.285714285714,0.0,2026,1,4,1,DEFISIT
2026-01-21,Gorontalo,Minyak Goreng Curah,20150.0,18812.90322580645,1337.0967741935492,7.11,0.0,20150.0,20116.666666666668,0.0,2026,1,4,2,DEFISIT
2026-01-22,Gorontalo,Minyak Goreng Curah,20150.0,18816.129032258064,1333.8709677419356,7.09,0.0,20150.0,20118.75,0.0,2026,1,4,3,DEFISIT
2026-01-23,Gorontalo,Minyak Goreng Curah,20150.0,18817.74193548387,1332.2580645161288,7.08,0.0,20150.0,20120.58823529412,0.0,2026,1,4,4,DEFISIT
2026-01-26,Gorontalo,Minyak Goreng Curah,20150.0,18827.41935483871,1322.5806451612916,7.02,0.0,20150.0,20122.222222222223,0.0,2026,1,5,0,DEFISIT
2026-01-27,Gorontalo,Minyak Goreng Curah,20150.0,18830.645161290322,1319.354838709678,7.01,0.0,20150.0,20123.684210526317,0.0,2026,1,5,1,DEFISIT
2026-01-28,Gorontalo,Minyak Goreng Curah,20150.0,18824.1935483871,1325.8064516129016,7.04,0.0,20150.0,20125.0,0.0,2026,1,5,2,DEFISIT
2026-01-29,Gorontalo,Minyak Goreng Curah,20150.0,18825.8064516129,1324.1935483870984,7.03,0.0,20150.0,20126.190476190477,0.0,2026,1,5,3,DEFISIT
2026-01-30,Gorontalo,Minyak Goreng Curah,20150.0,18864.516129032258,1285.4838709677424,6.81,0.0,20150.0,20127.272727272728,0.0,2026,1,5,4,DEFISIT
2026-02-02,Gorontalo,Minyak Goreng Curah,20150.0,18872.58064516129,1277.4193548387084,6.77,0.0,20150.0,20128.260869565216,0.0,2026,2,6,0,DEFISIT
2026-02-03,Gorontalo,Minyak Goreng Curah,20150.0,18891.935483870966,1258.064516129034,6.66,0.0,20150.0,20129.166666666668,0.0,2026,2,6,1,DEFISIT
2026-02-04,Gorontalo,Minyak Goreng Curah,20150.0,18900.0,1250.0,6.61,0.0,20150.0,20130.0,0.0,2026,2,6,2,DEFISIT
2026-02-05,Gorontalo,Minyak Goreng Curah,20150.0,18967.74193548387,1182.2580645161288,6.23,0.0,20150.0,20130.76923076923,0.0,2026,2,6,3,DEFISIT
2026-02-06,Gorontalo,Minyak Goreng Curah,20150.0,18940.322580645163,1209.6774193548372,6.39,0.0,20150.0,20131.48148148148,0.0,2026,2,6,4,DEFISIT
2026-02-09,Gorontalo,Minyak Goreng Curah,20150.0,18922.58064516129,1227.4193548387084,6.49,0.0,20150.0,20132.14285714286,0.0,2026,2,7,0,DEFISIT
2026-02-10,Gorontalo,Minyak Goreng Curah,20150.0,18927.41935483871,1222.5806451612916,6.46,0.0,20150.0,20132.758620689656,0.0,2026,2,7,1,DEFISIT
2026-02-11,Gorontalo,Minyak Goreng Curah,20150.0,18929.032258064515,1220.9677419354848,6.45,0.0,20150.0,20133.333333333332,0.0,2026,2,7,2,DEFISIT
2026-02-12,Gorontalo,Minyak Goreng Curah,20150.0,18933.870967741936,1216.1290322580644,6.42,0.0,20150.0,20131.666666666668,0.0,2026,2,7,3,DEFISIT
2026-02-13,Gorontalo,Minyak Goreng Curah,20150.0,18982.25806451613,1167.7419354838712,6.15,0.0,20150.0,20130.0,0.0,2026,2,7,4,DEFISIT
2026-02-16,Gorontalo,Minyak Goreng Curah,20150.0,18940.322580645163,1209.6774193548372,6.39,0.0,20150.0,20135.0,0.0,2026,2,8,0,DEFISIT
2026-02-17,Gorontalo,Minyak Goreng Curah,20150.0,18940.322580645163,1209.6774193548372,6.39,0.0,20150.0,20140.0,0.0,2026,2,8,1,DEFISIT
2026-02-18,Gorontalo,Minyak Goreng Curah,20500.0,18969.354838709678,1530.645161290322,8.07,350.0,20200.0,20156.666666666668,132.28756555322954,2026,2,8,2,DEFISIT
2026-02-19,Gorontalo,Minyak Goreng Curah,20500.0,18969.354838709678,1530.645161290322,8.07,0.0,20250.0,20173.333333333332,170.7825127659935,2026,2,8,3,DEFISIT
2026-02-20,Gorontalo,Minyak Goreng Curah,20500.0,18972.58064516129,1527.4193548387084,8.05,0.0,20300.0,20185.0,187.0828693386971,2026,2,8,4,DEFISIT
2026-02-23,Gorontalo,Minyak Goreng Curah,20500.0,18974.1935483871,1525.8064516129016,8.04,0.0,20350.0,20196.666666666668,187.0828693386971,2026,2,9,0,DEFISIT
2026-02-24,Gorontalo,Minyak Goreng Curah,20500.0,19011.290322580644,1488.709677419356,7.83,0.0,20400.0,20208.333333333332,170.7825127659935,2026,2,9,1,DEFISIT
2026-02-25,Gorontalo,Minyak Goreng Curah,20500.0,19012.90322580645,1487.0967741935492,7.82,0.0,20450.0,20220.0,132.28756555322954,2026,2,9,2,DEFISIT
2026-02-26,Gorontalo,Minyak Goreng Curah,20500.0,19014.516129032258,1485.4838709677424,7.81,0.0,20500.0,20231.666666666668,0.0,2026,2,9,3,DEFISIT
2026-02-27,Gorontalo,Minyak Goreng Curah,20500.0,19017.74193548387,1482.2580645161288,7.79,0.0,20500.0,20243.333333333332,0.0,2026,2,9,4,DEFISIT
2026-03-02,Gorontalo,Minyak Goreng Curah,20500.0,19012.90322580645,1487.0967741935492,7.82,0.0,20500.0,20255.0,0.0,2026,3,10,0,DEFISIT
2026-03-03,Gorontalo,Minyak Goreng Curah,20500.0,19024.1935483871,1475.8064516129016,7.76,0.0,20500.0,20266.666666666668,0.0,2026,3,10,1,DEFISIT
2026-03-04,Gorontalo,Minyak Goreng Curah,20500.0,19041.935483870966,1458.064516129034,7.66,0.0,20500.0,20278.333333333332,0.0,2026,3,10,2,DEFISIT
2026-03-05,Gorontalo,Minyak Goreng Curah,20400.0,19043.548387096773,1356.4516129032272,7.12,-100.0,20485.714285714286,20286.666666666668,37.796447300922836,2026,3,10,3,DEFISIT
2026-03-06,Gorontalo,Minyak Goreng Curah,20400.0,19020.967741935485,1379.0322580645152,7.25,0.0,20471.428571428572,20295.0,48.795003647427265,2026,3,10,4,DEFISIT
2026-03-09,Gorontalo,Minyak Goreng Curah,20400.0,19029.032258064515,1370.9677419354848,7.2,0.0,20457.14285714286,20303.333333333332,53.45224838248581,2026,3,11,0,DEFISIT
2026-03-10,Gorontalo,Minyak Goreng Curah,20500.0,19067.74193548387,1432.2580645161288,7.51,100.0,20457.14285714286,20315.0,53.45224838248581,2026,3,11,1,DEFISIT
2026-03-11,Gorontalo,Minyak Goreng Curah,20650.0,19146.774193548386,1503.2258064516136,7.85,150.0,20478.571428571428,20331.666666666668,90.63269671749738,2026,3,11,2,DEFISIT
2026-03-12,Gorontalo,Minyak Goreng Curah,20650.0,19251.612903225807,1398.3870967741932,7.26,0.0,20500.0,20348.333333333332,111.80339887499012,2026,3,11,3,DEFISIT
2026-03-13,Gorontalo,Minyak Goreng Curah,21150.0,19287.09677419355,1862.9032258064508,9.66,500.0,20592.85714285714,20381.666666666668,269.9206232527318,2026,3,11,4,DEFISIT
2026-03-16,Gorontalo,Minyak Goreng Curah,21400.0,19469.354838709678,1930.645161290322,9.92,250.0,20735.714285714286,20423.333333333332,389.13824205360714,2026,3,12,0,DEFISIT
2026-03-17,Gorontalo,Minyak Goreng Curah,21750.0,19659.677419354837,2090.322580645163,10.63,350.0,20928.571428571428,20476.666666666668,510.6018857331858,2026,3,12,1,DEFISIT
2026-03-18,Gorontalo,Minyak Goreng Curah,21750.0,19662.90322580645,2087.096774193549,10.61,0.0,21121.428571428572,20530.0,532.1788099072375,2026,3,12,2,DEFISIT
2026-03-19,Gorontalo,Minyak Goreng Curah,21750.0,19654.83870967742,2095.1612903225796,10.66,0.0,21300.0,20583.333333333332,497.4937185533053,2026,3,12,3,DEFISIT
2026-03-20,Gorontalo,Minyak Goreng Curah,21750.0,19656.451612903227,2093.548387096773,10.65,0.0,21457.14285714286,20636.666666666668,426.6424844337492,2026,3,12,4,DEFISIT
2026-03-23,Gorontalo,Minyak Goreng Curah,21750.0,19670.967741935485,2079.032258064515,10.57,0.0,21614.285714285714,20690.0,242.75207811378306,2026,3,13,0,DEFISIT
2026-03-24,Gorontalo,Minyak Goreng Curah,21750.0,19670.967741935485,2079.032258064515,10.57,0.0,21700.0,20743.333333333332,132.28756555317935,2026,3,13,1,DEFISIT
2026-03-25,Gorontalo,Minyak Goreng Curah,22000.0,19745.16129032258,2254.8387096774204,11.42,250.0,21785.714285714286,20805.0,94.49111825230669,2026,3,13,2,DEFISIT
2026-03-26,Gorontalo,Minyak Goreng Curah,22150.0,19758.064516129034,2391.935483870966,12.11,150.0,21842.85714285714,20871.666666666668,164.38920136009332,2026,3,13,3,DEFISIT
2026-03-27,Gorontalo,Minyak Goreng Curah,22150.0,19758.064516129034,2391.935483870966,12.11,0.0,21900.0,20938.333333333332,193.64916731036936,2026,3,13,4,DEFISIT
2026-03-30,Gorontalo,Minyak Goreng Curah,22250.0,19843.548387096773,2406.451612903227,12.13,100.0,21971.428571428572,21008.333333333332,219.57751641341724,2026,3,14,0,DEFISIT
2026-03-31,Gorontalo,Minyak Goreng Curah,21950.0,19840.322580645163,2109.677419354837,10.63,-300.0,22000.0,21068.333333333332,197.90570145062807,2026,3,14,1,DEFISIT
2026-04-01,Gorontalo,Minyak Goreng Curah,21950.0,19851.612903225807,2098.387096774193,10.57,0.0,22028.571428571428,21116.666666666668,167.97108594720672,2026,4,14,2,DEFISIT
2026-04-02,Gorontalo,Minyak Goreng Curah,22000.0,19870.967741935485,2129.032258064515,10.71,50.0,22064.285714285714,21166.666666666668,118.01936887040782,2026,4,14,3,DEFISIT
2026-04-03,Gorontalo,Minyak Goreng Curah,22000.0,19933.870967741936,2066.1290322580644,10.36,0.0,22064.285714285714,21216.666666666668,118.01936887040782,2026,4,14,4,DEFISIT
2026-04-06,Gorontalo,Minyak Goreng Curah,22000.0,19908.064516129034,2091.935483870966,10.51,0.0,22042.85714285714,21266.666666666668,113.38934190275981,2026,4,15,0,DEFISIT
2026-04-07,Gorontalo,Minyak Goreng Curah,22000.0,19943.548387096773,2056.451612903227,10.31,0.0,22021.428571428572,21316.666666666668,103.50983390134465,2026,4,15,1,DEFISIT
2026-04-08,Gorontalo,Minyak Goreng Curah,22000.0,19982.25806451613,2017.7419354838712,10.1,0.0,21985.714285714286,21366.666666666668,24.397501823685815,2026,4,15,2,DEFISIT
2026-04-09,Gorontalo,Minyak Goreng Curah,22000.0,20138.709677419356,1861.290322580644,9.24,0.0,21992.85714285714,21416.666666666668,18.89822365042395,2026,4,15,3,DEFISIT
2026-04-10,Gorontalo,Minyak Goreng Curah,22000.0,20106.451612903227,1893.5483870967728,9.42,0.0,22000.0,21466.666666666668,0.0,2026,4,15,4,DEFISIT
2026-04-13,Gorontalo,Minyak Goreng Curah,22000.0,20133.870967741936,1866.1290322580644,9.27,0.0,22000.0,21516.666666666668,0.0,2026,4,16,0,DEFISIT
2026-01-01,Jambi,Minyak Goreng Curah,18750.0,18851.612903225807,-101.6129032258068,-0.54,,18750.0,18750.0,,2026,1,1,3,NORMAL
2026-01-02,Jambi,Minyak Goreng Curah,18750.0,18843.548387096773,-93.54838709677279,-0.5,0.0,18750.0,18750.0,0.0,2026,1,1,4,NORMAL
2026-01-05,Jambi,Minyak Goreng Curah,18750.0,18840.322580645163,-90.32258064516282,-0.48,0.0,18750.0,18750.0,0.0,2026,1,2,0,NORMAL
2026-01-06,Jambi,Minyak Goreng Curah,18750.0,18832.25806451613,-82.2580645161288,-0.44,0.0,18750.0,18750.0,0.0,2026,1,2,1,NORMAL
2026-01-07,Jambi,Minyak Goreng Curah,18750.0,18822.58064516129,-72.58064516129161,-0.39,0.0,18750.0,18750.0,0.0,2026,1,2,2,NORMAL
2026-01-08,Jambi,Minyak Goreng Curah,18750.0,18822.58064516129,-72.58064516129161,-0.39,0.0,18750.0,18750.0,0.0,2026,1,2,3,NORMAL
2026-01-09,Jambi,Minyak Goreng Curah,18750.0,18825.8064516129,-75.80645161290158,-0.4,0.0,18750.0,18750.0,0.0,2026,1,2,4,NORMAL
2026-01-12,Jambi,Minyak Goreng Curah,18750.0,18803.225806451614,-53.22580645161361,-0.28,0.0,18750.0,18750.0,0.0,2026,1,3,0,NORMAL
2026-01-13,Jambi,Minyak Goreng Curah,18750.0,18816.129032258064,-66.1290322580644,-0.35,0.0,18750.0,18750.0,0.0,2026,1,3,1,NORMAL
2026-01-14,Jambi,Minyak Goreng Curah,18750.0,18811.290322580644,-61.29032258064399,-0.33,0.0,18750.0,18750.0,0.0,2026,1,3,2,NORMAL
2026-01-15,Jambi,Minyak Goreng Curah,18750.0,18812.90322580645,-62.90322580645079,-0.33,0.0,18750.0,18750.0,0.0,2026,1,3,3,NORMAL
2026-01-16,Jambi,Minyak Goreng Curah,18750.0,18812.90322580645,-62.90322580645079,-0.33,0.0,18750.0,18750.0,0.0,2026,1,3,4,NORMAL
2026-01-19,Jambi,Minyak Goreng Curah,19150.0,18809.677419354837,340.3225806451628,1.81,400.0,18807.14285714286,18780.76923076923,151.18578920369055,2026,1,4,0,NORMAL
2026-01-20,Jambi,Minyak Goreng Curah,19150.0,18817.74193548387,332.2580645161288,1.77,0.0,18864.285714285714,18807.14285714286,195.18001458970622,2026,1,4,1,NORMAL
2026-01-21,Jambi,Minyak Goreng Curah,19150.0,18812.90322580645,337.0967741935492,1.79,0.0,18921.428571428572,18830.0,213.80899352993958,2026,1,4,2,NORMAL
2026-01-22,Jambi,Minyak Goreng Curah,19150.0,18816.129032258064,333.8709677419356,1.77,0.0,18978.571428571428,18850.0,213.80899352994064,2026,1,4,3,NORMAL
2026-01-23,Jambi,Minyak Goreng Curah,19150.0,18817.74193548387,332.2580645161288,1.77,0.0,19035.714285714286,18867.647058823528,195.18001458970966,2026,1,4,4,NORMAL
2026-01-26,Jambi,Minyak Goreng Curah,19150.0,18827.41935483871,322.5806451612916,1.71,0.0,19092.85714285714,18883.333333333332,151.185789203698,2026,1,5,0,NORMAL
2026-01-27,Jambi,Minyak Goreng Curah,19150.0,18830.645161290322,319.354838709678,1.7,0.0,19150.0,18897.36842105263,0.0,2026,1,5,1,NORMAL
2026-01-28,Jambi,Minyak Goreng Curah,19150.0,18824.1935483871,325.8064516129016,1.73,0.0,19150.0,18910.0,0.0,2026,1,5,2,NORMAL
2026-01-29,Jambi,Minyak Goreng Curah,19150.0,18825.8064516129,324.1935483870984,1.72,0.0,19150.0,18921.428571428572,0.0,2026,1,5,3,NORMAL
2026-01-30,Jambi,Minyak Goreng Curah,19150.0,18864.516129032258,285.4838709677424,1.51,0.0,19150.0,18931.81818181818,0.0,2026,1,5,4,NORMAL
2026-02-02,Jambi,Minyak Goreng Curah,19150.0,18872.58064516129,277.4193548387084,1.47,0.0,19150.0,18941.304347826088,0.0,2026,2,6,0,NORMAL
2026-02-03,Jambi,Minyak Goreng Curah,19150.0,18891.935483870966,258.064516129034,1.37,0.0,19150.0,18950.0,0.0,2026,2,6,1,NORMAL
2026-02-04,Jambi,Minyak Goreng Curah,19150.0,18900.0,250.0,1.32,0.0,19150.0,18958.0,0.0,2026,2,6,2,NORMAL
2026-02-05,Jambi,Minyak Goreng Curah,19150.0,18967.74193548387,182.2580645161288,0.96,0.0,19150.0,18965.384615384617,0.0,2026,2,6,3,NORMAL
2026-02-06,Jambi,Minyak Goreng Curah,19150.0,18940.322580645163,209.67741935483718,1.11,0.0,19150.0,18972.222222222223,0.0,2026,2,6,4,NORMAL
2026-02-09,Jambi,Minyak Goreng Curah,19400.0,18922.58064516129,477.4193548387084,2.52,250.0,19185.714285714286,18987.5,94.49111825230669,2026,2,7,0,NORMAL
2026-02-10,Jambi,Minyak Goreng Curah,19400.0,18927.41935483871,472.5806451612916,2.5,0.0,19221.428571428572,19001.724137931036,121.98750911856621,2026,2,7,1,NORMAL
2026-02-11,Jambi,Minyak Goreng Curah,19400.0,18929.032258064515,470.9677419354848,2.49,0.0,19257.14285714286,19015.0,133.63062095621126,2026,2,7,2,NORMAL
2026-02-12,Jambi,Minyak Goreng Curah,19400.0,18933.870967741936,466.1290322580644,2.46,0.0,19292.85714285714,19036.666666666668,133.63062095621126,2026,2,7,3,NORMAL
2026-02-13,Jambi,Minyak Goreng Curah,19400.0,18982.25806451613,417.7419354838712,2.2,0.0,19328.571428571428,19058.333333333332,121.98750911856621,2026,2,7,4,NORMAL
2026-02-16,Jambi,Minyak Goreng Curah,19400.0,18940.322580645163,459.6774193548372,2.43,0.0,19364.285714285714,19080.0,94.49111825230669,2026,2,8,0,NORMAL
2026-02-17,Jambi,Minyak Goreng Curah,19400.0,18940.322580645163,459.6774193548372,2.43,0.0,19400.0,19101.666666666668,0.0,2026,2,8,1,NORMAL
2026-02-18,Jambi,Minyak Goreng Curah,19400.0,18969.354838709678,430.645161290322,2.27,0.0,19400.0,19123.333333333332,0.0,2026,2,8,2,NORMAL
2026-02-19,Jambi,Minyak Goreng Curah,19400.0,18969.354838709678,430.645161290322,2.27,0.0,19400.0,19145.0,0.0,2026,2,8,3,NORMAL
2026-02-20,Jambi,Minyak Goreng Curah,19400.0,18972.58064516129,427.4193548387084,2.25,0.0,19400.0,19166.666666666668,0.0,2026,2,8,4,NORMAL
2026-02-23,Jambi,Minyak Goreng Curah,19400.0,18974.1935483871,425.8064516129016,2.24,0.0,19400.0,19188.333333333332,0.0,2026,2,9,0,NORMAL
2026-02-24,Jambi,Minyak Goreng Curah,19400.0,19011.290322580644,388.709677419356,2.04,0.0,19400.0,19210.0,0.0,2026,2,9,1,NORMAL
2026-02-25,Jambi,Minyak Goreng Curah,19400.0,19012.90322580645,387.0967741935492,2.04,0.0,19400.0,19231.666666666668,0.0,2026,2,9,2,NORMAL
2026-02-26,Jambi,Minyak Goreng Curah,19400.0,19014.516129032258,385.4838709677424,2.03,0.0,19400.0,19253.333333333332,0.0,2026,2,9,3,NORMAL
2026-02-27,Jambi,Minyak Goreng Curah,19400.0,19017.74193548387,382.2580645161288,2.01,0.0,19400.0,19275.0,0.0,2026,2,9,4,NORMAL
2026-03-02,Jambi,Minyak Goreng Curah,19400.0,19012.90322580645,387.0967741935492,2.04,0.0,19400.0,19283.333333333332,0.0,2026,3,10,0,NORMAL
2026-03-03,Jambi,Minyak Goreng Curah,19400.0,19024.1935483871,375.8064516129016,1.98,0.0,19400.0,19291.666666666668,0.0,2026,3,10,1,NORMAL
2026-03-04,Jambi,Minyak Goreng Curah,19400.0,19041.935483870966,358.064516129034,1.88,0.0,19400.0,19300.0,0.0,2026,3,10,2,NORMAL
2026-03-05,Jambi,Minyak Goreng Curah,19400.0,19043.548387096773,356.4516129032272,1.87,0.0,19400.0,19308.333333333332,0.0,2026,3,10,3,NORMAL
2026-03-06,Jambi,Minyak Goreng Curah,19400.0,19020.967741935485,379.0322580645152,1.99,0.0,19400.0,19316.666666666668,0.0,2026,3,10,4,NORMAL
2026-03-09,Jambi,Minyak Goreng Curah,19400.0,19029.032258064515,370.9677419354848,1.95,0.0,19400.0,19325.0,0.0,2026,3,11,0,NORMAL
2026-03-10,Jambi,Minyak Goreng Curah,19400.0,19067.74193548387,332.2580645161288,1.74,0.0,19400.0,19333.333333333332,0.0,2026,3,11,1,NORMAL
2026-03-11,Jambi,Minyak Goreng Curah,19500.0,19146.774193548386,353.2258064516136,1.84,100.0,19414.285714285714,19345.0,37.796447300922836,2026,3,11,2,NORMAL
2026-03-12,Jambi,Minyak Goreng Curah,19750.0,19251.612903225807,498.3870967741932,2.59,250.0,19464.285714285714,19365.0,131.38456820306152,2026,3,11,3,NORMAL
2026-03-13,Jambi,Minyak Goreng Curah,19750.0,19287.09677419355,462.9032258064508,2.4,0.0,19514.285714285714,19385.0,165.11179473891303,2026,3,11,4,NORMAL
2026-03-16,Jambi,Minyak Goreng Curah,19750.0,19469.354838709678,280.645161290322,1.44,0.0,19564.285714285714,19405.0,177.28105208558446,2026,3,12,0,NORMAL
2026-03-17,Jambi,Minyak Goreng Curah,19950.0,19659.677419354837,290.3225806451628,1.48,200.0,19642.85714285714,19431.666666666668,211.0066575343302,2026,3,12,1,NORMAL
2026-03-18,Jambi,Minyak Goreng Curah,19950.0,19662.90322580645,287.0967741935492,1.46,0.0,19721.428571428572,19458.333333333332,207.88046015507706,2026,3,12,2,NORMAL
2026-03-19,Jambi,Minyak Goreng Curah,19950.0,19654.83870967742,295.1612903225796,1.5,0.0,19800.0,19485.0,165.8312395177743,2026,3,12,3,NORMAL
2026-03-20,Jambi,Minyak Goreng Curah,19950.0,19656.451612903227,293.5483870967728,1.49,0.0,19864.285714285714,19511.666666666668,106.90449676497883,2026,3,12,4,NORMAL
2026-03-23,Jambi,Minyak Goreng Curah,19950.0,19670.967741935485,279.0322580645152,1.42,0.0,19892.85714285714,19530.0,97.59000729486473,2026,3,13,0,NORMAL
2026-03-24,Jambi,Minyak Goreng Curah,19950.0,19670.967741935485,279.0322580645152,1.42,0.0,19921.428571428572,19548.333333333332,75.59289460186251,2026,3,13,1,NORMAL
2026-03-25,Jambi,Minyak Goreng Curah,19950.0,19745.16129032258,204.8387096774204,1.04,0.0,19950.0,19566.666666666668,5.4729052776736896e-05,2026,3,13,2,NORMAL
2026-03-26,Jambi,Minyak Goreng Curah,19950.0,19758.064516129034,191.93548387096598,0.97,0.0,19950.0,19585.0,5.4729052776736896e-05,2026,3,13,3,NORMAL
2026-03-27,Jambi,Minyak Goreng Curah,19950.0,19758.064516129034,191.93548387096598,0.97,0.0,19950.0,19603.333333333332,5.4729052776736896e-05,2026,3,13,4,NORMAL
2026-03-30,Jambi,Minyak Goreng Curah,20750.0,19843.548387096773,906.4516129032272,4.57,800.0,20064.285714285714,19648.333333333332,302.37157840738985,2026,3,14,0,NORMAL
2026-03-31,Jambi,Minyak Goreng Curah,20750.0,19840.322580645163,909.6774193548372,4.58,0.0,20178.571428571428,19693.333333333332,390.3600291794221,2026,3,14,1,NORMAL
2026-04-01,Jambi,Minyak Goreng Curah,20750.0,19851.612903225807,898.3870967741932,4.53,0.0,20292.85714285714,19738.333333333332,427.61798705988974,2026,4,14,2,NORMAL
2026-04-02,Jambi,Minyak Goreng Curah,20750.0,19870.967741935485,879.0322580645152,4.42,0.0,20407.14285714286,19783.333333333332,427.61798705989264,2026,4,14,3,NORMAL
2026-04-03,Jambi,Minyak Goreng Curah,20750.0,19933.870967741936,816.1290322580644,4.09,0.0,20521.428571428572,19828.333333333332,390.36002917943165,2026,4,14,4,NORMAL
2026-04-06,Jambi,Minyak Goreng Curah,21000.0,19908.064516129034,1091.935483870966,5.48,250.0,20671.428571428572,19881.666666666668,331.482959412652,2026,4,15,0,DEFISIT
2026-04-07,Jambi,Minyak Goreng Curah,21000.0,19943.548387096773,1056.4516129032272,5.3,0.0,20821.428571428572,19935.0,121.98750911865142,2026,4,15,1,DEFISIT
2026-04-08,Jambi,Minyak Goreng Curah,21000.0,19982.25806451613,1017.7419354838712,5.09,0.0,20857.14285714286,19988.333333333332,133.6306209562927,2026,4,15,2,DEFISIT
2026-04-09,Jambi,Minyak Goreng Curah,21000.0,20138.709677419356,861.290322580644,4.28,0.0,20892.85714285714,20041.666666666668,133.63062095629556,2026,4,15,3,NORMAL
2026-04-10,Jambi,Minyak Goreng Curah,21000.0,20106.451612903227,893.5483870967728,4.44,0.0,20928.571428571428,20095.0,121.98750911866088,2026,4,15,4,NORMAL
2026-04-13,Jambi,Minyak Goreng Curah,21000.0,20133.870967741936,866.1290322580644,4.3,0.0,20964.285714285714,20148.333333333332,94.49111825243187,2026,4,16,0,NORMAL
2026-01-01,Jawa Barat,Minyak Goreng Curah,19600.0,18851.612903225807,748.3870967741932,3.97,,19600.0,19600.0,,2026,1,1,3,NORMAL
2026-01-02,Jawa Barat,Minyak Goreng Curah,19600.0,18843.548387096773,756.4516129032272,4.01,0.0,19600.0,19600.0,0.0,2026,1,1,4,NORMAL
2026-01-05,Jawa Barat,Minyak Goreng Curah,19600.0,18840.322580645163,759.6774193548372,4.03,0.0,19600.0,19600.0,0.0,2026,1,2,0,NORMAL
2026-01-06,Jawa Barat,Minyak Goreng Curah,19600.0,18832.25806451613,767.7419354838712,4.08,0.0,19600.0,19600.0,0.0,2026,1,2,1,NORMAL
2026-01-07,Jawa Barat,Minyak Goreng Curah,19600.0,18822.58064516129,777.4193548387084,4.13,0.0,19600.0,19600.0,0.0,2026,1,2,2,NORMAL
2026-01-08,Jawa Barat,Minyak Goreng Curah,19600.0,18822.58064516129,777.4193548387084,4.13,0.0,19600.0,19600.0,0.0,2026,1,2,3,NORMAL
2026-01-09,Jawa Barat,Minyak Goreng Curah,19600.0,18825.8064516129,774.1935483870984,4.11,0.0,19600.0,19600.0,0.0,2026,1,2,4,NORMAL
2026-01-12,Jawa Barat,Minyak Goreng Curah,19600.0,18803.225806451614,796.7741935483864,4.24,0.0,19600.0,19600.0,0.0,2026,1,3,0,NORMAL
2026-01-13,Jawa Barat,Minyak Goreng Curah,19600.0,18816.129032258064,783.8709677419356,4.17,0.0,19600.0,19600.0,0.0,2026,1,3,1,NORMAL
2026-01-14,Jawa Barat,Minyak Goreng Curah,19600.0,18811.290322580644,788.709677419356,4.19,0.0,19600.0,19600.0,0.0,2026,1,3,2,NORMAL
2026-01-15,Jawa Barat,Minyak Goreng Curah,19600.0,18812.90322580645,787.0967741935492,4.18,0.0,19600.0,19600.0,0.0,2026,1,3,3,NORMAL
2026-01-16,Jawa Barat,Minyak Goreng Curah,19600.0,18812.90322580645,787.0967741935492,4.18,0.0,19600.0,19600.0,0.0,2026,1,3,4,NORMAL
2026-01-19,Jawa Barat,Minyak Goreng Curah,19600.0,18809.677419354837,790.3225806451628,4.2,0.0,19600.0,19600.0,0.0,2026,1,4,0,NORMAL
2026-01-20,Jawa Barat,Minyak Goreng Curah,19600.0,18817.74193548387,782.2580645161288,4.16,0.0,19600.0,19600.0,0.0,2026,1,4,1,NORMAL
2026-01-21,Jawa Barat,Minyak Goreng Curah,19600.0,18812.90322580645,787.0967741935492,4.18,0.0,19600.0,19600.0,0.0,2026,1,4,2,NORMAL
2026-01-22,Jawa Barat,Minyak Goreng Curah,19600.0,18816.129032258064,783.8709677419356,4.17,0.0,19600.0,19600.0,0.0,2026,1,4,3,NORMAL
2026-01-23,Jawa Barat,Minyak Goreng Curah,19600.0,18817.74193548387,782.2580645161288,4.16,0.0,19600.0,19600.0,0.0,2026,1,4,4,NORMAL
2026-01-26,Jawa Barat,Minyak Goreng Curah,19650.0,18827.41935483871,822.5806451612916,4.37,50.0,19607.14285714286,19602.777777777777,18.898223650461016,2026,1,5,0,NORMAL
2026-01-27,Jawa Barat,Minyak Goreng Curah,19650.0,18830.645161290322,819.354838709678,4.35,0.0,19614.285714285714,19605.263157894737,24.397501823712222,2026,1,5,1,NORMAL
2026-01-28,Jawa Barat,Minyak Goreng Curah,19650.0,18824.1935483871,825.8064516129016,4.39,0.0,19621.428571428572,19607.5,26.726124191240128,2026,1,5,2,NORMAL
2026-01-29,Jawa Barat,Minyak Goreng Curah,19700.0,18825.8064516129,874.1935483870984,4.64,50.0,19635.714285714286,19611.904761904763,37.79644730091817,2026,1,5,3,NORMAL
2026-01-30,Jawa Barat,Minyak Goreng Curah,19750.0,18864.516129032258,885.4838709677424,4.69,50.0,19657.14285714286,19618.18181818182,53.45224838247796,2026,1,5,4,NORMAL
2026-02-02,Jawa Barat,Minyak Goreng Curah,20050.0,18872.58064516129,1177.4193548387084,6.24,300.0,19721.428571428572,19636.956521739132,152.3623500550032,2026,2,6,0,DEFISIT
2026-02-03,Jawa Barat,Minyak Goreng Curah,20150.0,18891.935483870966,1258.064516129034,6.66,100.0,19800.0,19658.333333333332,210.1586702152978,2026,2,6,1,DEFISIT
2026-02-04,Jawa Barat,Minyak Goreng Curah,20300.0,18900.0,1400.0,7.41,150.0,19892.85714285714,19684.0,268.3725200608335,2026,2,6,2,DEFISIT
2026-02-05,Jawa Barat,Minyak Goreng Curah,20300.0,18967.74193548387,1332.2580645161288,7.02,0.0,19985.714285714286,19707.69230769231,282.4215019468146,2026,2,6,3,DEFISIT
2026-02-06,Jawa Barat,Minyak Goreng Curah,20350.0,18940.322580645163,1409.6774193548372,7.44,50.0,20085.714285714286,19731.48148148148,267.2612419123985,2026,2,6,4,DEFISIT
2026-02-09,Jawa Barat,Minyak Goreng Curah,20450.0,18922.58064516129,1527.4193548387084,8.07,100.0,20192.85714285714,19757.14285714286,235.28098702854228,2026,2,7,0,DEFISIT
2026-02-10,Jawa Barat,Minyak Goreng Curah,20450.0,18927.41935483871,1522.5806451612916,8.04,0.0,20292.85714285714,19781.03448275862,148.404209926093,2026,2,7,1,DEFISIT
2026-02-11,Jawa Barat,Minyak Goreng Curah,20450.0,18929.032258064515,1520.9677419354848,8.04,0.0,20350.0,19803.333333333332,111.8033988748823,2026,2,7,2,DEFISIT
2026-02-12,Jawa Barat,Minyak Goreng Curah,20500.0,18933.870967741936,1566.1290322580644,8.27,50.0,20400.0,19833.333333333332,81.64965809261302,2026,2,7,3,DEFISIT
2026-02-13,Jawa Barat,Minyak Goreng Curah,20500.0,18982.25806451613,1517.7419354838712,8.0,0.0,20428.571428571428,19863.333333333332,75.5928946016655,2026,2,7,4,DEFISIT
2026-02-16,Jawa Barat,Minyak Goreng Curah,20500.0,18940.322580645163,1559.6774193548372,8.23,0.0,20457.14285714286,19893.333333333332,53.45224838221901,2026,2,8,0,DEFISIT
2026-02-17,Jawa Barat,Minyak Goreng Curah,20500.0,18940.322580645163,1559.6774193548372,8.23,0.0,20478.571428571428,19923.333333333332,26.726124190692925,2026,2,8,1,DEFISIT
2026-02-18,Jawa Barat,Minyak Goreng Curah,20500.0,18969.354838709678,1530.645161290322,8.07,0.0,20485.714285714286,19953.333333333332,24.397501823105333,2026,2,8,2,DEFISIT
2026-02-19,Jawa Barat,Minyak Goreng Curah,20500.0,18969.354838709678,1530.645161290322,8.07,0.0,20492.85714285714,19983.333333333332,18.898223649667905,2026,2,8,3,DEFISIT
2026-02-20,Jawa Barat,Minyak Goreng Curah,20500.0,18972.58064516129,1527.4193548387084,8.05,0.0,20500.0,20013.333333333332,0.0,2026,2,8,4,DEFISIT
2026-02-23,Jawa Barat,Minyak Goreng Curah,20550.0,18974.1935483871,1575.8064516129016,8.3,50.0,20507.14285714286,20045.0,18.898223650461016,2026,2,9,0,DEFISIT
2026-02-24,Jawa Barat,Minyak Goreng Curah,20550.0,19011.290322580644,1538.709677419356,8.09,0.0,20514.285714285714,20076.666666666668,24.397501823712222,2026,2,9,1,DEFISIT
2026-02-25,Jawa Barat,Minyak Goreng Curah,20550.0,19012.90322580645,1537.0967741935492,8.08,0.0,20521.428571428572,20108.333333333332,26.726124191240128,2026,2,9,2,DEFISIT
2026-02-26,Jawa Barat,Minyak Goreng Curah,20550.0,19014.516129032258,1535.4838709677424,8.08,0.0,20528.571428571428,20140.0,26.726124191238306,2026,2,9,3,DEFISIT
2026-02-27,Jawa Barat,Minyak Goreng Curah,20550.0,19017.74193548387,1532.2580645161288,8.06,0.0,20535.714285714286,20171.666666666668,24.397501823706968,2026,2,9,4,DEFISIT
2026-03-02,Jawa Barat,Minyak Goreng Curah,20550.0,19012.90322580645,1537.0967741935492,8.08,0.0,20542.85714285714,20203.333333333332,18.898223650451257,2026,3,10,0,DEFISIT
2026-03-03,Jawa Barat,Minyak Goreng Curah,20500.0,19024.1935483871,1475.8064516129016,7.76,-50.0,20542.85714285714,20233.333333333332,18.898223650461016,2026,3,10,1,DEFISIT
2026-03-04,Jawa Barat,Minyak Goreng Curah,20500.0,19041.935483870966,1458.064516129034,7.66,0.0,20535.714285714286,20263.333333333332,24.397501823712222,2026,3,10,2,DEFISIT
2026-03-05,Jawa Barat,Minyak Goreng Curah,20550.0,19043.548387096773,1506.4516129032272,7.91,50.0,20535.714285714286,20295.0,24.397501823712222,2026,3,10,3,DEFISIT
2026-03-06,Jawa Barat,Minyak Goreng Curah,20600.0,19020.967741935485,1579.0322580645152,8.3,50.0,20542.85714285714,20328.333333333332,34.503277967118144,2026,3,10,4,DEFISIT
2026-03-09,Jawa Barat,Minyak Goreng Curah,20900.0,19029.032258064515,1870.9677419354848,9.83,300.0,20592.85714285714,20370.0,139.72762620115665,2026,3,11,0,DEFISIT
2026-03-10,Jawa Barat,Minyak Goreng Curah,21300.0,19067.74193548387,2232.258064516129,11.71,400.0,20700.0,20425.0,298.6078811194858,2026,3,11,1,DEFISIT
2026-03-11,Jawa Barat,Minyak Goreng Curah,21900.0,19146.774193548386,2753.2258064516136,14.38,600.0,20892.85714285714,20500.0,531.0591393845082,2026,3,11,2,DEFISIT
2026-03-12,Jawa Barat,Minyak Goreng Curah,22100.0,19251.612903225807,2848.387096774193,14.8,200.0,21121.428571428572,20580.0,661.9775568055859,2026,3,11,3,DEFISIT
2026-03-13,Jawa Barat,Minyak Goreng Curah,22350.0,19287.09677419355,3062.903225806451,15.88,250.0,21385.714285714286,20666.666666666668,737.515133016659,2026,3,11,4,DEFISIT
2026-03-16,Jawa Barat,Minyak Goreng Curah,23050.0,19469.354838709678,3580.645161290322,18.39,700.0,21742.85714285714,20766.666666666668,860.4400867330356,2026,3,12,0,DEFISIT
2026-03-17,Jawa Barat,Minyak Goreng Curah,23300.0,19659.677419354837,3640.322580645163,18.52,250.0,22128.571428571428,20871.666666666668,867.8791884325248,2026,3,12,1,DEFISIT
2026-03-18,Jawa Barat,Minyak Goreng Curah,23300.0,19662.90322580645,3637.096774193549,18.5,0.0,22471.428571428572,20971.666666666668,770.204054594819,2026,3,12,2,DEFISIT
2026-03-19,Jawa Barat,Minyak Goreng Curah,23300.0,19654.83870967742,3645.1612903225796,18.55,0.0,22757.14285714286,21071.666666666668,619.4275390959712,2026,3,12,3,DEFISIT
2026-03-20,Jawa Barat,Minyak Goreng Curah,23300.0,19656.451612903227,3643.548387096773,18.54,0.0,22957.14285714286,21170.0,513.5080098601113,2026,3,12,4,DEFISIT
2026-03-23,Jawa Barat,Minyak Goreng Curah,23300.0,19670.967741935485,3629.032258064515,18.45,0.0,23128.571428571428,21265.0,355.73532161936936,2026,3,13,0,DEFISIT
2026-03-24,Jawa Barat,Minyak Goreng Curah,23300.0,19670.967741935485,3629.032258064515,18.45,0.0,23264.285714285714,21360.0,94.49111825240468,2026,3,13,1,DEFISIT
2026-03-25,Jawa Barat,Minyak Goreng Curah,23450.0,19745.16129032258,3704.8387096774204,18.76,150.0,23321.428571428572,21460.0,56.694670951551146,2026,3,13,2,DEFISIT
2026-03-26,Jawa Barat,Minyak Goreng Curah,23450.0,19758.064516129034,3691.935483870966,18.69,0.0,23342.85714285714,21558.333333333332,73.19250547127022,2026,3,13,3,DEFISIT
2026-03-27,Jawa Barat,Minyak Goreng Curah,23500.0,19758.064516129034,3741.935483870966,18.94,50.0,23371.428571428572,21658.333333333332,90.63269671760168,2026,3,13,4,DEFISIT
2026-03-30,Jawa Barat,Minyak Goreng Curah,23500.0,19843.548387096773,3656.451612903227,18.43,0.0,23400.0,21758.333333333332,95.7427107757325,2026,3,14,0,DEFISIT
2026-03-31,Jawa Barat,Minyak Goreng Curah,23500.0,19840.322580645163,3659.677419354837,18.45,0.0,23428.571428571428,21858.333333333332,90.63269671759949,2026,3,14,1,DEFISIT
2026-04-01,Jawa Barat,Minyak Goreng Curah,23450.0,19851.612903225807,3598.387096774193,18.13,-50.0,23450.0,21956.666666666668,70.71067811878564,2026,4,14,2,DEFISIT
2026-04-02,Jawa Barat,Minyak Goreng Curah,23450.0,19870.967741935485,3579.032258064515,18.01,0.0,23471.428571428572,22055.0,26.72612419158564,2026,4,14,3,DEFISIT
2026-04-03,Jawa Barat,Minyak Goreng Curah,23450.0,19933.870967741936,3516.1290322580644,17.64,0.0,23471.428571428572,22153.333333333332,26.72612419158564,2026,4,14,4,DEFISIT
2026-04-06,Jawa Barat,Minyak Goreng Curah,23500.0,19908.064516129034,3591.935483870966,18.04,50.0,23478.571428571428,22251.666666666668,26.726124191583818,2026,4,15,0,DEFISIT
2026-04-07,Jawa Barat,Minyak Goreng Curah,23450.0,19943.548387096773,3506.451612903227,17.58,-50.0,23471.428571428572,22348.333333333332,26.72612419158564,2026,4,15,1,DEFISIT
2026-04-08,Jawa Barat,Minyak Goreng Curah,23350.0,19982.25806451613,3367.741935483871,16.85,-100.0,23450.0,22441.666666666668,50.00000000018545,2026,4,15,2,DEFISIT
2026-04-09,Jawa Barat,Minyak Goreng Curah,23350.0,20138.709677419356,3211.290322580644,15.95,0.0,23428.571428571428,22535.0,56.69467095154922,2026,4,15,3,DEFISIT
2026-04-10,Jawa Barat,Minyak Goreng Curah,23350.0,20106.451612903227,3243.548387096773,16.13,0.0,23414.285714285714,22628.333333333332,62.67831705295105,2026,4,15,4,DEFISIT
2026-04-13,Jawa Barat,Minyak Goreng Curah,22550.0,20133.870967741936,2416.1290322580644,12.0,-800.0,23285.714285714286,22695.0,330.0432872042555,2026,4,16,0,DEFISIT
2026-01-01,Jawa Tengah,Minyak Goreng Curah,18950.0,18851.612903225807,98.3870967741932,0.52,,18950.0,18950.0,,2026,1,1,3,NORMAL
2026-01-02,Jawa Tengah,Minyak Goreng Curah,18950.0,18843.548387096773,106.45161290322721,0.56,0.0,18950.0,18950.0,0.0,2026,1,1,4,NORMAL
2026-01-05,Jawa Tengah,Minyak Goreng Curah,18900.0,18840.322580645163,59.677419354837184,0.32,-50.0,18933.333333333332,18933.333333333332,28.86751345948076,2026,1,2,0,NORMAL
2026-01-06,Jawa Tengah,Minyak Goreng Curah,18900.0,18832.25806451613,67.7419354838712,0.36,0.0,18925.0,18925.0,28.86751345948076,2026,1,2,1,NORMAL
2026-01-07,Jawa Tengah,Minyak Goreng Curah,18900.0,18822.58064516129,77.41935483870839,0.41,0.0,18920.0,18920.0,27.38612787525789,2026,1,2,2,NORMAL
2026-01-08,Jawa Tengah,Minyak Goreng Curah,18900.0,18822.58064516129,77.41935483870839,0.41,0.0,18916.666666666668,18916.666666666668,25.819888974715855,2026,1,2,3,NORMAL
2026-01-09,Jawa Tengah,Minyak Goreng Curah,18900.0,18825.8064516129,74.19354838709842,0.39,0.0,18914.285714285714,18914.285714285714,24.39750182371313,2026,1,2,4,NORMAL
2026-01-12,Jawa Tengah,Minyak Goreng Curah,18850.0,18803.225806451614,46.77419354838639,0.25,-50.0,18900.0,18906.25,28.867513459480758,2026,1,3,0,NORMAL
2026-01-13,Jawa Tengah,Minyak Goreng Curah,18850.0,18816.129032258064,33.8709677419356,0.18,0.0,18885.714285714286,18900.0,24.39750182371313,2026,1,3,1,NORMAL
2026-01-14,Jawa Tengah,Minyak Goreng Curah,18850.0,18811.290322580644,38.70967741935601,0.21,0.0,18878.571428571428,18895.0,26.726124191242878,2026,1,3,2,NORMAL
2026-01-15,Jawa Tengah,Minyak Goreng Curah,18850.0,18812.90322580645,37.09677419354921,0.2,0.0,18871.428571428572,18890.909090909092,26.726124191243933,2026,1,3,3,NORMAL
2026-01-16,Jawa Tengah,Minyak Goreng Curah,18850.0,18812.90322580645,37.09677419354921,0.2,0.0,18864.285714285714,18887.5,24.397501823716386,2026,1,3,4,NORMAL
2026-01-19,Jawa Tengah,Minyak Goreng Curah,18850.0,18809.677419354837,40.322580645162816,0.21,0.0,18857.14285714286,18884.615384615383,18.898223650466395,2026,1,4,0,NORMAL
2026-01-20,Jawa Tengah,Minyak Goreng Curah,18850.0,18817.74193548387,32.2580645161288,0.17,0.0,18850.0,18882.14285714286,1.4257351291395239e-05,2026,1,4,1,NORMAL
2026-01-21,Jawa Tengah,Minyak Goreng Curah,18850.0,18812.90322580645,37.09677419354921,0.2,0.0,18850.0,18880.0,1.4257351291395239e-05,2026,1,4,2,NORMAL
2026-01-22,Jawa Tengah,Minyak Goreng Curah,18850.0,18816.129032258064,33.8709677419356,0.18,0.0,18850.0,18878.125,1.4257351291395239e-05,2026,1,4,3,NORMAL
2026-01-23,Jawa Tengah,Minyak Goreng Curah,18850.0,18817.74193548387,32.2580645161288,0.17,0.0,18850.0,18876.470588235294,1.4257351291395239e-05,2026,1,4,4,NORMAL
2026-01-26,Jawa Tengah,Minyak Goreng Curah,18900.0,18827.41935483871,72.58064516129161,0.39,50.0,18857.14285714286,18877.777777777777,18.898223650466395,2026,1,5,0,NORMAL
2026-01-27,Jawa Tengah,Minyak Goreng Curah,18850.0,18830.645161290322,19.354838709678006,0.1,-50.0,18857.14285714286,18876.315789473683,18.898223650466395,2026,1,5,1,NORMAL
2026-01-28,Jawa Tengah,Minyak Goreng Curah,18900.0,18824.1935483871,75.80645161290158,0.4,50.0,18864.285714285714,18877.5,24.397501823716386,2026,1,5,2,NORMAL
2026-01-29,Jawa Tengah,Minyak Goreng Curah,18900.0,18825.8064516129,74.19354838709842,0.39,0.0,18871.428571428572,18878.571428571428,26.726124191243933,2026,1,5,3,NORMAL
2026-01-30,Jawa Tengah,Minyak Goreng Curah,18950.0,18864.516129032258,85.4838709677424,0.45,50.0,18885.714285714286,18881.81818181818,37.79644730092085,2026,1,5,4,NORMAL
2026-02-02,Jawa Tengah,Minyak Goreng Curah,19200.0,18872.58064516129,327.4193548387084,1.73,250.0,18935.714285714286,18895.652173913044,121.49857925878699,2026,2,6,0,NORMAL
2026-02-03,Jawa Tengah,Minyak Goreng Curah,19300.0,18891.935483870966,408.064516129034,2.16,100.0,19000.0,18912.5,175.5942292142065,2026,2,6,1,NORMAL
2026-02-04,Jawa Tengah,Minyak Goreng Curah,19350.0,18900.0,450.0,2.38,50.0,19064.285714285714,18930.0,211.5700942049742,2026,2,6,2,NORMAL
2026-02-05,Jawa Tengah,Minyak Goreng Curah,19400.0,18967.74193548387,432.2580645161288,2.28,50.0,19142.85714285714,18948.076923076922,220.65918560185057,2026,2,6,3,NORMAL
2026-02-06,Jawa Tengah,Minyak Goreng Curah,19400.0,18940.322580645163,459.6774193548372,2.43,0.0,19214.285714285714,18964.814814814814,209.5914393017192,2026,2,6,4,NORMAL
2026-02-09,Jawa Tengah,Minyak Goreng Curah,19400.0,18922.58064516129,477.4193548387084,2.52,0.0,19285.714285714286,18980.35714285714,165.11179473889314,2026,2,7,0,NORMAL
2026-02-10,Jawa Tengah,Minyak Goreng Curah,19400.0,18927.41935483871,472.5806451612916,2.5,0.0,19350.0,18994.827586206895,76.37626158254818,2026,2,7,1,NORMAL
2026-02-11,Jawa Tengah,Minyak Goreng Curah,19450.0,18929.032258064515,520.9677419354848,2.75,50.0,19385.714285714286,19010.0,47.55948656048218,2026,2,7,2,NORMAL
2026-02-12,Jawa Tengah,Minyak Goreng Curah,19500.0,18933.870967741936,566.1290322580644,2.99,50.0,19414.285714285714,19028.333333333332,47.559486560477445,2026,2,7,3,NORMAL
2026-02-13,Jawa Tengah,Minyak Goreng Curah,19550.0,18982.25806451613,567.7419354838712,2.99,50.0,19442.85714285714,19048.333333333332,60.749289629322014,2026,2,7,4,NORMAL
2026-02-16,Jawa Tengah,Minyak Goreng Curah,19550.0,18940.322580645163,609.6774193548372,3.22,0.0,19464.285714285714,19070.0,69.00655593416835,2026,2,8,0,NORMAL
2026-02-17,Jawa Tengah,Minyak Goreng Curah,19550.0,18940.322580645163,609.6774193548372,3.22,0.0,19485.714285714286,19091.666666666668,69.0065559341659,2026,2,8,1,NORMAL
2026-02-18,Jawa Tengah,Minyak Goreng Curah,19550.0,18969.354838709678,580.645161290322,3.06,0.0,19507.14285714286,19113.333333333332,60.74928962931391,2026,2,8,2,NORMAL
2026-02-19,Jawa Tengah,Minyak Goreng Curah,19550.0,18969.354838709678,580.645161290322,3.06,0.0,19528.571428571428,19135.0,39.339789623342334,2026,2,8,3,NORMAL
2026-02-20,Jawa Tengah,Minyak Goreng Curah,19550.0,18972.58064516129,577.4193548387084,3.04,0.0,19542.85714285714,19156.666666666668,18.898223650185173,2026,2,8,4,NORMAL
2026-02-23,Jawa Tengah,Minyak Goreng Curah,19550.0,18974.1935483871,575.8064516129016,3.03,0.0,19550.0,19180.0,0.0,2026,2,9,0,NORMAL
2026-02-24,Jawa Tengah,Minyak Goreng Curah,19550.0,19011.290322580644,538.709677419356,2.83,0.0,19550.0,19203.333333333332,0.0,2026,2,9,1,NORMAL
2026-02-25,Jawa Tengah,Minyak Goreng Curah,19550.0,19012.90322580645,537.0967741935492,2.82,0.0,19550.0,19226.666666666668,0.0,2026,2,9,2,NORMAL
2026-02-26,Jawa Tengah,Minyak Goreng Curah,19550.0,19014.516129032258,535.4838709677424,2.82,0.0,19550.0,19250.0,0.0,2026,2,9,3,NORMAL
2026-02-27,Jawa Tengah,Minyak Goreng Curah,19600.0,19017.74193548387,582.2580645161288,3.06,50.0,19557.14285714286,19275.0,18.898223650461016,2026,2,9,4,NORMAL
2026-03-02,Jawa Tengah,Minyak Goreng Curah,19650.0,19012.90322580645,637.0967741935492,3.35,50.0,19571.428571428572,19301.666666666668,39.339789623471326,2026,3,10,0,NORMAL
2026-03-03,Jawa Tengah,Minyak Goreng Curah,19700.0,19024.1935483871,675.8064516129016,3.55,50.0,19592.85714285714,19330.0,60.74928962939528,2026,3,10,1,NORMAL
2026-03-04,Jawa Tengah,Minyak Goreng Curah,19700.0,19041.935483870966,658.064516129034,3.46,0.0,19614.285714285714,19358.333333333332,69.00655593423531,2026,3,10,2,NORMAL
2026-03-05,Jawa Tengah,Minyak Goreng Curah,19700.0,19043.548387096773,656.4516129032272,3.45,0.0,19635.714285714286,19386.666666666668,69.00655593423531,2026,3,10,3,NORMAL
2026-03-06,Jawa Tengah,Minyak Goreng Curah,19700.0,19020.967741935485,679.0322580645152,3.57,0.0,19657.14285714286,19415.0,60.74928962939528,2026,3,10,4,NORMAL
2026-03-09,Jawa Tengah,Minyak Goreng Curah,19900.0,19029.032258064515,870.9677419354848,4.58,200.0,19707.14285714286,19448.333333333332,93.22272357357976,2026,3,11,0,NORMAL
2026-03-10,Jawa Tengah,Minyak Goreng Curah,20100.0,19067.74193548387,1032.2580645161288,5.41,200.0,19778.571428571428,19490.0,162.9344010564342,2026,3,11,1,DEFISIT
2026-03-11,Jawa Tengah,Minyak Goreng Curah,20400.0,19146.774193548386,1253.2258064516136,6.55,300.0,19885.714285714286,19540.0,273.4262327610587,2026,3,11,2,DEFISIT
2026-03-12,Jawa Tengah,Minyak Goreng Curah,20700.0,19251.612903225807,1448.3870967741932,7.52,300.0,20028.571428571428,19600.0,394.60649476951727,2026,3,11,3,DEFISIT
2026-03-13,Jawa Tengah,Minyak Goreng Curah,20800.0,19287.09677419355,1512.9032258064508,7.84,100.0,20185.714285714286,19661.666666666668,456.17456975946925,2026,3,11,4,DEFISIT
2026-03-16,Jawa Tengah,Minyak Goreng Curah,21050.0,19469.354838709678,1580.645161290322,8.12,250.0,20378.571428571428,19723.333333333332,499.8809382052396,2026,3,12,0,DEFISIT
2026-03-17,Jawa Tengah,Minyak Goreng Curah,21050.0,19659.677419354837,1390.3225806451628,7.07,0.0,20571.428571428572,19781.666666666668,452.63777171260114,2026,3,12,1,DEFISIT
2026-03-18,Jawa Tengah,Minyak Goreng Curah,21050.0,19662.90322580645,1387.0967741935492,7.05,0.0,20735.714285714286,19838.333333333332,369.36238496707546,2026,3,12,2,DEFISIT
2026-03-19,Jawa Tengah,Minyak Goreng Curah,21100.0,19654.83870967742,1445.1612903225796,7.35,50.0,20878.571428571428,19895.0,259.5784127791556,2026,3,12,3,DEFISIT
2026-03-20,Jawa Tengah,Minyak Goreng Curah,21050.0,19656.451612903227,1393.5483870967728,7.09,-50.0,20971.428571428572,19950.0,155.0729475041081,2026,3,12,4,DEFISIT
2026-03-23,Jawa Tengah,Minyak Goreng Curah,21050.0,19670.967741935485,1379.0322580645152,7.01,0.0,21021.428571428572,20005.0,99.40297973876375,2026,3,13,0,DEFISIT
2026-03-24,Jawa Tengah,Minyak Goreng Curah,21050.0,19670.967741935485,1379.0322580645152,7.01,0.0,21057.14285714286,20060.0,18.89822365026467,2026,3,13,1,DEFISIT
2026-03-25,Jawa Tengah,Minyak Goreng Curah,21150.0,19745.16129032258,1404.8387096774204,7.11,100.0,21071.428571428572,20116.666666666668,39.339789623377,2026,3,13,2,DEFISIT
2026-03-26,Jawa Tengah,Minyak Goreng Curah,21150.0,19758.064516129034,1391.935483870966,7.04,0.0,21085.714285714286,20171.666666666668,47.55948656048827,2026,3,13,3,DEFISIT
2026-03-27,Jawa Tengah,Minyak Goreng Curah,21150.0,19758.064516129034,1391.935483870966,7.04,0.0,21100.0,20225.0,49.99999999992482,2026,3,13,4,DEFISIT
2026-03-30,Jawa Tengah,Minyak Goreng Curah,21150.0,19843.548387096773,1306.4516129032272,6.58,0.0,21107.14285714286,20278.333333333332,53.452248382414425,2026,3,14,0,DEFISIT
2026-03-31,Jawa Tengah,Minyak Goreng Curah,21200.0,19840.322580645163,1359.6774193548372,6.85,50.0,21128.571428571428,20333.333333333332,56.69467095131696,2026,3,14,1,DEFISIT
2026-04-01,Jawa Tengah,Minyak Goreng Curah,21200.0,19851.612903225807,1348.3870967741932,6.79,0.0,21150.0,20388.333333333332,49.999999999922096,2026,4,14,2,DEFISIT
2026-04-02,Jawa Tengah,Minyak Goreng Curah,21200.0,19870.967741935485,1329.0322580645152,6.69,0.0,21171.428571428572,20443.333333333332,26.72612419109294,2026,4,14,3,DEFISIT
2026-04-03,Jawa Tengah,Minyak Goreng Curah,21350.0,19933.870967741936,1416.1290322580644,7.1,150.0,21200.0,20503.333333333332,70.71067811859514,2026,4,14,4,DEFISIT
2026-04-06,Jawa Tengah,Minyak Goreng Curah,21200.0,19908.064516129034,1291.935483870966,6.49,-150.0,21207.14285714286,20558.333333333332,67.2592709133913,2026,4,15,0,DEFISIT
2026-04-07,Jawa Tengah,Minyak Goreng Curah,21250.0,19943.548387096773,1306.4516129032272,6.55,50.0,21221.428571428572,20615.0,63.62090102796526,2026,4,15,1,DEFISIT
2026-04-08,Jawa Tengah,Minyak Goreng Curah,21250.0,19982.25806451613,1267.7419354838712,6.34,0.0,21235.714285714286,20671.666666666668,55.634864026335244,2026,4,15,2,DEFISIT
2026-04-09,Jawa Tengah,Minyak Goreng Curah,21250.0,20138.709677419356,1111.290322580644,5.52,0.0,21242.85714285714,20728.333333333332,53.45224838239636,2026,4,15,3,DEFISIT
2026-04-10,Jawa Tengah,Minyak Goreng Curah,21300.0,20106.451612903227,1193.5483870967728,5.94,50.0,21257.14285714286,20785.0,53.452248382393485,2026,4,15,4,DEFISIT
2026-04-13,Jawa Tengah,Minyak Goreng Curah,20950.0,20133.870967741936,816.1290322580644,4.05,-350.0,21221.428571428572,20828.333333333332,128.63754913558577,2026,4,16,0,NORMAL
2026-01-01,Jawa Timur,Minyak Goreng Curah,19350.0,18851.612903225807,498.3870967741932,2.64,,19350.0,19350.0,,2026,1,1,3,NORMAL
2026-01-02,Jawa Timur,Minyak Goreng Curah,19350.0,18843.548387096773,506.4516129032272,2.69,0.0,19350.0,19350.0,0.0,2026,1,1,4,NORMAL
2026-01-05,Jawa Timur,Minyak Goreng Curah,19400.0,18840.322580645163,559.6774193548372,2.97,50.0,19366.666666666668,19366.666666666668,28.86751345948076,2026,1,2,0,NORMAL
2026-01-06,Jawa Timur,Minyak Goreng Curah,19400.0,18832.25806451613,567.7419354838712,3.01,0.0,19375.0,19375.0,28.86751345948076,2026,1,2,1,NORMAL
2026-01-07,Jawa Timur,Minyak Goreng Curah,19400.0,18822.58064516129,577.4193548387084,3.07,0.0,19380.0,19380.0,27.38612787525789,2026,1,2,2,NORMAL
2026-01-08,Jawa Timur,Minyak Goreng Curah,19400.0,18822.58064516129,577.4193548387084,3.07,0.0,19383.333333333332,19383.333333333332,25.819888974715855,2026,1,2,3,NORMAL
2026-01-09,Jawa Timur,Minyak Goreng Curah,19400.0,18825.8064516129,574.1935483870984,3.05,0.0,19385.714285714286,19385.714285714286,24.39750182371313,2026,1,2,4,NORMAL
2026-01-12,Jawa Timur,Minyak Goreng Curah,19400.0,18803.225806451614,596.7741935483864,3.17,0.0,19392.85714285714,19387.5,18.898223650460704,2026,1,3,0,NORMAL
2026-01-13,Jawa Timur,Minyak Goreng Curah,19350.0,18816.129032258064,533.8709677419356,2.84,-50.0,19392.85714285714,19383.333333333332,18.898223650461016,2026,1,3,1,NORMAL
2026-01-14,Jawa Timur,Minyak Goreng Curah,19350.0,18811.290322580644,538.709677419356,2.86,0.0,19385.714285714286,19380.0,24.397501823712222,2026,1,3,2,NORMAL
2026-01-15,Jawa Timur,Minyak Goreng Curah,19350.0,18812.90322580645,537.0967741935492,2.85,0.0,19378.571428571428,19377.272727272728,26.726124191240128,2026,1,3,3,NORMAL
2026-01-16,Jawa Timur,Minyak Goreng Curah,19350.0,18812.90322580645,537.0967741935492,2.85,0.0,19371.428571428572,19375.0,26.726124191238306,2026,1,3,4,NORMAL
2026-01-19,Jawa Timur,Minyak Goreng Curah,19350.0,18809.677419354837,540.3225806451628,2.87,0.0,19364.285714285714,19373.076923076922,24.397501823706968,2026,1,4,0,NORMAL
2026-01-20,Jawa Timur,Minyak Goreng Curah,19350.0,18817.74193548387,532.2580645161288,2.83,0.0,19357.14285714286,19371.428571428572,18.898223650451257,2026,1,4,1,NORMAL
2026-01-21,Jawa Timur,Minyak Goreng Curah,19400.0,18812.90322580645,587.0967741935492,3.12,50.0,19357.14285714286,19373.333333333332,18.898223650461016,2026,1,4,2,NORMAL
2026-01-22,Jawa Timur,Minyak Goreng Curah,19400.0,18816.129032258064,583.8709677419356,3.1,0.0,19364.285714285714,19375.0,24.397501823712222,2026,1,4,3,NORMAL
2026-01-23,Jawa Timur,Minyak Goreng Curah,19400.0,18817.74193548387,582.2580645161288,3.09,0.0,19371.428571428572,19376.470588235294,26.726124191240128,2026,1,4,4,NORMAL
2026-01-26,Jawa Timur,Minyak Goreng Curah,19500.0,18827.41935483871,672.5806451612916,3.57,100.0,19392.85714285714,19383.333333333332,53.45224838248097,2026,1,5,0,NORMAL
2026-01-27,Jawa Timur,Minyak Goreng Curah,19500.0,18830.645161290322,669.354838709678,3.55,0.0,19414.285714285714,19389.473684210527,62.67831705279501,2026,1,5,1,NORMAL
2026-01-28,Jawa Timur,Minyak Goreng Curah,19500.0,18824.1935483871,675.8064516129016,3.59,0.0,19435.714285714286,19395.0,62.678317052792316,2026,1,5,2,NORMAL
2026-01-29,Jawa Timur,Minyak Goreng Curah,19500.0,18825.8064516129,674.1935483870984,3.58,0.0,19457.14285714286,19400.0,53.45224838247176,2026,1,5,3,NORMAL
2026-01-30,Jawa Timur,Minyak Goreng Curah,19550.0,18864.516129032258,685.4838709677424,3.63,50.0,19478.571428571428,19406.81818181818,56.69467095136997,2026,1,5,4,NORMAL
2026-02-02,Jawa Timur,Minyak Goreng Curah,19550.0,18872.58064516129,677.4193548387084,3.59,0.0,19500.0,19413.043478260868,49.99999999998221,2026,2,6,0,NORMAL
2026-02-03,Jawa Timur,Minyak Goreng Curah,19550.0,18891.935483870966,658.064516129034,3.48,0.0,19521.428571428572,19418.75,26.726124191205397,2026,2,6,1,NORMAL
2026-02-04,Jawa Timur,Minyak Goreng Curah,19550.0,18900.0,650.0,3.44,0.0,19528.571428571428,19424.0,26.726124191203574,2026,2,6,2,NORMAL
2026-02-05,Jawa Timur,Minyak Goreng Curah,19550.0,18967.74193548387,582.2580645161288,3.07,0.0,19535.714285714286,19428.846153846152,24.39750182366892,2026,2,6,3,NORMAL
2026-02-06,Jawa Timur,Minyak Goreng Curah,19550.0,18940.322580645163,609.6774193548372,3.22,0.0,19542.85714285714,19433.333333333332,18.89822365040214,2026,2,6,4,NORMAL
2026-02-09,Jawa Timur,Minyak Goreng Curah,19550.0,18922.58064516129,627.4193548387084,3.32,0.0,19550.0,19437.5,0.0,2026,2,7,0,NORMAL
2026-02-10,Jawa Timur,Minyak Goreng Curah,19550.0,18927.41935483871,622.5806451612916,3.29,0.0,19550.0,19441.379310344826,0.0,2026,2,7,1,NORMAL
2026-02-11,Jawa Timur,Minyak Goreng Curah,19550.0,18929.032258064515,620.9677419354848,3.28,0.0,19550.0,19445.0,0.0,2026,2,7,2,NORMAL
2026-02-12,Jawa Timur,Minyak Goreng Curah,19600.0,18933.870967741936,666.1290322580644,3.52,50.0,19557.14285714286,19453.333333333332,18.898223650461016,2026,2,7,3,NORMAL
2026-02-13,Jawa Timur,Minyak Goreng Curah,19600.0,18982.25806451613,617.7419354838712,3.25,0.0,19564.285714285714,19461.666666666668,24.397501823712222,2026,2,7,4,NORMAL
2026-02-16,Jawa Timur,Minyak Goreng Curah,19600.0,18940.322580645163,659.6774193548372,3.48,0.0,19571.428571428572,19468.333333333332,26.726124191240128,2026,2,8,0,NORMAL
2026-02-17,Jawa Timur,Minyak Goreng Curah,19600.0,18940.322580645163,659.6774193548372,3.48,0.0,19578.571428571428,19475.0,26.726124191238306,2026,2,8,1,NORMAL
2026-02-18,Jawa Timur,Minyak Goreng Curah,19600.0,18969.354838709678,630.645161290322,3.32,0.0,19585.714285714286,19481.666666666668,24.397501823706968,2026,2,8,2,NORMAL
2026-02-19,Jawa Timur,Minyak Goreng Curah,19650.0,18969.354838709678,680.645161290322,3.59,50.0,19600.0,19490.0,28.867513459473596,2026,2,8,3,NORMAL
2026-02-20,Jawa Timur,Minyak Goreng Curah,19650.0,18972.58064516129,677.4193548387084,3.57,0.0,19614.285714285714,19498.333333333332,24.397501823702353,2026,2,8,4,NORMAL
2026-02-23,Jawa Timur,Minyak Goreng Curah,19700.0,18974.1935483871,725.8064516129016,3.83,50.0,19628.571428571428,19508.333333333332,39.33978962346389,2026,2,9,0,NORMAL
2026-02-24,Jawa Timur,Minyak Goreng Curah,19700.0,19011.290322580644,688.709677419356,3.62,0.0,19642.85714285714,19520.0,44.98677054211384,2026,2,9,1,NORMAL
2026-02-25,Jawa Timur,Minyak Goreng Curah,19700.0,19012.90322580645,687.0967741935492,3.61,0.0,19657.14285714286,19531.666666666668,44.98677054211292,2026,2,9,2,NORMAL
2026-02-26,Jawa Timur,Minyak Goreng Curah,19700.0,19014.516129032258,685.4838709677424,3.61,0.0,19671.428571428572,19543.333333333332,39.33978962346142,2026,2,9,3,NORMAL
2026-02-27,Jawa Timur,Minyak Goreng Curah,19750.0,19017.74193548387,732.2580645161288,3.85,50.0,19692.85714285714,19556.666666666668,34.50327796710417,2026,2,9,4,NORMAL
2026-03-02,Jawa Timur,Minyak Goreng Curah,19750.0,19012.90322580645,737.0967741935492,3.88,0.0,19707.14285714286,19570.0,34.503277967102974,2026,3,10,0,NORMAL
2026-03-03,Jawa Timur,Minyak Goreng Curah,19750.0,19024.1935483871,725.8064516129016,3.82,0.0,19721.428571428572,19583.333333333332,26.72612419122266,2026,3,10,1,NORMAL
2026-03-04,Jawa Timur,Minyak Goreng Curah,19800.0,19041.935483870966,758.064516129034,3.98,50.0,19735.714285714286,19596.666666666668,37.796447300908596,2026,3,10,2,NORMAL
2026-03-05,Jawa Timur,Minyak Goreng Curah,19800.0,19043.548387096773,756.4516129032272,3.97,0.0,19750.0,19610.0,40.82482904637296,2026,3,10,3,NORMAL
2026-03-06,Jawa Timur,Minyak Goreng Curah,19800.0,19020.967741935485,779.0322580645152,4.1,0.0,19764.285714285714,19623.333333333332,37.796447300908596,2026,3,10,4,NORMAL
2026-03-09,Jawa Timur,Minyak Goreng Curah,19950.0,19029.032258064515,920.9677419354848,4.84,150.0,19800.0,19638.333333333332,70.71067811864725,2026,3,11,0,NORMAL
2026-03-10,Jawa Timur,Minyak Goreng Curah,20000.0,19067.74193548387,932.2580645161288,4.89,50.0,19835.714285714286,19655.0,98.80235200593015,2026,3,11,1,NORMAL
2026-03-11,Jawa Timur,Minyak Goreng Curah,20250.0,19146.774193548386,1103.2258064516136,5.76,250.0,19907.14285714286,19680.0,176.6082562919272,2026,3,11,2,DEFISIT
2026-03-12,Jawa Timur,Minyak Goreng Curah,20450.0,19251.612903225807,1198.3870967741932,6.22,200.0,20007.14285714286,19711.666666666668,254.0153726131707,2026,3,11,3,DEFISIT
2026-03-13,Jawa Timur,Minyak Goreng Curah,20550.0,19287.09677419355,1262.9032258064508,6.55,100.0,20114.285714285714,19745.0,305.1151226918069,2026,3,11,4,DEFISIT
2026-03-16,Jawa Timur,Minyak Goreng Curah,20850.0,19469.354838709678,1380.645161290322,7.09,300.0,20264.285714285714,19788.333333333332,374.96031536048827,2026,3,12,0,DEFISIT
2026-03-17,Jawa Timur,Minyak Goreng Curah,21100.0,19659.677419354837,1440.3225806451628,7.33,250.0,20450.0,19840.0,425.2450274057688,2026,3,12,1,DEFISIT
2026-03-18,Jawa Timur,Minyak Goreng Curah,21100.0,19662.90322580645,1437.0967741935492,7.31,0.0,20614.285714285714,19891.666666666668,422.01331506865915,2026,3,12,2,DEFISIT
2026-03-19,Jawa Timur,Minyak Goreng Curah,21100.0,19654.83870967742,1445.1612903225796,7.35,0.0,20771.428571428572,19943.333333333332,354.5621041711717,2026,3,12,3,DEFISIT
2026-03-20,Jawa Timur,Minyak Goreng Curah,21100.0,19656.451612903227,1443.5483870967728,7.34,0.0,20892.85714285714,19995.0,284.9394254758041,2026,3,12,4,DEFISIT
2026-03-23,Jawa Timur,Minyak Goreng Curah,21100.0,19670.967741935485,1429.0322580645152,7.26,0.0,20985.714285714286,20046.666666666668,213.5304149184491,2026,3,13,0,DEFISIT
2026-03-24,Jawa Timur,Minyak Goreng Curah,21100.0,19670.967741935485,1429.0322580645152,7.26,0.0,21064.285714285714,20098.333333333332,94.49111825235036,2026,3,13,1,DEFISIT
2026-03-25,Jawa Timur,Minyak Goreng Curah,21300.0,19745.16129032258,1554.8387096774204,7.87,200.0,21128.571428571428,20156.666666666668,75.59289460190615,2026,3,13,2,DEFISIT
2026-03-26,Jawa Timur,Minyak Goreng Curah,21300.0,19758.064516129034,1541.935483870966,7.8,0.0,21157.14285714286,20213.333333333332,97.590007294902,2026,3,13,3,DEFISIT
2026-03-27,Jawa Timur,Minyak Goreng Curah,21300.0,19758.064516129034,1541.935483870966,7.8,0.0,21185.714285714286,20270.0,106.904496765016,2026,3,13,4,DEFISIT
2026-03-30,Jawa Timur,Minyak Goreng Curah,21300.0,19843.548387096773,1456.4516129032272,7.34,0.0,21214.285714285714,20326.666666666668,106.90449676501811,2026,3,14,0,DEFISIT
2026-03-31,Jawa Timur,Minyak Goreng Curah,21250.0,19840.322580645163,1409.6774193548372,7.11,-50.0,21235.714285714286,20381.666666666668,94.4911182523635,2026,3,14,1,DEFISIT
2026-04-01,Jawa Timur,Minyak Goreng Curah,21200.0,19851.612903225807,1348.3870967741932,6.79,-50.0,21250.0,20435.0,76.37626158266897,2026,4,14,2,DEFISIT
2026-04-02,Jawa Timur,Minyak Goreng Curah,21300.0,19870.967741935485,1429.0322580645152,7.19,100.0,21278.571428571428,20490.0,39.33978962361683,2026,4,14,3,DEFISIT
2026-04-03,Jawa Timur,Minyak Goreng Curah,21000.0,19933.870967741936,1066.1290322580644,5.35,-300.0,21235.714285714286,20535.0,110.73348527846264,2026,4,14,4,DEFISIT
2026-04-06,Jawa Timur,Minyak Goreng Curah,21500.0,19908.064516129034,1591.935483870966,8.0,500.0,21264.285714285714,20595.0,149.20423841806902,2026,4,15,0,DEFISIT
2026-04-07,Jawa Timur,Minyak Goreng Curah,21500.0,19943.548387096773,1556.4516129032272,7.8,0.0,21292.85714285714,20655.0,174.23301310932615,2026,4,15,1,DEFISIT
2026-04-08,Jawa Timur,Minyak Goreng Curah,21550.0,19982.25806451613,1567.7419354838712,7.85,50.0,21328.571428571428,20716.666666666668,199.70215917952623,2026,4,15,2,DEFISIT
2026-04-09,Jawa Timur,Minyak Goreng Curah,21550.0,20138.709677419356,1411.290322580644,7.01,0.0,21371.428571428572,20778.333333333332,211.85125060042887,2026,4,15,3,DEFISIT
2026-04-10,Jawa Timur,Minyak Goreng Curah,21550.0,20106.451612903227,1443.5483870967728,7.18,0.0,21421.428571428572,20838.333333333332,205.86634591639023,2026,4,15,4,DEFISIT
2026-04-13,Jawa Timur,Minyak Goreng Curah,22000.0,20133.870967741936,1866.1290322580644,9.27,450.0,21521.428571428572,20913.333333333332,289.90967394627523,2026,4,16,0,DEFISIT
2026-01-01,Kalimantan Barat,Minyak Goreng Curah,17600.0,18851.612903225807,-1251.6129032258068,-6.64,,17600.0,17600.0,,2026,1,1,3,SURPLUS
2026-01-02,Kalimantan Barat,Minyak Goreng Curah,17600.0,18843.548387096773,-1243.5483870967728,-6.6,0.0,17600.0,17600.0,0.0,2026,1,1,4,SURPLUS
2026-01-05,Kalimantan Barat,Minyak Goreng Curah,17600.0,18840.322580645163,-1240.3225806451628,-6.58,0.0,17600.0,17600.0,0.0,2026,1,2,0,SURPLUS
2026-01-06,Kalimantan Barat,Minyak Goreng Curah,17600.0,18832.25806451613,-1232.2580645161288,-6.54,0.0,17600.0,17600.0,0.0,2026,1,2,1,SURPLUS
2026-01-07,Kalimantan Barat,Minyak Goreng Curah,17600.0,18822.58064516129,-1222.5806451612916,-6.5,0.0,17600.0,17600.0,0.0,2026,1,2,2,SURPLUS
2026-01-08,Kalimantan Barat,Minyak Goreng Curah,17600.0,18822.58064516129,-1222.5806451612916,-6.5,0.0,17600.0,17600.0,0.0,2026,1,2,3,SURPLUS
2026-01-09,Kalimantan Barat,Minyak Goreng Curah,17600.0,18825.8064516129,-1225.8064516129016,-6.51,0.0,17600.0,17600.0,0.0,2026,1,2,4,SURPLUS
2026-01-12,Kalimantan Barat,Minyak Goreng Curah,17600.0,18803.225806451614,-1203.2258064516136,-6.4,0.0,17600.0,17600.0,0.0,2026,1,3,0,SURPLUS
2026-01-13,Kalimantan Barat,Minyak Goreng Curah,17600.0,18816.129032258064,-1216.1290322580644,-6.46,0.0,17600.0,17600.0,0.0,2026,1,3,1,SURPLUS
2026-01-14,Kalimantan Barat,Minyak Goreng Curah,17600.0,18811.290322580644,-1211.290322580644,-6.44,0.0,17600.0,17600.0,0.0,2026,1,3,2,SURPLUS
2026-01-15,Kalimantan Barat,Minyak Goreng Curah,17600.0,18812.90322580645,-1212.9032258064508,-6.45,0.0,17600.0,17600.0,0.0,2026,1,3,3,SURPLUS
2026-01-16,Kalimantan Barat,Minyak Goreng Curah,17600.0,18812.90322580645,-1212.9032258064508,-6.45,0.0,17600.0,17600.0,0.0,2026,1,3,4,SURPLUS
2026-01-19,Kalimantan Barat,Minyak Goreng Curah,17600.0,18809.677419354837,-1209.6774193548372,-6.43,0.0,17600.0,17600.0,0.0,2026,1,4,0,SURPLUS
2026-01-20,Kalimantan Barat,Minyak Goreng Curah,17600.0,18817.74193548387,-1217.7419354838712,-6.47,0.0,17600.0,17600.0,0.0,2026,1,4,1,SURPLUS
2026-01-21,Kalimantan Barat,Minyak Goreng Curah,17600.0,18812.90322580645,-1212.9032258064508,-6.45,0.0,17600.0,17600.0,0.0,2026,1,4,2,SURPLUS
2026-01-22,Kalimantan Barat,Minyak Goreng Curah,17600.0,18816.129032258064,-1216.1290322580644,-6.46,0.0,17600.0,17600.0,0.0,2026,1,4,3,SURPLUS
2026-01-23,Kalimantan Barat,Minyak Goreng Curah,17600.0,18817.74193548387,-1217.7419354838712,-6.47,0.0,17600.0,17600.0,0.0,2026,1,4,4,SURPLUS
2026-01-26,Kalimantan Barat,Minyak Goreng Curah,17600.0,18827.41935483871,-1227.4193548387084,-6.52,0.0,17600.0,17600.0,0.0,2026,1,5,0,SURPLUS
2026-01-27,Kalimantan Barat,Minyak Goreng Curah,17600.0,18830.645161290322,-1230.645161290322,-6.54,0.0,17600.0,17600.0,0.0,2026,1,5,1,SURPLUS
2026-01-28,Kalimantan Barat,Minyak Goreng Curah,17600.0,18824.1935483871,-1224.1935483870984,-6.5,0.0,17600.0,17600.0,0.0,2026,1,5,2,SURPLUS
2026-01-29,Kalimantan Barat,Minyak Goreng Curah,17600.0,18825.8064516129,-1225.8064516129016,-6.51,0.0,17600.0,17600.0,0.0,2026,1,5,3,SURPLUS
2026-01-30,Kalimantan Barat,Minyak Goreng Curah,17600.0,18864.516129032258,-1264.5161290322576,-6.7,0.0,17600.0,17600.0,0.0,2026,1,5,4,SURPLUS
2026-02-02,Kalimantan Barat,Minyak Goreng Curah,17600.0,18872.58064516129,-1272.5806451612916,-6.74,0.0,17600.0,17600.0,0.0,2026,2,6,0,SURPLUS
2026-02-03,Kalimantan Barat,Minyak Goreng Curah,17650.0,18891.935483870966,-1241.935483870966,-6.57,50.0,17607.14285714286,17602.083333333332,18.898223650461016,2026,2,6,1,SURPLUS
2026-02-04,Kalimantan Barat,Minyak Goreng Curah,17800.0,18900.0,-1100.0,-5.82,150.0,17635.714285714286,17610.0,74.80132415430889,2026,2,6,2,SURPLUS
2026-02-05,Kalimantan Barat,Minyak Goreng Curah,18800.0,18967.74193548387,-167.7419354838712,-0.88,1000.0,17807.14285714286,17655.76923076923,443.8736413933687,2026,2,6,3,NORMAL
2026-02-06,Kalimantan Barat,Minyak Goreng Curah,17800.0,18940.322580645163,-1140.3225806451628,-6.02,-1000.0,17835.714285714286,17661.11111111111,434.6591439606105,2026,2,6,4,SURPLUS
2026-02-09,Kalimantan Barat,Minyak Goreng Curah,17850.0,18922.58064516129,-1072.5806451612916,-5.67,50.0,17871.428571428572,17667.85714285714,422.1543387367764,2026,2,7,0,SURPLUS
2026-02-10,Kalimantan Barat,Minyak Goreng Curah,17850.0,18927.41935483871,-1077.4193548387084,-5.69,0.0,17907.14285714286,17674.137931034482,405.6153467557764,2026,2,7,1,SURPLUS
2026-02-11,Kalimantan Barat,Minyak Goreng Curah,17900.0,18929.032258064515,-1029.0322580645152,-5.44,50.0,17950.0,17681.666666666668,382.970843102534,2026,2,7,2,SURPLUS
2026-02-12,Kalimantan Barat,Minyak Goreng Curah,17900.0,18933.870967741936,-1033.8709677419356,-5.46,0.0,17985.714285714286,17691.666666666668,361.3796315444976,2026,2,7,3,SURPLUS
2026-02-13,Kalimantan Barat,Minyak Goreng Curah,18800.0,18982.25806451613,-182.2580645161288,-0.96,900.0,18128.571428571428,17731.666666666668,459.9430606581826,2026,2,7,4,NORMAL
2026-02-16,Kalimantan Barat,Minyak Goreng Curah,17900.0,18940.322580645163,-1040.3225806451628,-5.49,-900.0,18000.0,17741.666666666668,354.72994422987745,2026,2,8,0,SURPLUS
2026-02-17,Kalimantan Barat,Minyak Goreng Curah,17900.0,18940.322580645163,-1040.3225806451628,-5.49,0.0,18014.285714285714,17751.666666666668,347.2682509174091,2026,2,8,1,SURPLUS
2026-02-18,Kalimantan Barat,Minyak Goreng Curah,17900.0,18969.354838709678,-1069.354838709678,-5.64,0.0,18021.428571428572,17761.666666666668,343.8230441873904,2026,2,8,2,SURPLUS
2026-02-19,Kalimantan Barat,Minyak Goreng Curah,17900.0,18969.354838709678,-1069.354838709678,-5.64,0.0,18028.571428571428,17771.666666666668,340.16802570830225,2026,2,8,3,SURPLUS
2026-02-20,Kalimantan Barat,Minyak Goreng Curah,17900.0,18972.58064516129,-1072.5806451612916,-5.65,0.0,18028.571428571428,17781.666666666668,340.16802570830225,2026,2,8,4,SURPLUS
2026-02-23,Kalimantan Barat,Minyak Goreng Curah,18000.0,18974.1935483871,-974.1935483870984,-5.13,100.0,18042.85714285714,17795.0,335.94217189442156,2026,2,9,0,SURPLUS
2026-02-24,Kalimantan Barat,Minyak Goreng Curah,18000.0,19011.290322580644,-1011.290322580644,-5.32,0.0,17928.571428571428,17808.333333333332,48.79500364742258,2026,2,9,1,SURPLUS
2026-02-25,Kalimantan Barat,Minyak Goreng Curah,18050.0,19012.90322580645,-962.9032258064508,-5.06,50.0,17950.0,17823.333333333332,64.54972243678614,2026,2,9,2,SURPLUS
2026-02-26,Kalimantan Barat,Minyak Goreng Curah,18050.0,19014.516129032258,-964.5161290322576,-5.07,0.0,17971.428571428572,17838.333333333332,69.86381310057263,2026,2,9,3,SURPLUS
2026-02-27,Kalimantan Barat,Minyak Goreng Curah,18050.0,19017.74193548387,-967.7419354838712,-5.09,0.0,17992.85714285714,17853.333333333332,67.25927091344951,2026,2,9,4,SURPLUS
2026-03-02,Kalimantan Barat,Minyak Goreng Curah,18050.0,19012.90322580645,-962.9032258064508,-5.06,0.0,18014.285714285714,17868.333333333332,55.634864026411144,2026,3,10,0,SURPLUS
2026-03-03,Kalimantan Barat,Minyak Goreng Curah,18150.0,19024.1935483871,-874.1935483870984,-4.6,100.0,18050.0,17886.666666666668,49.99999999998935,2026,3,10,1,NORMAL
2026-03-04,Kalimantan Barat,Minyak Goreng Curah,18150.0,19041.935483870966,-891.935483870966,-4.68,0.0,18071.428571428572,17905.0,56.69467095137378,2026,3,10,2,NORMAL
2026-03-05,Kalimantan Barat,Minyak Goreng Curah,18150.0,19043.548387096773,-893.5483870967728,-4.69,0.0,18092.85714285714,17923.333333333332,53.452248382473115,2026,3,10,3,NORMAL
2026-03-06,Kalimantan Barat,Minyak Goreng Curah,18150.0,19020.967741935485,-870.9677419354848,-4.58,0.0,18107.14285714286,17941.666666666668,53.45224838247234,2026,3,10,4,NORMAL
2026-03-09,Kalimantan Barat,Minyak Goreng Curah,18150.0,19029.032258064515,-879.0322580645152,-4.62,0.0,18121.428571428572,17960.0,48.79500364741251,2026,3,11,0,NORMAL
2026-03-10,Kalimantan Barat,Minyak Goreng Curah,18150.0,19067.74193548387,-917.7419354838712,-4.81,0.0,18135.714285714286,17978.333333333332,37.796447300903786,2026,3,11,1,NORMAL
2026-03-11,Kalimantan Barat,Minyak Goreng Curah,18450.0,19146.774193548386,-696.7741935483864,-3.64,300.0,18192.85714285714,18006.666666666668,113.3893419027685,2026,3,11,2,NORMAL
2026-03-12,Kalimantan Barat,Minyak Goreng Curah,18500.0,19251.612903225807,-751.6129032258068,-3.9,50.0,18242.85714285714,18036.666666666668,159.23926292577164,2026,3,11,3,NORMAL
2026-03-13,Kalimantan Barat,Minyak Goreng Curah,18500.0,19287.09677419355,-787.0967741935492,-4.08,0.0,18292.85714285714,18066.666666666668,178.951975467749,2026,3,11,4,NORMAL
2026-03-16,Kalimantan Barat,Minyak Goreng Curah,18550.0,19469.354838709678,-919.354838709678,-4.72,50.0,18350.0,18098.333333333332,189.29694486001083,2026,3,12,0,NORMAL
2026-03-17,Kalimantan Barat,Minyak Goreng Curah,18550.0,19659.677419354837,-1109.6774193548372,-5.64,0.0,18407.14285714286,18128.333333333332,178.9519754677515,2026,3,12,1,SURPLUS
2026-03-18,Kalimantan Barat,Minyak Goreng Curah,18850.0,19662.90322580645,-812.9032258064508,-4.13,300.0,18507.14285714286,18163.333333333332,204.99709637897834,2026,3,12,2,NORMAL
2026-03-19,Kalimantan Barat,Minyak Goreng Curah,18550.0,19654.83870967742,-1104.8387096774204,-5.62,-300.0,18564.285714285714,18155.0,131.38456820307363,2026,3,12,3,SURPLUS
2026-03-20,Kalimantan Barat,Minyak Goreng Curah,18550.0,19656.451612903227,-1106.4516129032272,-5.63,0.0,18578.571428571428,18180.0,121.9875091185809,2026,3,12,4,SURPLUS
2026-03-23,Kalimantan Barat,Minyak Goreng Curah,18550.0,19670.967741935485,-1120.9677419354848,-5.7,0.0,18585.714285714286,18203.333333333332,118.01936887043149,2026,3,13,0,SURPLUS
2026-03-24,Kalimantan Barat,Minyak Goreng Curah,18550.0,19670.967741935485,-1120.9677419354848,-5.7,0.0,18592.85714285714,18226.666666666668,113.38934190278434,2026,3,13,1,SURPLUS
2026-03-25,Kalimantan Barat,Minyak Goreng Curah,18550.0,19745.16129032258,-1195.1612903225796,-6.05,0.0,18592.85714285714,18248.333333333332,113.38934190278434,2026,3,13,2,SURPLUS
2026-03-26,Kalimantan Barat,Minyak Goreng Curah,18550.0,19758.064516129034,-1208.064516129034,-6.11,0.0,18592.85714285714,18270.0,113.38934190278434,2026,3,13,3,SURPLUS
2026-03-27,Kalimantan Barat,Minyak Goreng Curah,18550.0,19758.064516129034,-1208.064516129034,-6.11,0.0,18550.0,18261.666666666668,5.5630093521696444e-05,2026,3,13,4,SURPLUS
2026-03-30,Kalimantan Barat,Minyak Goreng Curah,18550.0,19843.548387096773,-1293.5483870967728,-6.52,0.0,18550.0,18283.333333333332,5.5630093521696444e-05,2026,3,14,0,SURPLUS
2026-03-31,Kalimantan Barat,Minyak Goreng Curah,18550.0,19840.322580645163,-1290.3225806451628,-6.5,0.0,18550.0,18305.0,5.5630093521696444e-05,2026,3,14,1,SURPLUS
2026-04-01,Kalimantan Barat,Minyak Goreng Curah,18550.0,19851.612903225807,-1301.6129032258068,-6.56,0.0,18550.0,18326.666666666668,5.5630093521696444e-05,2026,4,14,2,SURPLUS
2026-04-02,Kalimantan Barat,Minyak Goreng Curah,18550.0,19870.967741935485,-1320.9677419354848,-6.65,0.0,18550.0,18348.333333333332,5.5630093521696444e-05,2026,4,14,3,SURPLUS
2026-04-03,Kalimantan Barat,Minyak Goreng Curah,18550.0,19933.870967741936,-1383.8709677419356,-6.94,0.0,18550.0,18370.0,5.5630093521696444e-05,2026,4,14,4,SURPLUS
2026-04-06,Kalimantan Barat,Minyak Goreng Curah,19000.0,19908.064516129034,-908.064516129034,-4.56,450.0,18614.285714285714,18403.333333333332,170.08401285416446,2026,4,15,0,NORMAL
2026-04-07,Kalimantan Barat,Minyak Goreng Curah,19050.0,19943.548387096773,-893.5483870967728,-4.48,50.0,18685.714285714286,18438.333333333332,232.22526010013783,2026,4,15,1,NORMAL
2026-04-08,Kalimantan Barat,Minyak Goreng Curah,19050.0,19982.25806451613,-932.2580645161288,-4.67,0.0,18757.14285714286,18471.666666666668,258.8895701333213,2026,4,15,2,NORMAL
2026-04-09,Kalimantan Barat,Minyak Goreng Curah,19100.0,20138.709677419356,-1038.709677419356,-5.16,50.0,18835.714285714286,18506.666666666668,268.8157450037333,2026,4,15,3,SURPLUS
2026-04-10,Kalimantan Barat,Minyak Goreng Curah,19100.0,20106.451612903227,-1006.4516129032272,-5.01,0.0,18914.285714285714,18541.666666666668,251.18765514102566,2026,4,15,4,SURPLUS
2026-04-13,Kalimantan Barat,Minyak Goreng Curah,19100.0,20133.870967741936,-1033.8709677419356,-5.13,0.0,18992.85714285714,18576.666666666668,198.8059594776261,2026,4,16,0,SURPLUS
2026-01-01,Kalimantan Selatan,Minyak Goreng Curah,17400.0,18851.612903225807,-1451.6129032258068,-7.7,,17400.0,17400.0,,2026,1,1,3,SURPLUS
2026-01-02,Kalimantan Selatan,Minyak Goreng Curah,17400.0,18843.548387096773,-1443.5483870967728,-7.66,0.0,17400.0,17400.0,0.0,2026,1,1,4,SURPLUS
2026-01-05,Kalimantan Selatan,Minyak Goreng Curah,17400.0,18840.322580645163,-1440.3225806451628,-7.64,0.0,17400.0,17400.0,0.0,2026,1,2,0,SURPLUS
2026-01-06,Kalimantan Selatan,Minyak Goreng Curah,17400.0,18832.25806451613,-1432.2580645161288,-7.61,0.0,17400.0,17400.0,0.0,2026,1,2,1,SURPLUS
2026-01-07,Kalimantan Selatan,Minyak Goreng Curah,17400.0,18822.58064516129,-1422.5806451612916,-7.56,0.0,17400.0,17400.0,0.0,2026,1,2,2,SURPLUS
2026-01-08,Kalimantan Selatan,Minyak Goreng Curah,17400.0,18822.58064516129,-1422.5806451612916,-7.56,0.0,17400.0,17400.0,0.0,2026,1,2,3,SURPLUS
2026-01-09,Kalimantan Selatan,Minyak Goreng Curah,17400.0,18825.8064516129,-1425.8064516129016,-7.57,0.0,17400.0,17400.0,0.0,2026,1,2,4,SURPLUS
2026-01-12,Kalimantan Selatan,Minyak Goreng Curah,17400.0,18803.225806451614,-1403.2258064516136,-7.46,0.0,17400.0,17400.0,0.0,2026,1,3,0,SURPLUS
2026-01-13,Kalimantan Selatan,Minyak Goreng Curah,17400.0,18816.129032258064,-1416.1290322580644,-7.53,0.0,17400.0,17400.0,0.0,2026,1,3,1,SURPLUS
2026-01-14,Kalimantan Selatan,Minyak Goreng Curah,17400.0,18811.290322580644,-1411.290322580644,-7.5,0.0,17400.0,17400.0,0.0,2026,1,3,2,SURPLUS
2026-01-15,Kalimantan Selatan,Minyak Goreng Curah,17400.0,18812.90322580645,-1412.9032258064508,-7.51,0.0,17400.0,17400.0,0.0,2026,1,3,3,SURPLUS
2026-01-16,Kalimantan Selatan,Minyak Goreng Curah,17400.0,18812.90322580645,-1412.9032258064508,-7.51,0.0,17400.0,17400.0,0.0,2026,1,3,4,SURPLUS
2026-01-19,Kalimantan Selatan,Minyak Goreng Curah,17400.0,18809.677419354837,-1409.6774193548372,-7.49,0.0,17400.0,17400.0,0.0,2026,1,4,0,SURPLUS
2026-01-20,Kalimantan Selatan,Minyak Goreng Curah,17400.0,18817.74193548387,-1417.7419354838712,-7.53,0.0,17400.0,17400.0,0.0,2026,1,4,1,SURPLUS
2026-01-21,Kalimantan Selatan,Minyak Goreng Curah,17400.0,18812.90322580645,-1412.9032258064508,-7.51,0.0,17400.0,17400.0,0.0,2026,1,4,2,SURPLUS
2026-01-22,Kalimantan Selatan,Minyak Goreng Curah,17400.0,18816.129032258064,-1416.1290322580644,-7.53,0.0,17400.0,17400.0,0.0,2026,1,4,3,SURPLUS
2026-01-23,Kalimantan Selatan,Minyak Goreng Curah,17400.0,18817.74193548387,-1417.7419354838712,-7.53,0.0,17400.0,17400.0,0.0,2026,1,4,4,SURPLUS
2026-01-26,Kalimantan Selatan,Minyak Goreng Curah,17400.0,18827.41935483871,-1427.4193548387084,-7.58,0.0,17400.0,17400.0,0.0,2026,1,5,0,SURPLUS
2026-01-27,Kalimantan Selatan,Minyak Goreng Curah,17400.0,18830.645161290322,-1430.645161290322,-7.6,0.0,17400.0,17400.0,0.0,2026,1,5,1,SURPLUS
2026-01-28,Kalimantan Selatan,Minyak Goreng Curah,17400.0,18824.1935483871,-1424.1935483870984,-7.57,0.0,17400.0,17400.0,0.0,2026,1,5,2,SURPLUS
2026-01-29,Kalimantan Selatan,Minyak Goreng Curah,17400.0,18825.8064516129,-1425.8064516129016,-7.57,0.0,17400.0,17400.0,0.0,2026,1,5,3,SURPLUS
2026-01-30,Kalimantan Selatan,Minyak Goreng Curah,17400.0,18864.516129032258,-1464.5161290322576,-7.76,0.0,17400.0,17400.0,0.0,2026,1,5,4,SURPLUS
2026-02-02,Kalimantan Selatan,Minyak Goreng Curah,17400.0,18872.58064516129,-1472.5806451612916,-7.8,0.0,17400.0,17400.0,0.0,2026,2,6,0,SURPLUS
2026-02-03,Kalimantan Selatan,Minyak Goreng Curah,17400.0,18891.935483870966,-1491.935483870966,-7.9,0.0,17400.0,17400.0,0.0,2026,2,6,1,SURPLUS
2026-02-04,Kalimantan Selatan,Minyak Goreng Curah,17400.0,18900.0,-1500.0,-7.94,0.0,17400.0,17400.0,0.0,2026,2,6,2,SURPLUS
2026-02-05,Kalimantan Selatan,Minyak Goreng Curah,17400.0,18967.74193548387,-1567.7419354838712,-8.27,0.0,17400.0,17400.0,0.0,2026,2,6,3,SURPLUS
2026-02-06,Kalimantan Selatan,Minyak Goreng Curah,17400.0,18940.322580645163,-1540.3225806451628,-8.13,0.0,17400.0,17400.0,0.0,2026,2,6,4,SURPLUS
2026-02-09,Kalimantan Selatan,Minyak Goreng Curah,17400.0,18922.58064516129,-1522.5806451612916,-8.05,0.0,17400.0,17400.0,0.0,2026,2,7,0,SURPLUS
2026-02-10,Kalimantan Selatan,Minyak Goreng Curah,17400.0,18927.41935483871,-1527.4193548387084,-8.07,0.0,17400.0,17400.0,0.0,2026,2,7,1,SURPLUS
2026-02-11,Kalimantan Selatan,Minyak Goreng Curah,17400.0,18929.032258064515,-1529.0322580645152,-8.08,0.0,17400.0,17400.0,0.0,2026,2,7,2,SURPLUS
2026-02-12,Kalimantan Selatan,Minyak Goreng Curah,17400.0,18933.870967741936,-1533.8709677419356,-8.1,0.0,17400.0,17400.0,0.0,2026,2,7,3,SURPLUS
2026-02-13,Kalimantan Selatan,Minyak Goreng Curah,17400.0,18982.25806451613,-1582.2580645161288,-8.34,0.0,17400.0,17400.0,0.0,2026,2,7,4,SURPLUS
2026-02-16,Kalimantan Selatan,Minyak Goreng Curah,17400.0,18940.322580645163,-1540.3225806451628,-8.13,0.0,17400.0,17400.0,0.0,2026,2,8,0,SURPLUS
2026-02-17,Kalimantan Selatan,Minyak Goreng Curah,17400.0,18940.322580645163,-1540.3225806451628,-8.13,0.0,17400.0,17400.0,0.0,2026,2,8,1,SURPLUS
2026-02-18,Kalimantan Selatan,Minyak Goreng Curah,17400.0,18969.354838709678,-1569.354838709678,-8.27,0.0,17400.0,17400.0,0.0,2026,2,8,2,SURPLUS
2026-02-19,Kalimantan Selatan,Minyak Goreng Curah,17400.0,18969.354838709678,-1569.354838709678,-8.27,0.0,17400.0,17400.0,0.0,2026,2,8,3,SURPLUS
2026-02-20,Kalimantan Selatan,Minyak Goreng Curah,17450.0,18972.58064516129,-1522.5806451612916,-8.03,50.0,17407.14285714286,17401.666666666668,18.898223650461016,2026,2,8,4,SURPLUS
2026-02-23,Kalimantan Selatan,Minyak Goreng Curah,17450.0,18974.1935483871,-1524.1935483870984,-8.03,0.0,17414.285714285714,17403.333333333332,24.397501823712222,2026,2,9,0,SURPLUS
2026-02-24,Kalimantan Selatan,Minyak Goreng Curah,17450.0,19011.290322580644,-1561.290322580644,-8.21,0.0,17421.428571428572,17405.0,26.726124191240128,2026,2,9,1,SURPLUS
2026-02-25,Kalimantan Selatan,Minyak Goreng Curah,17450.0,19012.90322580645,-1562.9032258064508,-8.22,0.0,17428.571428571428,17406.666666666668,26.726124191238306,2026,2,9,2,SURPLUS
2026-02-26,Kalimantan Selatan,Minyak Goreng Curah,17450.0,19014.516129032258,-1564.5161290322576,-8.23,0.0,17435.714285714286,17408.333333333332,24.397501823706968,2026,2,9,3,SURPLUS
2026-02-27,Kalimantan Selatan,Minyak Goreng Curah,17450.0,19017.74193548387,-1567.7419354838712,-8.24,0.0,17442.85714285714,17410.0,18.898223650451257,2026,2,9,4,SURPLUS
2026-03-02,Kalimantan Selatan,Minyak Goreng Curah,17450.0,19012.90322580645,-1562.9032258064508,-8.22,0.0,17450.0,17411.666666666668,0.0,2026,3,10,0,SURPLUS
2026-03-03,Kalimantan Selatan,Minyak Goreng Curah,17450.0,19024.1935483871,-1574.1935483870984,-8.27,0.0,17450.0,17413.333333333332,0.0,2026,3,10,1,SURPLUS
2026-03-04,Kalimantan Selatan,Minyak Goreng Curah,17450.0,19041.935483870966,-1591.935483870966,-8.36,0.0,17450.0,17415.0,0.0,2026,3,10,2,SURPLUS
2026-03-05,Kalimantan Selatan,Minyak Goreng Curah,17450.0,19043.548387096773,-1593.5483870967728,-8.37,0.0,17450.0,17416.666666666668,0.0,2026,3,10,3,SURPLUS
2026-03-06,Kalimantan Selatan,Minyak Goreng Curah,17450.0,19020.967741935485,-1570.9677419354848,-8.26,0.0,17450.0,17418.333333333332,0.0,2026,3,10,4,SURPLUS
2026-03-09,Kalimantan Selatan,Minyak Goreng Curah,17450.0,19029.032258064515,-1579.0322580645152,-8.3,0.0,17450.0,17420.0,0.0,2026,3,11,0,SURPLUS
2026-03-10,Kalimantan Selatan,Minyak Goreng Curah,17450.0,19067.74193548387,-1617.7419354838712,-8.48,0.0,17450.0,17421.666666666668,0.0,2026,3,11,1,SURPLUS
2026-03-11,Kalimantan Selatan,Minyak Goreng Curah,17450.0,19146.774193548386,-1696.7741935483864,-8.86,0.0,17450.0,17423.333333333332,0.0,2026,3,11,2,SURPLUS
2026-03-12,Kalimantan Selatan,Minyak Goreng Curah,17450.0,19251.612903225807,-1801.6129032258068,-9.36,0.0,17450.0,17425.0,0.0,2026,3,11,3,SURPLUS
2026-03-13,Kalimantan Selatan,Minyak Goreng Curah,17500.0,19287.09677419355,-1787.0967741935492,-9.27,50.0,17457.14285714286,17428.333333333332,18.898223650461016,2026,3,11,4,SURPLUS
2026-03-16,Kalimantan Selatan,Minyak Goreng Curah,17500.0,19469.354838709678,-1969.354838709678,-10.12,0.0,17464.285714285714,17431.666666666668,24.397501823712222,2026,3,12,0,SURPLUS
2026-03-17,Kalimantan Selatan,Minyak Goreng Curah,17500.0,19659.677419354837,-2159.677419354837,-10.99,0.0,17471.428571428572,17435.0,26.726124191240128,2026,3,12,1,SURPLUS
2026-03-18,Kalimantan Selatan,Minyak Goreng Curah,17500.0,19662.90322580645,-2162.903225806451,-11.0,0.0,17478.571428571428,17438.333333333332,26.726124191238306,2026,3,12,2,SURPLUS
2026-03-19,Kalimantan Selatan,Minyak Goreng Curah,17500.0,19654.83870967742,-2154.8387096774204,-10.96,0.0,17485.714285714286,17441.666666666668,24.397501823706968,2026,3,12,3,SURPLUS
2026-03-20,Kalimantan Selatan,Minyak Goreng Curah,17500.0,19656.451612903227,-2156.451612903227,-10.97,0.0,17492.85714285714,17445.0,18.898223650451257,2026,3,12,4,SURPLUS
2026-03-23,Kalimantan Selatan,Minyak Goreng Curah,17500.0,19670.967741935485,-2170.967741935485,-11.04,0.0,17500.0,17448.333333333332,0.0,2026,3,13,0,SURPLUS
2026-03-24,Kalimantan Selatan,Minyak Goreng Curah,17500.0,19670.967741935485,-2170.967741935485,-11.04,0.0,17500.0,17451.666666666668,0.0,2026,3,13,1,SURPLUS
2026-03-25,Kalimantan Selatan,Minyak Goreng Curah,17500.0,19745.16129032258,-2245.1612903225796,-11.37,0.0,17500.0,17455.0,0.0,2026,3,13,2,SURPLUS
2026-03-26,Kalimantan Selatan,Minyak Goreng Curah,17500.0,19758.064516129034,-2258.064516129034,-11.43,0.0,17500.0,17458.333333333332,0.0,2026,3,13,3,SURPLUS
2026-03-27,Kalimantan Selatan,Minyak Goreng Curah,17500.0,19758.064516129034,-2258.064516129034,-11.43,0.0,17500.0,17461.666666666668,0.0,2026,3,13,4,SURPLUS
2026-03-30,Kalimantan Selatan,Minyak Goreng Curah,17500.0,19843.548387096773,-2343.548387096773,-11.81,0.0,17500.0,17465.0,0.0,2026,3,14,0,SURPLUS
2026-03-31,Kalimantan Selatan,Minyak Goreng Curah,17500.0,19840.322580645163,-2340.322580645163,-11.8,0.0,17500.0,17468.333333333332,0.0,2026,3,14,1,SURPLUS
2026-04-01,Kalimantan Selatan,Minyak Goreng Curah,17500.0,19851.612903225807,-2351.612903225807,-11.85,0.0,17500.0,17471.666666666668,0.0,2026,4,14,2,SURPLUS
2026-04-02,Kalimantan Selatan,Minyak Goreng Curah,17500.0,19870.967741935485,-2370.967741935485,-11.93,0.0,17500.0,17475.0,0.0,2026,4,14,3,SURPLUS
2026-04-03,Kalimantan Selatan,Minyak Goreng Curah,17500.0,19933.870967741936,-2433.8709677419356,-12.21,0.0,17500.0,17476.666666666668,0.0,2026,4,14,4,SURPLUS
2026-04-06,Kalimantan Selatan,Minyak Goreng Curah,17500.0,19908.064516129034,-2408.064516129034,-12.1,0.0,17500.0,17478.333333333332,0.0,2026,4,15,0,SURPLUS
2026-04-07,Kalimantan Selatan,Minyak Goreng Curah,17500.0,19943.548387096773,-2443.548387096773,-12.25,0.0,17500.0,17480.0,0.0,2026,4,15,1,SURPLUS
2026-04-08,Kalimantan Selatan,Minyak Goreng Curah,17500.0,19982.25806451613,-2482.258064516129,-12.42,0.0,17500.0,17481.666666666668,0.0,2026,4,15,2,SURPLUS
2026-04-09,Kalimantan Selatan,Minyak Goreng Curah,17500.0,20138.709677419356,-2638.709677419356,-13.1,0.0,17500.0,17483.333333333332,0.0,2026,4,15,3,SURPLUS
2026-04-10,Kalimantan Selatan,Minyak Goreng Curah,17500.0,20106.451612903227,-2606.451612903227,-12.96,0.0,17500.0,17485.0,0.0,2026,4,15,4,SURPLUS
2026-04-13,Kalimantan Selatan,Minyak Goreng Curah,20000.0,20133.870967741936,-133.8709677419356,-0.66,2500.0,17857.14285714286,17570.0,944.9111825230677,2026,4,16,0,NORMAL
2026-01-01,Kalimantan Tengah,Minyak Goreng Curah,16850.0,18851.612903225807,-2001.6129032258068,-10.62,,16850.0,16850.0,,2026,1,1,3,SURPLUS
2026-01-02,Kalimantan Tengah,Minyak Goreng Curah,16850.0,18843.548387096773,-1993.5483870967728,-10.58,0.0,16850.0,16850.0,0.0,2026,1,1,4,SURPLUS
2026-01-05,Kalimantan Tengah,Minyak Goreng Curah,16850.0,18840.322580645163,-1990.3225806451628,-10.56,0.0,16850.0,16850.0,0.0,2026,1,2,0,SURPLUS
2026-01-06,Kalimantan Tengah,Minyak Goreng Curah,16850.0,18832.25806451613,-1982.2580645161288,-10.53,0.0,16850.0,16850.0,0.0,2026,1,2,1,SURPLUS
2026-01-07,Kalimantan Tengah,Minyak Goreng Curah,16850.0,18822.58064516129,-1972.5806451612916,-10.48,0.0,16850.0,16850.0,0.0,2026,1,2,2,SURPLUS
2026-01-08,Kalimantan Tengah,Minyak Goreng Curah,16850.0,18822.58064516129,-1972.5806451612916,-10.48,0.0,16850.0,16850.0,0.0,2026,1,2,3,SURPLUS
2026-01-09,Kalimantan Tengah,Minyak Goreng Curah,16850.0,18825.8064516129,-1975.8064516129016,-10.5,0.0,16850.0,16850.0,0.0,2026,1,2,4,SURPLUS
2026-01-12,Kalimantan Tengah,Minyak Goreng Curah,16850.0,18803.225806451614,-1953.2258064516136,-10.39,0.0,16850.0,16850.0,0.0,2026,1,3,0,SURPLUS
2026-01-13,Kalimantan Tengah,Minyak Goreng Curah,16950.0,18816.129032258064,-1866.1290322580644,-9.92,100.0,16864.285714285714,16861.11111111111,37.796447300922836,2026,1,3,1,SURPLUS
2026-01-14,Kalimantan Tengah,Minyak Goreng Curah,16950.0,18811.290322580644,-1861.290322580644,-9.89,0.0,16878.571428571428,16870.0,48.795003647427265,2026,1,3,2,SURPLUS
2026-01-15,Kalimantan Tengah,Minyak Goreng Curah,16950.0,18812.90322580645,-1862.9032258064508,-9.9,0.0,16892.85714285714,16877.272727272728,53.45224838248581,2026,1,3,3,SURPLUS
2026-01-16,Kalimantan Tengah,Minyak Goreng Curah,16950.0,18812.90322580645,-1862.9032258064508,-9.9,0.0,16907.14285714286,16883.333333333332,53.45224838248581,2026,1,3,4,SURPLUS
2026-01-19,Kalimantan Tengah,Minyak Goreng Curah,16950.0,18809.677419354837,-1859.6774193548372,-9.89,0.0,16921.428571428572,16888.46153846154,48.795003647427265,2026,1,4,0,SURPLUS
2026-01-20,Kalimantan Tengah,Minyak Goreng Curah,16950.0,18817.74193548387,-1867.7419354838712,-9.93,0.0,16935.714285714286,16892.85714285714,37.796447300922836,2026,1,4,1,SURPLUS
2026-01-21,Kalimantan Tengah,Minyak Goreng Curah,16950.0,18812.90322580645,-1862.9032258064508,-9.9,0.0,16950.0,16896.666666666668,0.0,2026,1,4,2,SURPLUS
2026-01-22,Kalimantan Tengah,Minyak Goreng Curah,16950.0,18816.129032258064,-1866.1290322580644,-9.92,0.0,16950.0,16900.0,0.0,2026,1,4,3,SURPLUS
2026-01-23,Kalimantan Tengah,Minyak Goreng Curah,16950.0,18817.74193548387,-1867.7419354838712,-9.93,0.0,16950.0,16902.941176470587,0.0,2026,1,4,4,SURPLUS
2026-01-26,Kalimantan Tengah,Minyak Goreng Curah,16950.0,18827.41935483871,-1877.4193548387084,-9.97,0.0,16950.0,16905.555555555555,0.0,2026,1,5,0,SURPLUS
2026-01-27,Kalimantan Tengah,Minyak Goreng Curah,16950.0,18830.645161290322,-1880.645161290322,-9.99,0.0,16950.0,16907.894736842107,0.0,2026,1,5,1,SURPLUS
2026-01-28,Kalimantan Tengah,Minyak Goreng Curah,16950.0,18824.1935483871,-1874.1935483870984,-9.96,0.0,16950.0,16910.0,0.0,2026,1,5,2,SURPLUS
2026-01-29,Kalimantan Tengah,Minyak Goreng Curah,16950.0,18825.8064516129,-1875.8064516129016,-9.96,0.0,16950.0,16911.904761904763,0.0,2026,1,5,3,SURPLUS
2026-01-30,Kalimantan Tengah,Minyak Goreng Curah,16900.0,18864.516129032258,-1964.5161290322576,-10.41,-50.0,16942.85714285714,16911.363636363636,18.898223650461016,2026,1,5,4,SURPLUS
2026-02-02,Kalimantan Tengah,Minyak Goreng Curah,16900.0,18872.58064516129,-1972.5806451612916,-10.45,0.0,16935.714285714286,16910.869565217392,24.397501823712222,2026,2,6,0,SURPLUS
2026-02-03,Kalimantan Tengah,Minyak Goreng Curah,16900.0,18891.935483870966,-1991.935483870966,-10.54,0.0,16928.571428571428,16910.416666666668,26.726124191240128,2026,2,6,1,SURPLUS
2026-02-04,Kalimantan Tengah,Minyak Goreng Curah,16900.0,18900.0,-2000.0,-10.58,0.0,16921.428571428572,16910.0,26.726124191238306,2026,2,6,2,SURPLUS
2026-02-05,Kalimantan Tengah,Minyak Goreng Curah,16900.0,18967.74193548387,-2067.741935483871,-10.9,0.0,16914.285714285714,16909.615384615383,24.397501823706968,2026,2,6,3,SURPLUS
2026-02-06,Kalimantan Tengah,Minyak Goreng Curah,16900.0,18940.322580645163,-2040.3225806451628,-10.77,0.0,16907.14285714286,16909.25925925926,18.898223650451257,2026,2,6,4,SURPLUS
2026-02-09,Kalimantan Tengah,Minyak Goreng Curah,16900.0,18922.58064516129,-2022.5806451612916,-10.69,0.0,16900.0,16908.928571428572,0.0,2026,2,7,0,SURPLUS
2026-02-10,Kalimantan Tengah,Minyak Goreng Curah,16900.0,18927.41935483871,-2027.4193548387084,-10.71,0.0,16900.0,16908.620689655174,0.0,2026,2,7,1,SURPLUS
2026-02-11,Kalimantan Tengah,Minyak Goreng Curah,16900.0,18929.032258064515,-2029.0322580645152,-10.72,0.0,16900.0,16908.333333333332,0.0,2026,2,7,2,SURPLUS
2026-02-12,Kalimantan Tengah,Minyak Goreng Curah,16900.0,18933.870967741936,-2033.8709677419356,-10.74,0.0,16900.0,16910.0,0.0,2026,2,7,3,SURPLUS
2026-02-13,Kalimantan Tengah,Minyak Goreng Curah,16900.0,18982.25806451613,-2082.258064516129,-10.97,0.0,16900.0,16911.666666666668,0.0,2026,2,7,4,SURPLUS
2026-02-16,Kalimantan Tengah,Minyak Goreng Curah,16900.0,18940.322580645163,-2040.3225806451628,-10.77,0.0,16900.0,16913.333333333332,0.0,2026,2,8,0,SURPLUS
2026-02-17,Kalimantan Tengah,Minyak Goreng Curah,16900.0,18940.322580645163,-2040.3225806451628,-10.77,0.0,16900.0,16915.0,0.0,2026,2,8,1,SURPLUS
2026-02-18,Kalimantan Tengah,Minyak Goreng Curah,17000.0,18969.354838709678,-1969.354838709678,-10.38,100.0,16914.285714285714,16920.0,37.796447300922836,2026,2,8,2,SURPLUS
2026-02-19,Kalimantan Tengah,Minyak Goreng Curah,17000.0,18969.354838709678,-1969.354838709678,-10.38,0.0,16928.571428571428,16925.0,48.795003647427265,2026,2,8,3,SURPLUS
2026-02-20,Kalimantan Tengah,Minyak Goreng Curah,17000.0,18972.58064516129,-1972.5806451612916,-10.4,0.0,16942.85714285714,16930.0,53.45224838248581,2026,2,8,4,SURPLUS
2026-02-23,Kalimantan Tengah,Minyak Goreng Curah,17000.0,18974.1935483871,-1974.1935483870984,-10.4,0.0,16957.14285714286,16935.0,53.45224838248581,2026,2,9,0,SURPLUS
2026-02-24,Kalimantan Tengah,Minyak Goreng Curah,18250.0,19011.290322580644,-761.290322580644,-4.0,1250.0,17150.0,16978.333333333332,487.33971724044807,2026,2,9,1,NORMAL
2026-02-25,Kalimantan Tengah,Minyak Goreng Curah,18250.0,19012.90322580645,-762.9032258064508,-4.01,0.0,17342.85714285714,17021.666666666668,620.771409503645,2026,2,9,2,NORMAL
2026-02-26,Kalimantan Tengah,Minyak Goreng Curah,18250.0,19014.516129032258,-764.5161290322576,-4.02,0.0,17535.714285714286,17065.0,668.15310478106,2026,2,9,3,NORMAL
2026-02-27,Kalimantan Tengah,Minyak Goreng Curah,18250.0,19017.74193548387,-767.7419354838712,-4.04,0.0,17714.285714285714,17108.333333333332,668.15310478106,2026,2,9,4,NORMAL
2026-03-02,Kalimantan Tengah,Minyak Goreng Curah,18250.0,19012.90322580645,-762.9032258064508,-4.01,0.0,17892.85714285714,17151.666666666668,609.9375455928326,2026,3,10,0,NORMAL
2026-03-03,Kalimantan Tengah,Minyak Goreng Curah,18250.0,19024.1935483871,-774.1935483870984,-4.07,0.0,18071.428571428572,17195.0,472.4555912615341,2026,3,10,1,NORMAL
2026-03-04,Kalimantan Tengah,Minyak Goreng Curah,18450.0,19041.935483870966,-591.935483870966,-3.11,200.0,18278.571428571428,17245.0,75.59289460184567,2026,3,10,2,NORMAL
2026-03-05,Kalimantan Tengah,Minyak Goreng Curah,18450.0,19043.548387096773,-593.5483870967728,-3.12,0.0,18307.14285714286,17295.0,97.590007294854,2026,3,10,3,NORMAL
2026-03-06,Kalimantan Tengah,Minyak Goreng Curah,18450.0,19020.967741935485,-570.9677419354848,-3.0,0.0,18335.714285714286,17345.0,106.90449676497114,2026,3,10,4,NORMAL
2026-03-09,Kalimantan Tengah,Minyak Goreng Curah,18450.0,19029.032258064515,-579.0322580645152,-3.04,0.0,18364.285714285714,17395.0,106.9044967649722,2026,3,11,0,NORMAL
2026-03-10,Kalimantan Tengah,Minyak Goreng Curah,18450.0,19067.74193548387,-617.7419354838712,-3.24,0.0,18392.85714285714,17445.0,97.59000729485746,2026,3,11,1,NORMAL
2026-03-11,Kalimantan Tengah,Minyak Goreng Curah,18450.0,19146.774193548386,-696.7741935483864,-3.64,0.0,18421.428571428572,17495.0,75.59289460185312,2026,3,11,2,NORMAL
2026-03-12,Kalimantan Tengah,Minyak Goreng Curah,18450.0,19251.612903225807,-801.6129032258068,-4.16,0.0,18450.0,17545.0,3.970462798054006e-05,2026,3,11,3,NORMAL
2026-03-13,Kalimantan Tengah,Minyak Goreng Curah,18450.0,19287.09677419355,-837.0967741935492,-4.34,0.0,18450.0,17596.666666666668,3.970462798054006e-05,2026,3,11,4,NORMAL
2026-03-16,Kalimantan Tengah,Minyak Goreng Curah,18600.0,19469.354838709678,-869.354838709678,-4.47,150.0,18471.428571428572,17653.333333333332,56.69467095140074,2026,3,12,0,NORMAL
2026-03-17,Kalimantan Tengah,Minyak Goreng Curah,18600.0,19659.677419354837,-1059.6774193548372,-5.39,0.0,18492.85714285714,17710.0,73.19250547115487,2026,3,12,1,SURPLUS
2026-03-18,Kalimantan Tengah,Minyak Goreng Curah,18600.0,19662.90322580645,-1062.9032258064508,-5.41,0.0,18514.285714285714,17766.666666666668,80.17837257374296,2026,3,12,2,SURPLUS
2026-03-19,Kalimantan Tengah,Minyak Goreng Curah,18600.0,19654.83870967742,-1054.8387096774204,-5.37,0.0,18535.714285714286,17823.333333333332,80.17837257374507,2026,3,12,3,SURPLUS
2026-03-20,Kalimantan Tengah,Minyak Goreng Curah,18600.0,19656.451612903227,-1056.4516129032272,-5.37,0.0,18557.14285714286,17880.0,73.1925054711616,2026,3,12,4,SURPLUS
2026-03-23,Kalimantan Tengah,Minyak Goreng Curah,18600.0,19670.967741935485,-1070.9677419354848,-5.44,0.0,18578.571428571428,17936.666666666668,56.69467095141458,2026,3,13,0,SURPLUS
2026-03-24,Kalimantan Tengah,Minyak Goreng Curah,18600.0,19670.967741935485,-1070.9677419354848,-5.44,0.0,18600.0,17993.333333333332,6.107984337465642e-05,2026,3,13,1,SURPLUS
2026-03-25,Kalimantan Tengah,Minyak Goreng Curah,18600.0,19745.16129032258,-1145.1612903225796,-5.8,0.0,18600.0,18050.0,6.107984337465642e-05,2026,3,13,2,SURPLUS
2026-03-26,Kalimantan Tengah,Minyak Goreng Curah,18600.0,19758.064516129034,-1158.064516129034,-5.86,0.0,18600.0,18106.666666666668,6.107984337465642e-05,2026,3,13,3,SURPLUS
2026-03-27,Kalimantan Tengah,Minyak Goreng Curah,18600.0,19758.064516129034,-1158.064516129034,-5.86,0.0,18600.0,18163.333333333332,6.107984337465642e-05,2026,3,13,4,SURPLUS
2026-03-30,Kalimantan Tengah,Minyak Goreng Curah,18600.0,19843.548387096773,-1243.5483870967728,-6.27,0.0,18600.0,18220.0,6.107984337465642e-05,2026,3,14,0,SURPLUS
2026-03-31,Kalimantan Tengah,Minyak Goreng Curah,18600.0,19840.322580645163,-1240.3225806451628,-6.25,0.0,18600.0,18276.666666666668,6.107984337465642e-05,2026,3,14,1,SURPLUS
2026-04-01,Kalimantan Tengah,Minyak Goreng Curah,18600.0,19851.612903225807,-1251.6129032258068,-6.3,0.0,18600.0,18330.0,6.107984337465642e-05,2026,4,14,2,SURPLUS
2026-04-02,Kalimantan Tengah,Minyak Goreng Curah,18600.0,19870.967741935485,-1270.9677419354848,-6.4,0.0,18600.0,18383.333333333332,6.107984337465642e-05,2026,4,14,3,SURPLUS
2026-04-03,Kalimantan Tengah,Minyak Goreng Curah,18600.0,19933.870967741936,-1333.8709677419356,-6.69,0.0,18600.0,18436.666666666668,6.107984337465642e-05,2026,4,14,4,SURPLUS
2026-04-06,Kalimantan Tengah,Minyak Goreng Curah,17900.0,19908.064516129034,-2008.064516129034,-10.09,-700.0,18500.0,18466.666666666668,264.5751311064632,2026,4,15,0,SURPLUS
2026-04-07,Kalimantan Tengah,Minyak Goreng Curah,17900.0,19943.548387096773,-2043.5483870967728,-10.25,0.0,18400.0,18455.0,341.5650255319873,2026,4,15,1,SURPLUS
2026-04-08,Kalimantan Tengah,Minyak Goreng Curah,17750.0,19982.25806451613,-2232.258064516129,-11.17,-150.0,18278.571428571428,18438.333333333332,403.9978783536912,2026,4,15,2,SURPLUS
2026-04-09,Kalimantan Tengah,Minyak Goreng Curah,17750.0,20138.709677419356,-2388.709677419356,-11.86,0.0,18157.14285714286,18421.666666666668,418.7566630599905,2026,4,15,3,SURPLUS
2026-04-10,Kalimantan Tengah,Minyak Goreng Curah,17750.0,20106.451612903227,-2356.451612903227,-11.72,0.0,18035.714285714286,18405.0,391.27386584747876,2026,4,15,4,SURPLUS
2026-04-13,Kalimantan Tengah,Minyak Goreng Curah,17750.0,20133.870967741936,-2383.8709677419356,-11.84,0.0,17914.285714285714,18388.333333333332,310.5295017040426,2026,4,16,0,SURPLUS
2026-01-01,Kalimantan Timur,Minyak Goreng Curah,19250.0,18851.612903225807,398.3870967741932,2.11,,19250.0,19250.0,,2026,1,1,3,NORMAL
2026-01-02,Kalimantan Timur,Minyak Goreng Curah,19250.0,18843.548387096773,406.4516129032272,2.16,0.0,19250.0,19250.0,0.0,2026,1,1,4,NORMAL
2026-01-05,Kalimantan Timur,Minyak Goreng Curah,19250.0,18840.322580645163,409.6774193548372,2.17,0.0,19250.0,19250.0,0.0,2026,1,2,0,NORMAL
2026-01-06,Kalimantan Timur,Minyak Goreng Curah,19250.0,18832.25806451613,417.7419354838712,2.22,0.0,19250.0,19250.0,0.0,2026,1,2,1,NORMAL
2026-01-07,Kalimantan Timur,Minyak Goreng Curah,19250.0,18822.58064516129,427.4193548387084,2.27,0.0,19250.0,19250.0,0.0,2026,1,2,2,NORMAL
2026-01-08,Kalimantan Timur,Minyak Goreng Curah,19250.0,18822.58064516129,427.4193548387084,2.27,0.0,19250.0,19250.0,0.0,2026,1,2,3,NORMAL
2026-01-09,Kalimantan Timur,Minyak Goreng Curah,19250.0,18825.8064516129,424.1935483870984,2.25,0.0,19250.0,19250.0,0.0,2026,1,2,4,NORMAL
2026-01-12,Kalimantan Timur,Minyak Goreng Curah,19100.0,18803.225806451614,296.7741935483864,1.58,-150.0,19228.571428571428,19231.25,56.694670951383856,2026,1,3,0,NORMAL
2026-01-13,Kalimantan Timur,Minyak Goreng Curah,19350.0,18816.129032258064,533.8709677419356,2.84,250.0,19242.85714285714,19244.444444444445,73.19250547114001,2026,1,3,1,NORMAL
2026-01-14,Kalimantan Timur,Minyak Goreng Curah,19250.0,18811.290322580644,438.709677419356,2.33,-100.0,19242.85714285714,19245.0,73.19250547114001,2026,1,3,2,NORMAL
2026-01-15,Kalimantan Timur,Minyak Goreng Curah,19250.0,18812.90322580645,437.0967741935492,2.32,0.0,19242.85714285714,19245.454545454544,73.19250547114001,2026,1,3,3,NORMAL
2026-01-16,Kalimantan Timur,Minyak Goreng Curah,19250.0,18812.90322580645,437.0967741935492,2.32,0.0,19242.85714285714,19245.833333333332,73.19250547114001,2026,1,3,4,NORMAL
2026-01-19,Kalimantan Timur,Minyak Goreng Curah,19250.0,18809.677419354837,440.3225806451628,2.34,0.0,19242.85714285714,19246.153846153848,73.19250547114001,2026,1,4,0,NORMAL
2026-01-20,Kalimantan Timur,Minyak Goreng Curah,19250.0,18817.74193548387,432.2580645161288,2.3,0.0,19242.85714285714,19246.428571428572,73.19250547114001,2026,1,4,1,NORMAL
2026-01-21,Kalimantan Timur,Minyak Goreng Curah,19250.0,18812.90322580645,437.0967741935492,2.32,0.0,19264.285714285714,19246.666666666668,37.796447300923994,2026,1,4,2,NORMAL
2026-01-22,Kalimantan Timur,Minyak Goreng Curah,19250.0,18816.129032258064,433.8709677419356,2.31,0.0,19250.0,19246.875,0.0,2026,1,4,3,NORMAL
2026-01-23,Kalimantan Timur,Minyak Goreng Curah,19250.0,18817.74193548387,432.2580645161288,2.3,0.0,19250.0,19247.058823529413,0.0,2026,1,4,4,NORMAL
2026-01-26,Kalimantan Timur,Minyak Goreng Curah,19250.0,18827.41935483871,422.5806451612916,2.24,0.0,19250.0,19247.222222222223,0.0,2026,1,5,0,NORMAL
2026-01-27,Kalimantan Timur,Minyak Goreng Curah,19250.0,18830.645161290322,419.354838709678,2.23,0.0,19250.0,19247.36842105263,0.0,2026,1,5,1,NORMAL
2026-01-28,Kalimantan Timur,Minyak Goreng Curah,19250.0,18824.1935483871,425.8064516129016,2.26,0.0,19250.0,19247.5,0.0,2026,1,5,2,NORMAL
2026-01-29,Kalimantan Timur,Minyak Goreng Curah,19250.0,18825.8064516129,424.1935483870984,2.25,0.0,19250.0,19247.619047619046,0.0,2026,1,5,3,NORMAL
2026-01-30,Kalimantan Timur,Minyak Goreng Curah,19250.0,18864.516129032258,385.4838709677424,2.04,0.0,19250.0,19247.727272727272,0.0,2026,1,5,4,NORMAL
2026-02-02,Kalimantan Timur,Minyak Goreng Curah,19250.0,18872.58064516129,377.4193548387084,2.0,0.0,19250.0,19247.82608695652,0.0,2026,2,6,0,NORMAL
2026-02-03,Kalimantan Timur,Minyak Goreng Curah,19250.0,18891.935483870966,358.064516129034,1.9,0.0,19250.0,19247.916666666668,0.0,2026,2,6,1,NORMAL
2026-02-04,Kalimantan Timur,Minyak Goreng Curah,19250.0,18900.0,350.0,1.85,0.0,19250.0,19248.0,0.0,2026,2,6,2,NORMAL
2026-02-05,Kalimantan Timur,Minyak Goreng Curah,19250.0,18967.74193548387,282.2580645161288,1.49,0.0,19250.0,19248.076923076922,0.0,2026,2,6,3,NORMAL
2026-02-06,Kalimantan Timur,Minyak Goreng Curah,19250.0,18940.322580645163,309.6774193548372,1.64,0.0,19250.0,19248.14814814815,0.0,2026,2,6,4,NORMAL
2026-02-09,Kalimantan Timur,Minyak Goreng Curah,19250.0,18922.58064516129,327.4193548387084,1.73,0.0,19250.0,19248.214285714286,0.0,2026,2,7,0,NORMAL
2026-02-10,Kalimantan Timur,Minyak Goreng Curah,19250.0,18927.41935483871,322.5806451612916,1.7,0.0,19250.0,19248.275862068964,0.0,2026,2,7,1,NORMAL
2026-02-11,Kalimantan Timur,Minyak Goreng Curah,19250.0,18929.032258064515,320.9677419354848,1.7,0.0,19250.0,19248.333333333332,0.0,2026,2,7,2,NORMAL
2026-02-12,Kalimantan Timur,Minyak Goreng Curah,19250.0,18933.870967741936,316.1290322580644,1.67,0.0,19250.0,19248.333333333332,0.0,2026,2,7,3,NORMAL
2026-02-13,Kalimantan Timur,Minyak Goreng Curah,19250.0,18982.25806451613,267.7419354838712,1.41,0.0,19250.0,19248.333333333332,0.0,2026,2,7,4,NORMAL
2026-02-16,Kalimantan Timur,Minyak Goreng Curah,19250.0,18940.322580645163,309.6774193548372,1.64,0.0,19250.0,19248.333333333332,0.0,2026,2,8,0,NORMAL
2026-02-17,Kalimantan Timur,Minyak Goreng Curah,19250.0,18940.322580645163,309.6774193548372,1.64,0.0,19250.0,19248.333333333332,0.0,2026,2,8,1,NORMAL
2026-02-18,Kalimantan Timur,Minyak Goreng Curah,19250.0,18969.354838709678,280.645161290322,1.48,0.0,19250.0,19248.333333333332,0.0,2026,2,8,2,NORMAL
2026-02-19,Kalimantan Timur,Minyak Goreng Curah,19250.0,18969.354838709678,280.645161290322,1.48,0.0,19250.0,19248.333333333332,0.0,2026,2,8,3,NORMAL
2026-02-20,Kalimantan Timur,Minyak Goreng Curah,19250.0,18972.58064516129,277.4193548387084,1.46,0.0,19250.0,19248.333333333332,0.0,2026,2,8,4,NORMAL
2026-02-23,Kalimantan Timur,Minyak Goreng Curah,19250.0,18974.1935483871,275.8064516129016,1.45,0.0,19250.0,19253.333333333332,0.0,2026,2,9,0,NORMAL
2026-02-24,Kalimantan Timur,Minyak Goreng Curah,19250.0,19011.290322580644,238.709677419356,1.26,0.0,19250.0,19250.0,0.0,2026,2,9,1,NORMAL
2026-02-25,Kalimantan Timur,Minyak Goreng Curah,19250.0,19012.90322580645,237.0967741935492,1.25,0.0,19250.0,19250.0,0.0,2026,2,9,2,NORMAL
2026-02-26,Kalimantan Timur,Minyak Goreng Curah,19250.0,19014.516129032258,235.4838709677424,1.24,0.0,19250.0,19250.0,0.0,2026,2,9,3,NORMAL
2026-02-27,Kalimantan Timur,Minyak Goreng Curah,19250.0,19017.74193548387,232.2580645161288,1.22,0.0,19250.0,19250.0,0.0,2026,2,9,4,NORMAL
2026-03-02,Kalimantan Timur,Minyak Goreng Curah,19250.0,19012.90322580645,237.0967741935492,1.25,0.0,19250.0,19250.0,0.0,2026,3,10,0,NORMAL
2026-03-03,Kalimantan Timur,Minyak Goreng Curah,19250.0,19024.1935483871,225.80645161290158,1.19,0.0,19250.0,19250.0,0.0,2026,3,10,1,NORMAL
2026-03-04,Kalimantan Timur,Minyak Goreng Curah,19250.0,19041.935483870966,208.06451612903402,1.09,0.0,19250.0,19250.0,0.0,2026,3,10,2,NORMAL
2026-03-05,Kalimantan Timur,Minyak Goreng Curah,19250.0,19043.548387096773,206.45161290322721,1.08,0.0,19250.0,19250.0,0.0,2026,3,10,3,NORMAL
2026-03-06,Kalimantan Timur,Minyak Goreng Curah,19250.0,19020.967741935485,229.0322580645152,1.2,0.0,19250.0,19250.0,0.0,2026,3,10,4,NORMAL
2026-03-09,Kalimantan Timur,Minyak Goreng Curah,18600.0,19029.032258064515,-429.0322580645152,-2.25,-650.0,19157.14285714286,19228.333333333332,245.67690745599805,2026,3,11,0,NORMAL
2026-03-10,Kalimantan Timur,Minyak Goreng Curah,18600.0,19067.74193548387,-467.7419354838712,-2.45,0.0,19064.285714285714,19206.666666666668,317.1675237082737,2026,3,11,1,NORMAL
2026-03-11,Kalimantan Timur,Minyak Goreng Curah,18600.0,19146.774193548386,-546.7741935483864,-2.86,0.0,18971.428571428572,19185.0,347.4396144861516,2026,3,11,2,NORMAL
2026-03-12,Kalimantan Timur,Minyak Goreng Curah,18600.0,19251.612903225807,-651.6129032258068,-3.38,0.0,18878.571428571428,19163.333333333332,347.43961448615056,2026,3,11,3,NORMAL
2026-03-13,Kalimantan Timur,Minyak Goreng Curah,18600.0,19287.09677419355,-687.0967741935492,-3.56,0.0,18785.714285714286,19141.666666666668,317.16752370827015,2026,3,11,4,NORMAL
2026-03-16,Kalimantan Timur,Minyak Goreng Curah,19100.0,19469.354838709678,-369.354838709678,-1.9,500.0,18764.285714285714,19136.666666666668,283.89300466062184,2026,3,12,0,NORMAL
2026-03-17,Kalimantan Timur,Minyak Goreng Curah,19100.0,19659.677419354837,-559.6774193548372,-2.85,0.0,18742.85714285714,19131.666666666668,243.97501823712804,2026,3,12,1,NORMAL
2026-03-18,Kalimantan Timur,Minyak Goreng Curah,19100.0,19662.90322580645,-562.9032258064508,-2.86,0.0,18814.285714285714,19126.666666666668,267.2612419124222,2026,3,12,2,NORMAL
2026-03-19,Kalimantan Timur,Minyak Goreng Curah,19100.0,19654.83870967742,-554.8387096774204,-2.82,0.0,18885.714285714286,19121.666666666668,267.2612419124243,2026,3,12,3,NORMAL
2026-03-20,Kalimantan Timur,Minyak Goreng Curah,19100.0,19656.451612903227,-556.4516129032272,-2.83,0.0,18957.14285714286,19116.666666666668,243.97501823713552,2026,3,12,4,NORMAL
2026-03-23,Kalimantan Timur,Minyak Goreng Curah,19100.0,19670.967741935485,-570.9677419354848,-2.9,0.0,19028.571428571428,19111.666666666668,188.98223650461887,2026,3,13,0,NORMAL
2026-03-24,Kalimantan Timur,Minyak Goreng Curah,19100.0,19670.967741935485,-570.9677419354848,-2.9,0.0,19100.0,19106.666666666668,0.0,2026,3,13,1,NORMAL
2026-03-25,Kalimantan Timur,Minyak Goreng Curah,19200.0,19745.16129032258,-545.1612903225796,-2.76,100.0,19114.285714285714,19105.0,37.796447300922836,2026,3,13,2,NORMAL
2026-03-26,Kalimantan Timur,Minyak Goreng Curah,19200.0,19758.064516129034,-558.064516129034,-2.82,0.0,19128.571428571428,19103.333333333332,48.795003647427265,2026,3,13,3,NORMAL
2026-03-27,Kalimantan Timur,Minyak Goreng Curah,19200.0,19758.064516129034,-558.064516129034,-2.82,0.0,19142.85714285714,19101.666666666668,53.45224838248581,2026,3,13,4,NORMAL
2026-03-30,Kalimantan Timur,Minyak Goreng Curah,19200.0,19843.548387096773,-643.5483870967728,-3.24,0.0,19157.14285714286,19100.0,53.45224838248581,2026,3,14,0,NORMAL
2026-03-31,Kalimantan Timur,Minyak Goreng Curah,19250.0,19840.322580645163,-590.3225806451628,-2.98,50.0,19178.571428571428,19100.0,56.69467095138426,2026,3,14,1,NORMAL
2026-04-01,Kalimantan Timur,Minyak Goreng Curah,19250.0,19851.612903225807,-601.6129032258068,-3.03,0.0,19200.0,19100.0,49.99999999999841,2026,4,14,2,NORMAL
2026-04-02,Kalimantan Timur,Minyak Goreng Curah,19650.0,19870.967741935485,-220.9677419354848,-1.11,400.0,19278.571428571428,19113.333333333332,165.47190813232191,2026,4,14,3,NORMAL
2026-04-03,Kalimantan Timur,Minyak Goreng Curah,19650.0,19933.870967741936,-283.8709677419356,-1.42,0.0,19342.85714285714,19126.666666666668,211.00665753432529,2026,4,14,4,NORMAL
2026-04-06,Kalimantan Timur,Minyak Goreng Curah,19650.0,19908.064516129034,-258.064516129034,-1.3,0.0,19407.14285714286,19140.0,228.08728487973045,2026,4,15,0,NORMAL
2026-04-07,Kalimantan Timur,Minyak Goreng Curah,19650.0,19943.548387096773,-293.5483870967728,-1.47,0.0,19471.428571428572,19153.333333333332,223.34044054077955,2026,4,15,1,NORMAL
2026-04-08,Kalimantan Timur,Minyak Goreng Curah,19750.0,19982.25806451613,-232.2580645161288,-1.16,100.0,19550.0,19170.0,208.1665999466045,2026,4,15,2,NORMAL
2026-04-09,Kalimantan Timur,Minyak Goreng Curah,20950.0,20138.709677419356,811.290322580644,4.03,1200.0,19792.85714285714,19226.666666666668,534.9677337844507,2026,4,15,3,NORMAL
2026-04-10,Kalimantan Timur,Minyak Goreng Curah,20000.0,20106.451612903227,-106.45161290322721,-0.53,-950.0,19900.0,19251.666666666668,480.4511768466465,2026,4,15,4,NORMAL
2026-04-13,Kalimantan Timur,Minyak Goreng Curah,20000.0,20133.870967741936,-133.8709677419356,-0.66,0.0,19950.0,19276.666666666668,468.15239683959805,2026,4,16,0,NORMAL
2026-01-01,Kalimantan Utara,Minyak Goreng Curah,19250.0,18851.612903225807,398.3870967741932,2.11,,19250.0,19250.0,,2026,1,1,3,NORMAL
2026-01-02,Kalimantan Utara,Minyak Goreng Curah,19250.0,18843.548387096773,406.4516129032272,2.16,0.0,19250.0,19250.0,0.0,2026,1,1,4,NORMAL
2026-01-05,Kalimantan Utara,Minyak Goreng Curah,19500.0,18840.322580645163,659.6774193548372,3.5,250.0,19333.333333333332,19333.333333333332,144.33756729740696,2026,1,2,0,NORMAL
2026-01-06,Kalimantan Utara,Minyak Goreng Curah,19500.0,18832.25806451613,667.7419354838712,3.55,0.0,19375.0,19375.0,144.33756729740696,2026,1,2,1,NORMAL
2026-01-07,Kalimantan Utara,Minyak Goreng Curah,19250.0,18822.58064516129,427.4193548387084,2.27,-250.0,19350.0,19350.0,136.93063937629194,2026,1,2,2,NORMAL
2026-01-08,Kalimantan Utara,Minyak Goreng Curah,19250.0,18822.58064516129,427.4193548387084,2.27,0.0,19333.333333333332,19333.333333333332,129.0994448735808,2026,1,2,3,NORMAL
2026-01-09,Kalimantan Utara,Minyak Goreng Curah,19250.0,18825.8064516129,424.1935483870984,2.25,0.0,19321.428571428572,19321.428571428572,121.98750911856668,2026,1,2,4,NORMAL
2026-01-12,Kalimantan Utara,Minyak Goreng Curah,19250.0,18803.225806451614,446.7741935483864,2.38,0.0,19321.428571428572,19312.5,121.98750911856668,2026,1,3,0,NORMAL
2026-01-13,Kalimantan Utara,Minyak Goreng Curah,19250.0,18816.129032258064,433.8709677419356,2.31,0.0,19321.428571428572,19305.555555555555,121.98750911856668,2026,1,3,1,NORMAL
2026-01-14,Kalimantan Utara,Minyak Goreng Curah,19250.0,18811.290322580644,438.709677419356,2.33,0.0,19285.714285714286,19300.0,94.49111825230578,2026,1,3,2,NORMAL
2026-01-15,Kalimantan Utara,Minyak Goreng Curah,19250.0,18812.90322580645,437.0967741935492,2.32,0.0,19250.0,19295.454545454544,0.0,2026,1,3,3,NORMAL
2026-01-16,Kalimantan Utara,Minyak Goreng Curah,19250.0,18812.90322580645,437.0967741935492,2.32,0.0,19250.0,19291.666666666668,0.0,2026,1,3,4,NORMAL
2026-01-19,Kalimantan Utara,Minyak Goreng Curah,19250.0,18809.677419354837,440.3225806451628,2.34,0.0,19250.0,19288.46153846154,0.0,2026,1,4,0,NORMAL
2026-01-20,Kalimantan Utara,Minyak Goreng Curah,19500.0,18817.74193548387,682.2580645161288,3.63,250.0,19285.714285714286,19303.571428571428,94.49111825230669,2026,1,4,1,NORMAL
2026-01-21,Kalimantan Utara,Minyak Goreng Curah,19500.0,18812.90322580645,687.0967741935492,3.65,0.0,19321.428571428572,19316.666666666668,121.98750911856621,2026,1,4,2,NORMAL
2026-01-22,Kalimantan Utara,Minyak Goreng Curah,19500.0,18816.129032258064,683.8709677419356,3.63,0.0,19357.14285714286,19328.125,133.63062095621126,2026,1,4,3,NORMAL
2026-01-23,Kalimantan Utara,Minyak Goreng Curah,19500.0,18817.74193548387,682.2580645161288,3.63,0.0,19392.85714285714,19338.235294117647,133.63062095621126,2026,1,4,4,NORMAL
2026-01-26,Kalimantan Utara,Minyak Goreng Curah,19500.0,18827.41935483871,672.5806451612916,3.57,0.0,19428.571428571428,19347.222222222223,121.98750911856621,2026,1,5,0,NORMAL
2026-01-27,Kalimantan Utara,Minyak Goreng Curah,19500.0,18830.645161290322,669.354838709678,3.55,0.0,19464.285714285714,19355.263157894737,94.49111825230669,2026,1,5,1,NORMAL
2026-01-28,Kalimantan Utara,Minyak Goreng Curah,19500.0,18824.1935483871,675.8064516129016,3.59,0.0,19500.0,19362.5,0.0,2026,1,5,2,NORMAL
2026-01-29,Kalimantan Utara,Minyak Goreng Curah,19000.0,18825.8064516129,174.19354838709842,0.93,-500.0,19428.571428571428,19345.238095238095,188.98223650461338,2026,1,5,3,NORMAL
2026-01-30,Kalimantan Utara,Minyak Goreng Curah,19000.0,18864.516129032258,135.4838709677424,0.72,0.0,19357.14285714286,19329.545454545456,243.97501823713242,2026,1,5,4,NORMAL
2026-02-02,Kalimantan Utara,Minyak Goreng Curah,19000.0,18872.58064516129,127.41935483870839,0.68,0.0,19285.714285714286,19315.217391304348,267.2612419124234,2026,2,6,0,NORMAL
2026-02-03,Kalimantan Utara,Minyak Goreng Curah,19000.0,18891.935483870966,108.06451612903402,0.57,0.0,19214.285714285714,19302.083333333332,267.2612419124234,2026,2,6,1,NORMAL
2026-02-04,Kalimantan Utara,Minyak Goreng Curah,19000.0,18900.0,100.0,0.53,0.0,19142.85714285714,19290.0,243.9750182371317,2026,2,6,2,NORMAL
2026-02-05,Kalimantan Utara,Minyak Goreng Curah,19500.0,18967.74193548387,532.2580645161288,2.81,500.0,19142.85714285714,19298.076923076922,243.9750182371317,2026,2,6,3,NORMAL
2026-02-06,Kalimantan Utara,Minyak Goreng Curah,19500.0,18940.322580645163,559.6774193548372,2.95,0.0,19142.85714285714,19305.555555555555,243.9750182371317,2026,2,6,4,NORMAL
2026-02-09,Kalimantan Utara,Minyak Goreng Curah,18950.0,18922.58064516129,27.419354838708387,0.14,-550.0,19135.714285714286,19292.85714285714,249.52335514316871,2026,2,7,0,NORMAL
2026-02-10,Kalimantan Utara,Minyak Goreng Curah,18950.0,18927.41935483871,22.580645161291613,0.12,0.0,19128.571428571428,19281.03448275862,254.71739709126936,2026,2,7,1,NORMAL
2026-02-11,Kalimantan Utara,Minyak Goreng Curah,18950.0,18929.032258064515,20.96774193548481,0.11,0.0,19121.428571428572,19270.0,259.57841277916634,2026,2,7,2,NORMAL
2026-02-12,Kalimantan Utara,Minyak Goreng Curah,18950.0,18933.870967741936,16.1290322580644,0.09,0.0,19114.285714285714,19260.0,264.12479013130064,2026,2,7,3,NORMAL
2026-02-13,Kalimantan Utara,Minyak Goreng Curah,18950.0,18982.25806451613,-32.2580645161288,-0.17,0.0,19107.14285714286,19250.0,268.3725200608443,2026,2,7,4,NORMAL
2026-02-16,Kalimantan Utara,Minyak Goreng Curah,18950.0,18940.322580645163,9.677419354837184,0.05,0.0,19028.571428571428,19231.666666666668,207.88046015506958,2026,2,8,0,NORMAL
2026-02-17,Kalimantan Utara,Minyak Goreng Curah,18950.0,18940.322580645163,9.677419354837184,0.05,0.0,18950.0,19213.333333333332,0.0,2026,2,8,1,NORMAL
2026-02-18,Kalimantan Utara,Minyak Goreng Curah,18950.0,18969.354838709678,-19.354838709678006,-0.1,0.0,18950.0,19203.333333333332,0.0,2026,2,8,2,NORMAL
2026-02-19,Kalimantan Utara,Minyak Goreng Curah,18950.0,18969.354838709678,-19.354838709678006,-0.1,0.0,18950.0,19193.333333333332,0.0,2026,2,8,3,NORMAL
2026-02-20,Kalimantan Utara,Minyak Goreng Curah,18950.0,18972.58064516129,-22.580645161291613,-0.12,0.0,18950.0,19183.333333333332,0.0,2026,2,8,4,NORMAL
2026-02-23,Kalimantan Utara,Minyak Goreng Curah,18950.0,18974.1935483871,-24.193548387098417,-0.13,0.0,18950.0,19173.333333333332,0.0,2026,2,9,0,NORMAL
2026-02-24,Kalimantan Utara,Minyak Goreng Curah,18950.0,19011.290322580644,-61.29032258064399,-0.32,0.0,18950.0,19163.333333333332,0.0,2026,2,9,1,NORMAL
2026-02-25,Kalimantan Utara,Minyak Goreng Curah,18950.0,19012.90322580645,-62.90322580645079,-0.33,0.0,18950.0,19153.333333333332,0.0,2026,2,9,2,NORMAL
2026-02-26,Kalimantan Utara,Minyak Goreng Curah,18950.0,19014.516129032258,-64.5161290322576,-0.34,0.0,18950.0,19143.333333333332,0.0,2026,2,9,3,NORMAL
2026-02-27,Kalimantan Utara,Minyak Goreng Curah,18950.0,19017.74193548387,-67.7419354838712,-0.36,0.0,18950.0,19133.333333333332,0.0,2026,2,9,4,NORMAL
2026-03-02,Kalimantan Utara,Minyak Goreng Curah,18450.0,19012.90322580645,-562.9032258064508,-2.96,-500.0,18878.571428571428,19106.666666666668,188.98223650461338,2026,3,10,0,NORMAL
2026-03-03,Kalimantan Utara,Minyak Goreng Curah,18450.0,19024.1935483871,-574.1935483870984,-3.02,0.0,18807.14285714286,19071.666666666668,243.97501823713242,2026,3,10,1,NORMAL
2026-03-04,Kalimantan Utara,Minyak Goreng Curah,18450.0,19041.935483870966,-591.935483870966,-3.11,0.0,18735.714285714286,19036.666666666668,267.2612419124234,2026,3,10,2,NORMAL
2026-03-05,Kalimantan Utara,Minyak Goreng Curah,18450.0,19043.548387096773,-593.5483870967728,-3.12,0.0,18664.285714285714,19001.666666666668,267.2612419124234,2026,3,10,3,NORMAL
2026-03-06,Kalimantan Utara,Minyak Goreng Curah,18450.0,19020.967741935485,-570.9677419354848,-3.0,0.0,18592.85714285714,18966.666666666668,243.9750182371317,2026,3,10,4,NORMAL
2026-03-09,Kalimantan Utara,Minyak Goreng Curah,18450.0,19029.032258064515,-579.0322580645152,-3.04,0.0,18521.428571428572,18931.666666666668,188.98223650461097,2026,3,11,0,NORMAL
2026-03-10,Kalimantan Utara,Minyak Goreng Curah,18450.0,19067.74193548387,-617.7419354838712,-3.24,0.0,18450.0,18896.666666666668,0.0,2026,3,11,1,NORMAL
2026-03-11,Kalimantan Utara,Minyak Goreng Curah,18450.0,19146.774193548386,-696.7741935483864,-3.64,0.0,18450.0,18861.666666666668,0.0,2026,3,11,2,NORMAL
2026-03-12,Kalimantan Utara,Minyak Goreng Curah,18450.0,19251.612903225807,-801.6129032258068,-4.16,0.0,18450.0,18843.333333333332,0.0,2026,3,11,3,NORMAL
2026-03-13,Kalimantan Utara,Minyak Goreng Curah,18450.0,19287.09677419355,-837.0967741935492,-4.34,0.0,18450.0,18825.0,0.0,2026,3,11,4,NORMAL
2026-03-16,Kalimantan Utara,Minyak Goreng Curah,18450.0,19469.354838709678,-1019.354838709678,-5.24,0.0,18450.0,18806.666666666668,0.0,2026,3,12,0,SURPLUS
2026-03-17,Kalimantan Utara,Minyak Goreng Curah,18450.0,19659.677419354837,-1209.6774193548372,-6.15,0.0,18450.0,18788.333333333332,0.0,2026,3,12,1,SURPLUS
2026-03-18,Kalimantan Utara,Minyak Goreng Curah,18450.0,19662.90322580645,-1212.9032258064508,-6.17,0.0,18450.0,18770.0,0.0,2026,3,12,2,SURPLUS
2026-03-19,Kalimantan Utara,Minyak Goreng Curah,18450.0,19654.83870967742,-1204.8387096774204,-6.13,0.0,18450.0,18735.0,0.0,2026,3,12,3,SURPLUS
2026-03-20,Kalimantan Utara,Minyak Goreng Curah,18450.0,19656.451612903227,-1206.4516129032272,-6.14,0.0,18450.0,18700.0,0.0,2026,3,12,4,SURPLUS
2026-03-23,Kalimantan Utara,Minyak Goreng Curah,18450.0,19670.967741935485,-1220.9677419354848,-6.21,0.0,18450.0,18683.333333333332,0.0,2026,3,13,0,SURPLUS
2026-03-24,Kalimantan Utara,Minyak Goreng Curah,18450.0,19670.967741935485,-1220.9677419354848,-6.21,0.0,18450.0,18666.666666666668,0.0,2026,3,13,1,SURPLUS
2026-03-25,Kalimantan Utara,Minyak Goreng Curah,18450.0,19745.16129032258,-1295.1612903225796,-6.56,0.0,18450.0,18650.0,0.0,2026,3,13,2,SURPLUS
2026-03-26,Kalimantan Utara,Minyak Goreng Curah,18450.0,19758.064516129034,-1308.064516129034,-6.62,0.0,18450.0,18633.333333333332,0.0,2026,3,13,3,SURPLUS
2026-03-27,Kalimantan Utara,Minyak Goreng Curah,18450.0,19758.064516129034,-1308.064516129034,-6.62,0.0,18450.0,18616.666666666668,0.0,2026,3,13,4,SURPLUS
2026-03-30,Kalimantan Utara,Minyak Goreng Curah,18450.0,19843.548387096773,-1393.5483870967728,-7.02,0.0,18450.0,18600.0,0.0,2026,3,14,0,SURPLUS
2026-03-31,Kalimantan Utara,Minyak Goreng Curah,18450.0,19840.322580645163,-1390.3225806451628,-7.01,0.0,18450.0,18583.333333333332,0.0,2026,3,14,1,SURPLUS
2026-04-01,Kalimantan Utara,Minyak Goreng Curah,18450.0,19851.612903225807,-1401.6129032258068,-7.06,0.0,18450.0,18566.666666666668,0.0,2026,4,14,2,SURPLUS
2026-04-02,Kalimantan Utara,Minyak Goreng Curah,18450.0,19870.967741935485,-1420.9677419354848,-7.15,0.0,18450.0,18550.0,0.0,2026,4,14,3,SURPLUS
2026-04-03,Kalimantan Utara,Minyak Goreng Curah,18450.0,19933.870967741936,-1483.8709677419356,-7.44,0.0,18450.0,18533.333333333332,0.0,2026,4,14,4,SURPLUS
2026-04-06,Kalimantan Utara,Minyak Goreng Curah,18450.0,19908.064516129034,-1458.064516129034,-7.32,0.0,18450.0,18516.666666666668,0.0,2026,4,15,0,SURPLUS
2026-04-07,Kalimantan Utara,Minyak Goreng Curah,18450.0,19943.548387096773,-1493.5483870967728,-7.49,0.0,18450.0,18500.0,0.0,2026,4,15,1,SURPLUS
2026-04-08,Kalimantan Utara,Minyak Goreng Curah,18450.0,19982.25806451613,-1532.2580645161288,-7.67,0.0,18450.0,18483.333333333332,0.0,2026,4,15,2,SURPLUS
2026-04-09,Kalimantan Utara,Minyak Goreng Curah,18450.0,20138.709677419356,-1688.709677419356,-8.39,0.0,18450.0,18466.666666666668,0.0,2026,4,15,3,SURPLUS
2026-04-10,Kalimantan Utara,Minyak Goreng Curah,18450.0,20106.451612903227,-1656.4516129032272,-8.24,0.0,18450.0,18450.0,0.0,2026,4,15,4,SURPLUS
2026-04-13,Kalimantan Utara,Minyak Goreng Curah,18700.0,20133.870967741936,-1433.8709677419356,-7.12,250.0,18485.714285714286,18458.333333333332,94.49111825230669,2026,4,16,0,SURPLUS
2026-01-01,Kepulauan Riau,Minyak Goreng Curah,19050.0,18851.612903225807,198.3870967741932,1.05,,19050.0,19050.0,,2026,1,1,3,NORMAL
2026-01-02,Kepulauan Riau,Minyak Goreng Curah,18650.0,18843.548387096773,-193.54838709677279,-1.03,-400.0,18850.0,18850.0,282.842712474619,2026,1,1,4,NORMAL
2026-01-05,Kepulauan Riau,Minyak Goreng Curah,18650.0,18840.322580645163,-190.32258064516282,-1.01,0.0,18783.333333333332,18783.333333333332,230.94010767585004,2026,1,2,0,NORMAL
2026-01-06,Kepulauan Riau,Minyak Goreng Curah,18650.0,18832.25806451613,-182.2580645161288,-0.97,0.0,18750.0,18750.0,199.9999999999997,2026,1,2,1,NORMAL
2026-01-07,Kepulauan Riau,Minyak Goreng Curah,18650.0,18822.58064516129,-172.5806451612916,-0.92,0.0,18730.0,18730.0,178.88543819998293,2026,1,2,2,NORMAL
2026-01-08,Kepulauan Riau,Minyak Goreng Curah,18650.0,18822.58064516129,-172.5806451612916,-0.92,0.0,18716.666666666668,18716.666666666668,163.29931618554505,2026,1,2,3,NORMAL
2026-01-09,Kepulauan Riau,Minyak Goreng Curah,18650.0,18825.8064516129,-175.80645161290158,-0.93,0.0,18707.14285714286,18707.14285714286,151.18578920369086,2026,1,2,4,NORMAL
2026-01-12,Kepulauan Riau,Minyak Goreng Curah,18650.0,18803.225806451614,-153.2258064516136,-0.81,0.0,18650.0,18700.0,0.0,2026,1,3,0,NORMAL
2026-01-13,Kepulauan Riau,Minyak Goreng Curah,18650.0,18816.129032258064,-166.1290322580644,-0.88,0.0,18650.0,18694.444444444445,0.0,2026,1,3,1,NORMAL
2026-01-14,Kepulauan Riau,Minyak Goreng Curah,18650.0,18811.290322580644,-161.290322580644,-0.86,0.0,18650.0,18690.0,0.0,2026,1,3,2,NORMAL
2026-01-15,Kepulauan Riau,Minyak Goreng Curah,18650.0,18812.90322580645,-162.9032258064508,-0.87,0.0,18650.0,18686.363636363636,0.0,2026,1,3,3,NORMAL
2026-01-16,Kepulauan Riau,Minyak Goreng Curah,18650.0,18812.90322580645,-162.9032258064508,-0.87,0.0,18650.0,18683.333333333332,0.0,2026,1,3,4,NORMAL
2026-01-19,Kepulauan Riau,Minyak Goreng Curah,18650.0,18809.677419354837,-159.67741935483718,-0.85,0.0,18650.0,18680.76923076923,0.0,2026,1,4,0,NORMAL
2026-01-20,Kepulauan Riau,Minyak Goreng Curah,18650.0,18817.74193548387,-167.7419354838712,-0.89,0.0,18650.0,18678.571428571428,0.0,2026,1,4,1,NORMAL
2026-01-21,Kepulauan Riau,Minyak Goreng Curah,18650.0,18812.90322580645,-162.9032258064508,-0.87,0.0,18650.0,18676.666666666668,0.0,2026,1,4,2,NORMAL
2026-01-22,Kepulauan Riau,Minyak Goreng Curah,18650.0,18816.129032258064,-166.1290322580644,-0.88,0.0,18650.0,18675.0,0.0,2026,1,4,3,NORMAL
2026-01-23,Kepulauan Riau,Minyak Goreng Curah,18650.0,18817.74193548387,-167.7419354838712,-0.89,0.0,18650.0,18673.529411764706,0.0,2026,1,4,4,NORMAL
2026-01-26,Kepulauan Riau,Minyak Goreng Curah,18650.0,18827.41935483871,-177.4193548387084,-0.94,0.0,18650.0,18672.222222222223,0.0,2026,1,5,0,NORMAL
2026-01-27,Kepulauan Riau,Minyak Goreng Curah,18650.0,18830.645161290322,-180.645161290322,-0.96,0.0,18650.0,18671.052631578947,0.0,2026,1,5,1,NORMAL
2026-01-28,Kepulauan Riau,Minyak Goreng Curah,18550.0,18824.1935483871,-274.1935483870984,-1.46,-100.0,18635.714285714286,18665.0,37.796447300922836,2026,1,5,2,NORMAL
2026-01-29,Kepulauan Riau,Minyak Goreng Curah,18550.0,18825.8064516129,-275.8064516129016,-1.47,0.0,18621.428571428572,18659.52380952381,48.795003647427265,2026,1,5,3,NORMAL
2026-01-30,Kepulauan Riau,Minyak Goreng Curah,19050.0,18864.516129032258,185.4838709677424,0.98,500.0,18678.571428571428,18677.272727272728,170.43362064926876,2026,1,5,4,NORMAL
2026-02-02,Kepulauan Riau,Minyak Goreng Curah,18550.0,18872.58064516129,-322.5806451612916,-1.71,-500.0,18664.285714285714,18671.739130434784,177.28105208558335,2026,2,6,0,NORMAL
2026-02-03,Kepulauan Riau,Minyak Goreng Curah,18550.0,18891.935483870966,-341.935483870966,-1.81,0.0,18650.0,18666.666666666668,182.57418583505546,2026,2,6,1,NORMAL
2026-02-04,Kepulauan Riau,Minyak Goreng Curah,18550.0,18900.0,-350.0,-1.85,0.0,18635.714285714286,18662.0,186.4454471471613,2026,2,6,2,NORMAL
2026-02-05,Kepulauan Riau,Minyak Goreng Curah,18550.0,18967.74193548387,-417.7419354838712,-2.2,0.0,18621.428571428572,18657.69230769231,188.98223650461443,2026,2,6,3,NORMAL
2026-02-06,Kepulauan Riau,Minyak Goreng Curah,18550.0,18940.322580645163,-390.3225806451628,-2.06,0.0,18621.428571428572,18653.703703703704,188.98223650461443,2026,2,6,4,NORMAL
2026-02-09,Kepulauan Riau,Minyak Goreng Curah,18550.0,18922.58064516129,-372.5806451612916,-1.97,0.0,18621.428571428572,18650.0,188.98223650461443,2026,2,7,0,NORMAL
2026-02-10,Kepulauan Riau,Minyak Goreng Curah,18550.0,18927.41935483871,-377.4193548387084,-1.99,0.0,18550.0,18646.55172413793,0.0,2026,2,7,1,NORMAL
2026-02-11,Kepulauan Riau,Minyak Goreng Curah,18550.0,18929.032258064515,-379.0322580645152,-2.0,0.0,18550.0,18643.333333333332,0.0,2026,2,7,2,NORMAL
2026-02-12,Kepulauan Riau,Minyak Goreng Curah,18550.0,18933.870967741936,-383.8709677419356,-2.03,0.0,18550.0,18626.666666666668,0.0,2026,2,7,3,NORMAL
2026-02-13,Kepulauan Riau,Minyak Goreng Curah,19050.0,18982.25806451613,67.7419354838712,0.36,500.0,18621.428571428572,18640.0,188.98223650461338,2026,2,7,4,NORMAL
2026-02-16,Kepulauan Riau,Minyak Goreng Curah,18550.0,18940.322580645163,-390.3225806451628,-2.06,-500.0,18621.428571428572,18636.666666666668,188.98223650461338,2026,2,8,0,NORMAL
2026-02-17,Kepulauan Riau,Minyak Goreng Curah,18550.0,18940.322580645163,-390.3225806451628,-2.06,0.0,18621.428571428572,18633.333333333332,188.98223650461338,2026,2,8,1,NORMAL
2026-02-18,Kepulauan Riau,Minyak Goreng Curah,18550.0,18969.354838709678,-419.354838709678,-2.21,0.0,18621.428571428572,18630.0,188.98223650461338,2026,2,8,2,NORMAL
2026-02-19,Kepulauan Riau,Minyak Goreng Curah,18500.0,18969.354838709678,-469.354838709678,-2.47,-50.0,18614.285714285714,18625.0,193.0334291305647,2026,2,8,3,NORMAL
2026-02-20,Kepulauan Riau,Minyak Goreng Curah,18500.0,18972.58064516129,-472.5806451612916,-2.49,0.0,18607.14285714286,18620.0,196.6989481173608,2026,2,8,4,NORMAL
2026-02-23,Kepulauan Riau,Minyak Goreng Curah,18350.0,18974.1935483871,-624.1935483870984,-3.29,-150.0,18578.571428571428,18610.0,219.57751641342028,2026,2,9,0,NORMAL
2026-02-24,Kepulauan Riau,Minyak Goreng Curah,18350.0,19011.290322580644,-661.290322580644,-3.48,0.0,18478.571428571428,18600.0,90.63269671750098,2026,2,9,1,NORMAL
2026-02-25,Kepulauan Riau,Minyak Goreng Curah,18350.0,19012.90322580645,-662.9032258064508,-3.49,0.0,18450.0,18590.0,95.74271077563927,2026,2,9,2,NORMAL
2026-02-26,Kepulauan Riau,Minyak Goreng Curah,18350.0,19014.516129032258,-664.5161290322576,-3.49,0.0,18421.428571428572,18580.0,90.63269671750318,2026,2,9,3,NORMAL
2026-02-27,Kepulauan Riau,Minyak Goreng Curah,18350.0,19017.74193548387,-667.7419354838712,-3.51,0.0,18392.85714285714,18570.0,73.19250547114827,2026,2,9,4,NORMAL
2026-03-02,Kepulauan Riau,Minyak Goreng Curah,18350.0,19012.90322580645,-662.9032258064508,-3.49,0.0,18371.428571428572,18560.0,56.69467095139452,2026,3,10,0,NORMAL
2026-03-03,Kepulauan Riau,Minyak Goreng Curah,18350.0,19024.1935483871,-674.1935483870984,-3.54,0.0,18350.0,18550.0,3.477970605623335e-05,2026,3,10,1,NORMAL
2026-03-04,Kepulauan Riau,Minyak Goreng Curah,18350.0,19041.935483870966,-691.935483870966,-3.63,0.0,18350.0,18540.0,3.477970605623335e-05,2026,3,10,2,NORMAL
2026-03-05,Kepulauan Riau,Minyak Goreng Curah,18350.0,19043.548387096773,-693.5483870967728,-3.64,0.0,18350.0,18530.0,3.477970605623335e-05,2026,3,10,3,NORMAL
2026-03-06,Kepulauan Riau,Minyak Goreng Curah,18350.0,19020.967741935485,-670.9677419354848,-3.53,0.0,18350.0,18520.0,3.477970605623335e-05,2026,3,10,4,NORMAL
2026-03-09,Kepulauan Riau,Minyak Goreng Curah,18350.0,19029.032258064515,-679.0322580645152,-3.57,0.0,18350.0,18510.0,3.477970605623335e-05,2026,3,11,0,NORMAL
2026-03-10,Kepulauan Riau,Minyak Goreng Curah,18350.0,19067.74193548387,-717.7419354838712,-3.76,0.0,18350.0,18500.0,3.477970605623335e-05,2026,3,11,1,NORMAL
2026-03-11,Kepulauan Riau,Minyak Goreng Curah,18250.0,19146.774193548386,-896.7741935483864,-4.68,-100.0,18335.714285714286,18490.0,37.79644730093884,2026,3,11,2,NORMAL
2026-03-12,Kepulauan Riau,Minyak Goreng Curah,18250.0,19251.612903225807,-1001.6129032258068,-5.2,0.0,18321.428571428572,18480.0,48.795003647439664,2026,3,11,3,SURPLUS
2026-03-13,Kepulauan Riau,Minyak Goreng Curah,18250.0,19287.09677419355,-1037.0967741935492,-5.38,0.0,18307.14285714286,18453.333333333332,53.452248382497125,2026,3,11,4,SURPLUS
2026-03-16,Kepulauan Riau,Minyak Goreng Curah,18250.0,19469.354838709678,-1219.354838709678,-6.26,0.0,18292.85714285714,18443.333333333332,53.452248382497125,2026,3,12,0,SURPLUS
2026-03-17,Kepulauan Riau,Minyak Goreng Curah,18250.0,19659.677419354837,-1409.6774193548372,-7.17,0.0,18278.571428571428,18433.333333333332,48.795003647439664,2026,3,12,1,SURPLUS
2026-03-18,Kepulauan Riau,Minyak Goreng Curah,18050.0,19662.90322580645,-1612.9032258064508,-8.2,-200.0,18235.714285714286,18416.666666666668,89.9735410842495,2026,3,12,2,SURPLUS
2026-03-19,Kepulauan Riau,Minyak Goreng Curah,18050.0,19654.83870967742,-1604.8387096774204,-8.17,0.0,18192.85714285714,18400.0,97.59000729485751,2026,3,12,3,SURPLUS
2026-03-20,Kepulauan Riau,Minyak Goreng Curah,18050.0,19656.451612903227,-1606.4516129032272,-8.17,0.0,18164.285714285714,18383.333333333332,106.90449676497329,2026,3,12,4,SURPLUS
2026-03-23,Kepulauan Riau,Minyak Goreng Curah,18050.0,19670.967741935485,-1620.9677419354848,-8.24,0.0,18135.714285714286,18366.666666666668,106.90449676497329,2026,3,13,0,SURPLUS
2026-03-24,Kepulauan Riau,Minyak Goreng Curah,18050.0,19670.967741935485,-1620.9677419354848,-8.24,0.0,18107.14285714286,18350.0,97.59000729485751,2026,3,13,1,SURPLUS
2026-03-25,Kepulauan Riau,Minyak Goreng Curah,18250.0,19745.16129032258,-1495.1612903225796,-7.57,200.0,18107.14285714286,18340.0,97.59000729485751,2026,3,13,2,SURPLUS
2026-03-26,Kepulauan Riau,Minyak Goreng Curah,18250.0,19758.064516129034,-1508.064516129034,-7.63,0.0,18107.14285714286,18330.0,97.59000729485751,2026,3,13,3,SURPLUS
2026-03-27,Kepulauan Riau,Minyak Goreng Curah,18250.0,19758.064516129034,-1508.064516129034,-7.63,0.0,18135.714285714286,18303.333333333332,106.90449676497329,2026,3,13,4,SURPLUS
2026-03-30,Kepulauan Riau,Minyak Goreng Curah,18250.0,19843.548387096773,-1593.5483870967728,-8.03,0.0,18164.285714285714,18293.333333333332,106.90449676497329,2026,3,14,0,SURPLUS
2026-03-31,Kepulauan Riau,Minyak Goreng Curah,18250.0,19840.322580645163,-1590.3225806451628,-8.02,0.0,18192.85714285714,18283.333333333332,97.59000729485751,2026,3,14,1,SURPLUS
2026-04-01,Kepulauan Riau,Minyak Goreng Curah,18250.0,19851.612903225807,-1601.6129032258068,-8.07,0.0,18221.428571428572,18273.333333333332,75.59289460185171,2026,4,14,2,SURPLUS
2026-04-02,Kepulauan Riau,Minyak Goreng Curah,18250.0,19870.967741935485,-1620.9677419354848,-8.16,0.0,18250.0,18265.0,0.0,2026,4,14,3,SURPLUS
2026-04-03,Kepulauan Riau,Minyak Goreng Curah,20350.0,19933.870967741936,416.1290322580644,2.09,2100.0,18550.0,18326.666666666668,793.7253933193772,2026,4,14,4,NORMAL
2026-04-06,Kepulauan Riau,Minyak Goreng Curah,18250.0,19908.064516129034,-1658.064516129034,-8.33,-2100.0,18550.0,18323.333333333332,793.7253933193772,2026,4,15,0,SURPLUS
2026-04-07,Kepulauan Riau,Minyak Goreng Curah,18250.0,19943.548387096773,-1693.5483870967728,-8.49,0.0,18550.0,18320.0,793.7253933193772,2026,4,15,1,SURPLUS
2026-04-08,Kepulauan Riau,Minyak Goreng Curah,18250.0,19982.25806451613,-1732.2580645161288,-8.67,0.0,18550.0,18316.666666666668,793.7253933193772,2026,4,15,2,SURPLUS
2026-04-09,Kepulauan Riau,Minyak Goreng Curah,18250.0,20138.709677419356,-1888.709677419356,-9.38,0.0,18550.0,18313.333333333332,793.7253933193772,2026,4,15,3,SURPLUS
2026-04-10,Kepulauan Riau,Minyak Goreng Curah,18250.0,20106.451612903227,-1856.4516129032272,-9.23,0.0,18550.0,18310.0,793.7253933193772,2026,4,15,4,SURPLUS
2026-04-13,Kepulauan Riau,Minyak Goreng Curah,18250.0,20133.870967741936,-1883.8709677419356,-9.36,0.0,18550.0,18306.666666666668,793.7253933193772,2026,4,16,0,SURPLUS
2026-01-01,Lampung,Minyak Goreng Curah,18750.0,18851.612903225807,-101.6129032258068,-0.54,,18750.0,18750.0,,2026,1,1,3,NORMAL
2026-01-02,Lampung,Minyak Goreng Curah,18800.0,18843.548387096773,-43.548387096772785,-0.23,50.0,18775.0,18775.0,35.35533905932738,2026,1,1,4,NORMAL
2026-01-05,Lampung,Minyak Goreng Curah,18800.0,18840.322580645163,-40.322580645162816,-0.21,0.0,18783.333333333332,18783.333333333332,28.86751345948155,2026,1,2,0,NORMAL
2026-01-06,Lampung,Minyak Goreng Curah,18800.0,18832.25806451613,-32.2580645161288,-0.17,0.0,18787.5,18787.5,25.000000000000302,2026,1,2,1,NORMAL
2026-01-07,Lampung,Minyak Goreng Curah,18750.0,18822.58064516129,-72.58064516129161,-0.39,-50.0,18780.0,18780.0,27.386127875258513,2026,1,2,2,NORMAL
2026-01-08,Lampung,Minyak Goreng Curah,18750.0,18822.58064516129,-72.58064516129161,-0.39,0.0,18775.0,18775.0,27.38612787525847,2026,1,2,3,NORMAL
2026-01-09,Lampung,Minyak Goreng Curah,18750.0,18825.8064516129,-75.80645161290158,-0.4,0.0,18771.428571428572,18771.428571428572,26.72612419124266,2026,1,2,4,NORMAL
2026-01-12,Lampung,Minyak Goreng Curah,18750.0,18803.225806451614,-53.22580645161361,-0.28,0.0,18771.428571428572,18768.75,26.72612419124266,2026,1,3,0,NORMAL
2026-01-13,Lampung,Minyak Goreng Curah,18750.0,18816.129032258064,-66.1290322580644,-0.35,0.0,18764.285714285714,18766.666666666668,24.39750182371384,2026,1,3,1,NORMAL
2026-01-14,Lampung,Minyak Goreng Curah,18750.0,18811.290322580644,-61.29032258064399,-0.33,0.0,18757.14285714286,18765.0,18.89822365046162,2026,1,3,2,NORMAL
2026-01-15,Lampung,Minyak Goreng Curah,18750.0,18812.90322580645,-62.90322580645079,-0.33,0.0,18750.0,18763.636363636364,0.0,2026,1,3,3,NORMAL
2026-01-16,Lampung,Minyak Goreng Curah,18750.0,18812.90322580645,-62.90322580645079,-0.33,0.0,18750.0,18762.5,0.0,2026,1,3,4,NORMAL
2026-01-19,Lampung,Minyak Goreng Curah,18750.0,18809.677419354837,-59.677419354837184,-0.32,0.0,18750.0,18761.53846153846,0.0,2026,1,4,0,NORMAL
2026-01-20,Lampung,Minyak Goreng Curah,18750.0,18817.74193548387,-67.7419354838712,-0.36,0.0,18750.0,18760.714285714286,0.0,2026,1,4,1,NORMAL
2026-01-21,Lampung,Minyak Goreng Curah,18750.0,18812.90322580645,-62.90322580645079,-0.33,0.0,18750.0,18760.0,0.0,2026,1,4,2,NORMAL
2026-01-22,Lampung,Minyak Goreng Curah,18750.0,18816.129032258064,-66.1290322580644,-0.35,0.0,18750.0,18759.375,0.0,2026,1,4,3,NORMAL
2026-01-23,Lampung,Minyak Goreng Curah,18750.0,18817.74193548387,-67.7419354838712,-0.36,0.0,18750.0,18758.823529411766,0.0,2026,1,4,4,NORMAL
2026-01-26,Lampung,Minyak Goreng Curah,18750.0,18827.41935483871,-77.41935483870839,-0.41,0.0,18750.0,18758.333333333332,0.0,2026,1,5,0,NORMAL
2026-01-27,Lampung,Minyak Goreng Curah,18850.0,18830.645161290322,19.354838709678006,0.1,100.0,18764.285714285714,18763.157894736843,37.796447300922836,2026,1,5,1,NORMAL
2026-01-28,Lampung,Minyak Goreng Curah,18850.0,18824.1935483871,25.806451612901583,0.14,0.0,18778.571428571428,18767.5,48.795003647427265,2026,1,5,2,NORMAL
2026-01-29,Lampung,Minyak Goreng Curah,18850.0,18825.8064516129,24.193548387098417,0.13,0.0,18792.85714285714,18771.428571428572,53.45224838248581,2026,1,5,3,NORMAL
2026-01-30,Lampung,Minyak Goreng Curah,18850.0,18864.516129032258,-14.516129032257595,-0.08,0.0,18807.14285714286,18775.0,53.45224838248581,2026,1,5,4,NORMAL
2026-02-02,Lampung,Minyak Goreng Curah,19050.0,18872.58064516129,177.4193548387084,0.94,200.0,18850.0,18786.956521739132,100.00000000000016,2026,2,6,0,NORMAL
2026-02-03,Lampung,Minyak Goreng Curah,19200.0,18891.935483870966,308.064516129034,1.63,150.0,18914.285714285714,18804.166666666668,154.68862734076933,2026,2,6,1,NORMAL
2026-02-04,Lampung,Minyak Goreng Curah,19200.0,18900.0,300.0,1.59,0.0,18978.571428571428,18820.0,167.97108594721269,2026,2,6,2,NORMAL
2026-02-05,Lampung,Minyak Goreng Curah,19200.0,18967.74193548387,232.2580645161288,1.22,0.0,19028.571428571428,18834.615384615383,175.25491637693355,2026,2,6,3,NORMAL
2026-02-06,Lampung,Minyak Goreng Curah,19200.0,18940.322580645163,259.6774193548372,1.37,0.0,19078.571428571428,18848.14814814815,165.47190813232547,2026,2,6,4,NORMAL
2026-02-09,Lampung,Minyak Goreng Curah,19250.0,18922.58064516129,327.4193548387084,1.73,50.0,19135.714285714286,18862.5,140.5770420869119,2026,2,7,0,NORMAL
2026-02-10,Lampung,Minyak Goreng Curah,19350.0,18927.41935483871,422.5806451612916,2.23,100.0,19207.14285714286,18879.310344827587,88.64052604279925,2026,2,7,1,NORMAL
2026-02-11,Lampung,Minyak Goreng Curah,19350.0,18929.032258064515,420.9677419354848,2.22,0.0,19250.0,18895.0,70.71067811866725,2026,2,7,2,NORMAL
2026-02-12,Lampung,Minyak Goreng Curah,19350.0,18933.870967741936,416.1290322580644,2.2,0.0,19271.428571428572,18915.0,75.59289460185832,2026,2,7,3,NORMAL
2026-02-13,Lampung,Minyak Goreng Curah,19350.0,18982.25806451613,367.7419354838712,1.94,0.0,19292.85714285714,18933.333333333332,73.19250547115463,2026,2,7,4,NORMAL
2026-02-16,Lampung,Minyak Goreng Curah,19350.0,18940.322580645163,409.6774193548372,2.16,0.0,19314.285714285714,18951.666666666668,62.67831705281977,2026,2,8,0,NORMAL
2026-02-17,Lampung,Minyak Goreng Curah,19350.0,18940.322580645163,409.6774193548372,2.16,0.0,19335.714285714286,18970.0,37.796447300956785,2026,2,8,1,NORMAL
2026-02-18,Lampung,Minyak Goreng Curah,19350.0,18969.354838709678,380.645161290322,2.01,0.0,19350.0,18990.0,5.1753858761654436e-05,2026,2,8,2,NORMAL
2026-02-19,Lampung,Minyak Goreng Curah,19350.0,18969.354838709678,380.645161290322,2.01,0.0,19350.0,19010.0,5.1753858761654436e-05,2026,2,8,3,NORMAL
2026-02-20,Lampung,Minyak Goreng Curah,19350.0,18972.58064516129,377.4193548387084,1.99,0.0,19350.0,19030.0,5.1753858761654436e-05,2026,2,8,4,NORMAL
2026-02-23,Lampung,Minyak Goreng Curah,19350.0,18974.1935483871,375.8064516129016,1.98,0.0,19350.0,19050.0,5.1753858761654436e-05,2026,2,9,0,NORMAL
2026-02-24,Lampung,Minyak Goreng Curah,19350.0,19011.290322580644,338.709677419356,1.78,0.0,19350.0,19070.0,5.1753858761654436e-05,2026,2,9,1,NORMAL
2026-02-25,Lampung,Minyak Goreng Curah,19350.0,19012.90322580645,337.0967741935492,1.77,0.0,19350.0,19090.0,5.1753858761654436e-05,2026,2,9,2,NORMAL
2026-02-26,Lampung,Minyak Goreng Curah,19350.0,19014.516129032258,335.4838709677424,1.76,0.0,19350.0,19110.0,5.1753858761654436e-05,2026,2,9,3,NORMAL
2026-02-27,Lampung,Minyak Goreng Curah,19350.0,19017.74193548387,332.2580645161288,1.75,0.0,19350.0,19130.0,5.1753858761654436e-05,2026,2,9,4,NORMAL
2026-03-02,Lampung,Minyak Goreng Curah,19750.0,19012.90322580645,737.0967741935492,3.88,400.0,19407.14285714286,19163.333333333332,151.1857892037009,2026,3,10,0,NORMAL
2026-03-03,Lampung,Minyak Goreng Curah,19850.0,19024.1935483871,825.8064516129016,4.34,100.0,19478.571428571428,19200.0,221.46697055683575,2026,3,10,1,NORMAL
2026-03-04,Lampung,Minyak Goreng Curah,20000.0,19041.935483870966,958.064516129034,5.03,150.0,19571.428571428572,19241.666666666668,285.565437417805,2026,3,10,2,DEFISIT
2026-03-05,Lampung,Minyak Goreng Curah,20000.0,19043.548387096773,956.4516129032272,5.02,0.0,19664.285714285714,19283.333333333332,306.4776850417893,2026,3,10,3,DEFISIT
2026-03-06,Lampung,Minyak Goreng Curah,20000.0,19020.967741935485,979.0322580645152,5.15,0.0,19757.14285714286,19325.0,293.58214555806705,2026,3,10,4,DEFISIT
2026-03-09,Lampung,Minyak Goreng Curah,20000.0,19029.032258064515,970.9677419354848,5.1,0.0,19850.0,19366.666666666668,241.52294576982518,2026,3,11,0,DEFISIT
2026-03-10,Lampung,Minyak Goreng Curah,20000.0,19067.74193548387,932.2580645161288,4.89,0.0,19942.85714285714,19405.0,101.77004891981592,2026,3,11,1,NORMAL
2026-03-11,Lampung,Minyak Goreng Curah,20000.0,19146.774193548386,853.2258064516136,4.46,0.0,19978.571428571428,19443.333333333332,56.69467095136722,2026,3,11,2,NORMAL
2026-03-12,Lampung,Minyak Goreng Curah,20000.0,19251.612903225807,748.3870967741932,3.89,0.0,20000.0,19481.666666666668,0.0,2026,3,11,3,NORMAL
2026-03-13,Lampung,Minyak Goreng Curah,20000.0,19287.09677419355,712.9032258064508,3.7,0.0,20000.0,19520.0,0.0,2026,3,11,4,NORMAL
2026-03-16,Lampung,Minyak Goreng Curah,20000.0,19469.354838709678,530.645161290322,2.73,0.0,20000.0,19551.666666666668,0.0,2026,3,12,0,NORMAL
2026-03-17,Lampung,Minyak Goreng Curah,20200.0,19659.677419354837,540.3225806451628,2.75,200.0,20028.571428571428,19585.0,75.59289460184567,2026,3,12,1,NORMAL
2026-03-18,Lampung,Minyak Goreng Curah,20200.0,19662.90322580645,537.0967741935492,2.73,0.0,20057.14285714286,19618.333333333332,97.590007294854,2026,3,12,2,NORMAL
2026-03-19,Lampung,Minyak Goreng Curah,20200.0,19654.83870967742,545.1612903225796,2.77,0.0,20085.714285714286,19651.666666666668,106.90449676497114,2026,3,12,3,NORMAL
2026-03-20,Lampung,Minyak Goreng Curah,20200.0,19656.451612903227,543.5483870967728,2.77,0.0,20114.285714285714,19685.0,106.9044967649722,2026,3,12,4,NORMAL
2026-03-23,Lampung,Minyak Goreng Curah,20200.0,19670.967741935485,529.0322580645152,2.69,0.0,20142.85714285714,19716.666666666668,97.59000729485746,2026,3,13,0,NORMAL
2026-03-24,Lampung,Minyak Goreng Curah,20200.0,19670.967741935485,529.0322580645152,2.69,0.0,20171.428571428572,19745.0,75.59289460185312,2026,3,13,1,NORMAL
2026-03-25,Lampung,Minyak Goreng Curah,20200.0,19745.16129032258,454.8387096774204,2.3,0.0,20200.0,19773.333333333332,3.970462798054006e-05,2026,3,13,2,NORMAL
2026-03-26,Lampung,Minyak Goreng Curah,20200.0,19758.064516129034,441.935483870966,2.24,0.0,20200.0,19801.666666666668,3.970462798054006e-05,2026,3,13,3,NORMAL
2026-03-27,Lampung,Minyak Goreng Curah,20200.0,19758.064516129034,441.935483870966,2.24,0.0,20200.0,19830.0,3.970462798054006e-05,2026,3,13,4,NORMAL
2026-03-30,Lampung,Minyak Goreng Curah,20300.0,19843.548387096773,456.4516129032272,2.3,100.0,20214.285714285714,19861.666666666668,37.796447300946674,2026,3,14,0,NORMAL
2026-03-31,Lampung,Minyak Goreng Curah,20300.0,19840.322580645163,459.6774193548372,2.32,0.0,20228.571428571428,19893.333333333332,48.795003647448034,2026,3,14,1,NORMAL
2026-04-01,Lampung,Minyak Goreng Curah,20450.0,19851.612903225807,598.3870967741932,3.01,150.0,20264.285714285714,19930.0,94.49111825232119,2026,4,14,2,NORMAL
2026-04-02,Lampung,Minyak Goreng Curah,20450.0,19870.967741935485,579.0322580645152,2.91,0.0,20300.0,19966.666666666668,111.80339887500419,2026,4,14,3,NORMAL
2026-04-03,Lampung,Minyak Goreng Curah,20450.0,19933.870967741936,516.1290322580644,2.59,0.0,20335.714285714286,20003.333333333332,114.43442705428302,2026,4,14,4,NORMAL
2026-04-06,Lampung,Minyak Goreng Curah,20450.0,19908.064516129034,541.935483870966,2.72,0.0,20371.428571428572,20040.0,103.50983390137489,2026,4,15,0,NORMAL
2026-04-07,Lampung,Minyak Goreng Curah,20700.0,19943.548387096773,756.4516129032272,3.79,250.0,20442.85714285714,20085.0,133.63062095623275,2026,4,15,1,NORMAL
2026-04-08,Lampung,Minyak Goreng Curah,20900.0,19982.25806451613,917.7419354838712,4.59,200.0,20528.571428571428,20136.666666666668,201.77781274038088,2026,4,15,2,NORMAL
2026-04-09,Lampung,Minyak Goreng Curah,20900.0,20138.709677419356,761.290322580644,3.78,0.0,20614.285714285714,20188.333333333332,215.47290184285094,2026,4,15,3,NORMAL
2026-04-10,Lampung,Minyak Goreng Curah,20900.0,20106.451612903227,793.5483870967728,3.95,0.0,20678.571428571428,20240.0,225.1983252919388,2026,4,15,4,NORMAL
2026-04-13,Lampung,Minyak Goreng Curah,20900.0,20133.870967741936,766.1290322580644,3.81,0.0,20742.85714285714,20278.333333333332,212.97216451252916,2026,4,16,0,NORMAL
2026-01-01,Maluku Utara,Minyak Goreng Curah,23000.0,18851.612903225807,4148.387096774193,22.01,,23000.0,23000.0,,2026,1,1,3,DEFISIT
2026-01-02,Maluku Utara,Minyak Goreng Curah,23000.0,18843.548387096773,4156.451612903227,22.06,0.0,23000.0,23000.0,0.0,2026,1,1,4,DEFISIT
2026-01-05,Maluku Utara,Minyak Goreng Curah,23000.0,18840.322580645163,4159.677419354837,22.08,0.0,23000.0,23000.0,0.0,2026,1,2,0,DEFISIT
2026-01-06,Maluku Utara,Minyak Goreng Curah,23000.0,18832.25806451613,4167.741935483871,22.13,0.0,23000.0,23000.0,0.0,2026,1,2,1,DEFISIT
2026-01-07,Maluku Utara,Minyak Goreng Curah,23000.0,18822.58064516129,4177.419354838708,22.19,0.0,23000.0,23000.0,0.0,2026,1,2,2,DEFISIT
2026-01-08,Maluku Utara,Minyak Goreng Curah,23000.0,18822.58064516129,4177.419354838708,22.19,0.0,23000.0,23000.0,0.0,2026,1,2,3,DEFISIT
2026-01-09,Maluku Utara,Minyak Goreng Curah,23000.0,18825.8064516129,4174.193548387098,22.17,0.0,23000.0,23000.0,0.0,2026,1,2,4,DEFISIT
2026-01-12,Maluku Utara,Minyak Goreng Curah,23000.0,18803.225806451614,4196.774193548386,22.32,0.0,23000.0,23000.0,0.0,2026,1,3,0,DEFISIT
2026-01-13,Maluku Utara,Minyak Goreng Curah,23000.0,18816.129032258064,4183.870967741936,22.24,0.0,23000.0,23000.0,0.0,2026,1,3,1,DEFISIT
2026-01-14,Maluku Utara,Minyak Goreng Curah,23000.0,18811.290322580644,4188.709677419356,22.27,0.0,23000.0,23000.0,0.0,2026,1,3,2,DEFISIT
2026-01-15,Maluku Utara,Minyak Goreng Curah,23000.0,18812.90322580645,4187.096774193549,22.26,0.0,23000.0,23000.0,0.0,2026,1,3,3,DEFISIT
2026-01-16,Maluku Utara,Minyak Goreng Curah,23000.0,18812.90322580645,4187.096774193549,22.26,0.0,23000.0,23000.0,0.0,2026,1,3,4,DEFISIT
2026-01-19,Maluku Utara,Minyak Goreng Curah,23000.0,18809.677419354837,4190.322580645163,22.28,0.0,23000.0,23000.0,0.0,2026,1,4,0,DEFISIT
2026-01-20,Maluku Utara,Minyak Goreng Curah,23000.0,18817.74193548387,4182.258064516129,22.23,0.0,23000.0,23000.0,0.0,2026,1,4,1,DEFISIT
2026-01-21,Maluku Utara,Minyak Goreng Curah,23000.0,18812.90322580645,4187.096774193549,22.26,0.0,23000.0,23000.0,0.0,2026,1,4,2,DEFISIT
2026-01-22,Maluku Utara,Minyak Goreng Curah,23000.0,18816.129032258064,4183.870967741936,22.24,0.0,23000.0,23000.0,0.0,2026,1,4,3,DEFISIT
2026-01-23,Maluku Utara,Minyak Goreng Curah,23000.0,18817.74193548387,4182.258064516129,22.23,0.0,23000.0,23000.0,0.0,2026,1,4,4,DEFISIT
2026-01-26,Maluku Utara,Minyak Goreng Curah,23000.0,18827.41935483871,4172.580645161292,22.16,0.0,23000.0,23000.0,0.0,2026,1,5,0,DEFISIT
2026-01-27,Maluku Utara,Minyak Goreng Curah,23000.0,18830.645161290322,4169.354838709678,22.14,0.0,23000.0,23000.0,0.0,2026,1,5,1,DEFISIT
2026-01-28,Maluku Utara,Minyak Goreng Curah,23000.0,18824.1935483871,4175.806451612902,22.18,0.0,23000.0,23000.0,0.0,2026,1,5,2,DEFISIT
2026-01-29,Maluku Utara,Minyak Goreng Curah,23000.0,18825.8064516129,4174.193548387098,22.17,0.0,23000.0,23000.0,0.0,2026,1,5,3,DEFISIT
2026-01-30,Maluku Utara,Minyak Goreng Curah,23000.0,18864.516129032258,4135.483870967742,21.92,0.0,23000.0,23000.0,0.0,2026,1,5,4,DEFISIT
2026-02-02,Maluku Utara,Minyak Goreng Curah,23000.0,18872.58064516129,4127.419354838708,21.87,0.0,23000.0,23000.0,0.0,2026,2,6,0,DEFISIT
2026-02-03,Maluku Utara,Minyak Goreng Curah,23000.0,18891.935483870966,4108.064516129034,21.75,0.0,23000.0,23000.0,0.0,2026,2,6,1,DEFISIT
2026-02-04,Maluku Utara,Minyak Goreng Curah,23000.0,18900.0,4100.0,21.69,0.0,23000.0,23000.0,0.0,2026,2,6,2,DEFISIT
2026-02-05,Maluku Utara,Minyak Goreng Curah,23000.0,18967.74193548387,4032.258064516129,21.26,0.0,23000.0,23000.0,0.0,2026,2,6,3,DEFISIT
2026-02-06,Maluku Utara,Minyak Goreng Curah,23000.0,18940.322580645163,4059.677419354837,21.43,0.0,23000.0,23000.0,0.0,2026,2,6,4,DEFISIT
2026-02-09,Maluku Utara,Minyak Goreng Curah,23000.0,18922.58064516129,4077.4193548387084,21.55,0.0,23000.0,23000.0,0.0,2026,2,7,0,DEFISIT
2026-02-10,Maluku Utara,Minyak Goreng Curah,23000.0,18927.41935483871,4072.5806451612916,21.52,0.0,23000.0,23000.0,0.0,2026,2,7,1,DEFISIT
2026-02-11,Maluku Utara,Minyak Goreng Curah,23000.0,18929.032258064515,4070.967741935485,21.51,0.0,23000.0,23000.0,0.0,2026,2,7,2,DEFISIT
2026-02-12,Maluku Utara,Minyak Goreng Curah,23000.0,18933.870967741936,4066.1290322580644,21.48,0.0,23000.0,23000.0,0.0,2026,2,7,3,DEFISIT
2026-02-13,Maluku Utara,Minyak Goreng Curah,23000.0,18982.25806451613,4017.741935483871,21.17,0.0,23000.0,23000.0,0.0,2026,2,7,4,DEFISIT
2026-02-16,Maluku Utara,Minyak Goreng Curah,23000.0,18940.322580645163,4059.677419354837,21.43,0.0,23000.0,23000.0,0.0,2026,2,8,0,DEFISIT
2026-02-17,Maluku Utara,Minyak Goreng Curah,23000.0,18940.322580645163,4059.677419354837,21.43,0.0,23000.0,23000.0,0.0,2026,2,8,1,DEFISIT
2026-02-18,Maluku Utara,Minyak Goreng Curah,23000.0,18969.354838709678,4030.645161290322,21.25,0.0,23000.0,23000.0,0.0,2026,2,8,2,DEFISIT
2026-02-19,Maluku Utara,Minyak Goreng Curah,23000.0,18969.354838709678,4030.645161290322,21.25,0.0,23000.0,23000.0,0.0,2026,2,8,3,DEFISIT
2026-02-20,Maluku Utara,Minyak Goreng Curah,23000.0,18972.58064516129,4027.4193548387084,21.23,0.0,23000.0,23000.0,0.0,2026,2,8,4,DEFISIT
2026-02-23,Maluku Utara,Minyak Goreng Curah,23000.0,18974.1935483871,4025.8064516129016,21.22,0.0,23000.0,23000.0,0.0,2026,2,9,0,DEFISIT
2026-02-24,Maluku Utara,Minyak Goreng Curah,23000.0,19011.290322580644,3988.709677419356,20.98,0.0,23000.0,23000.0,0.0,2026,2,9,1,DEFISIT
2026-02-25,Maluku Utara,Minyak Goreng Curah,23000.0,19012.90322580645,3987.096774193549,20.97,0.0,23000.0,23000.0,0.0,2026,2,9,2,DEFISIT
2026-02-26,Maluku Utara,Minyak Goreng Curah,23000.0,19014.516129032258,3985.4838709677424,20.96,0.0,23000.0,23000.0,0.0,2026,2,9,3,DEFISIT
2026-02-27,Maluku Utara,Minyak Goreng Curah,23000.0,19017.74193548387,3982.258064516129,20.94,0.0,23000.0,23000.0,0.0,2026,2,9,4,DEFISIT
2026-03-02,Maluku Utara,Minyak Goreng Curah,23000.0,19012.90322580645,3987.096774193549,20.97,0.0,23000.0,23000.0,0.0,2026,3,10,0,DEFISIT
2026-03-03,Maluku Utara,Minyak Goreng Curah,23000.0,19024.1935483871,3975.8064516129016,20.9,0.0,23000.0,23000.0,0.0,2026,3,10,1,DEFISIT
2026-03-04,Maluku Utara,Minyak Goreng Curah,23000.0,19041.935483870966,3958.064516129034,20.79,0.0,23000.0,23000.0,0.0,2026,3,10,2,DEFISIT
2026-03-05,Maluku Utara,Minyak Goreng Curah,23000.0,19043.548387096773,3956.451612903227,20.78,0.0,23000.0,23000.0,0.0,2026,3,10,3,DEFISIT
2026-03-06,Maluku Utara,Minyak Goreng Curah,23000.0,19020.967741935485,3979.032258064515,20.92,0.0,23000.0,23000.0,0.0,2026,3,10,4,DEFISIT
2026-03-09,Maluku Utara,Minyak Goreng Curah,23000.0,19029.032258064515,3970.967741935485,20.87,0.0,23000.0,23000.0,0.0,2026,3,11,0,DEFISIT
2026-03-10,Maluku Utara,Minyak Goreng Curah,23000.0,19067.74193548387,3932.258064516129,20.62,0.0,23000.0,23000.0,0.0,2026,3,11,1,DEFISIT
2026-03-11,Maluku Utara,Minyak Goreng Curah,23000.0,19146.774193548386,3853.2258064516136,20.12,0.0,23000.0,23000.0,0.0,2026,3,11,2,DEFISIT
2026-03-12,Maluku Utara,Minyak Goreng Curah,23000.0,19251.612903225807,3748.387096774193,19.47,0.0,23000.0,23000.0,0.0,2026,3,11,3,DEFISIT
2026-03-13,Maluku Utara,Minyak Goreng Curah,23000.0,19287.09677419355,3712.903225806451,19.25,0.0,23000.0,23000.0,0.0,2026,3,11,4,DEFISIT
2026-03-16,Maluku Utara,Minyak Goreng Curah,23000.0,19469.354838709678,3530.645161290322,18.13,0.0,23000.0,23000.0,0.0,2026,3,12,0,DEFISIT
2026-03-17,Maluku Utara,Minyak Goreng Curah,23000.0,19659.677419354837,3340.322580645163,16.99,0.0,23000.0,23000.0,0.0,2026,3,12,1,DEFISIT
2026-03-18,Maluku Utara,Minyak Goreng Curah,23000.0,19662.90322580645,3337.096774193549,16.97,0.0,23000.0,23000.0,0.0,2026,3,12,2,DEFISIT
2026-03-19,Maluku Utara,Minyak Goreng Curah,23000.0,19654.83870967742,3345.1612903225796,17.02,0.0,23000.0,23000.0,0.0,2026,3,12,3,DEFISIT
2026-03-20,Maluku Utara,Minyak Goreng Curah,23000.0,19656.451612903227,3343.548387096773,17.01,0.0,23000.0,23000.0,0.0,2026,3,12,4,DEFISIT
2026-03-23,Maluku Utara,Minyak Goreng Curah,23000.0,19670.967741935485,3329.032258064515,16.92,0.0,23000.0,23000.0,0.0,2026,3,13,0,DEFISIT
2026-03-24,Maluku Utara,Minyak Goreng Curah,23000.0,19670.967741935485,3329.032258064515,16.92,0.0,23000.0,23000.0,0.0,2026,3,13,1,DEFISIT
2026-03-25,Maluku Utara,Minyak Goreng Curah,23000.0,19745.16129032258,3254.8387096774204,16.48,0.0,23000.0,23000.0,0.0,2026,3,13,2,DEFISIT
2026-03-26,Maluku Utara,Minyak Goreng Curah,23000.0,19758.064516129034,3241.935483870966,16.41,0.0,23000.0,23000.0,0.0,2026,3,13,3,DEFISIT
2026-03-27,Maluku Utara,Minyak Goreng Curah,22500.0,19758.064516129034,2741.935483870966,13.88,-500.0,22928.571428571428,22983.333333333332,188.98223650461338,2026,3,13,4,DEFISIT
2026-03-30,Maluku Utara,Minyak Goreng Curah,22500.0,19843.548387096773,2656.451612903227,13.39,0.0,22857.14285714286,22966.666666666668,243.97501823713242,2026,3,14,0,DEFISIT
2026-03-31,Maluku Utara,Minyak Goreng Curah,22500.0,19840.322580645163,2659.677419354837,13.41,0.0,22785.714285714286,22950.0,267.2612419124234,2026,3,14,1,DEFISIT
2026-04-01,Maluku Utara,Minyak Goreng Curah,22500.0,19851.612903225807,2648.387096774193,13.34,0.0,22714.285714285714,22933.333333333332,267.2612419124234,2026,4,14,2,DEFISIT
2026-04-02,Maluku Utara,Minyak Goreng Curah,22500.0,19870.967741935485,2629.032258064515,13.23,0.0,22642.85714285714,22916.666666666668,243.9750182371317,2026,4,14,3,DEFISIT
2026-04-03,Maluku Utara,Minyak Goreng Curah,22500.0,19933.870967741936,2566.1290322580644,12.87,0.0,22571.428571428572,22900.0,188.98223650461097,2026,4,14,4,DEFISIT
2026-04-06,Maluku Utara,Minyak Goreng Curah,22500.0,19908.064516129034,2591.935483870966,13.02,0.0,22500.0,22883.333333333332,0.0,2026,4,15,0,DEFISIT
2026-04-07,Maluku Utara,Minyak Goreng Curah,22500.0,19943.548387096773,2556.451612903227,12.82,0.0,22500.0,22866.666666666668,0.0,2026,4,15,1,DEFISIT
2026-04-08,Maluku Utara,Minyak Goreng Curah,22500.0,19982.25806451613,2517.741935483871,12.6,0.0,22500.0,22850.0,0.0,2026,4,15,2,DEFISIT
2026-04-09,Maluku Utara,Minyak Goreng Curah,22500.0,20138.709677419356,2361.290322580644,11.73,0.0,22500.0,22833.333333333332,0.0,2026,4,15,3,DEFISIT
2026-04-10,Maluku Utara,Minyak Goreng Curah,22500.0,20106.451612903227,2393.548387096773,11.9,0.0,22500.0,22816.666666666668,0.0,2026,4,15,4,DEFISIT
2026-04-13,Maluku Utara,Minyak Goreng Curah,22500.0,20133.870967741936,2366.1290322580644,11.75,0.0,22500.0,22800.0,0.0,2026,4,16,0,DEFISIT
2026-01-01,Nusa Tenggara Barat,Minyak Goreng Curah,20000.0,18851.612903225807,1148.3870967741932,6.09,,20000.0,20000.0,,2026,1,1,3,DEFISIT
2026-01-02,Nusa Tenggara Barat,Minyak Goreng Curah,20000.0,18843.548387096773,1156.4516129032272,6.14,0.0,20000.0,20000.0,0.0,2026,1,1,4,DEFISIT
2026-01-05,Nusa Tenggara Barat,Minyak Goreng Curah,20000.0,18840.322580645163,1159.6774193548372,6.16,0.0,20000.0,20000.0,0.0,2026,1,2,0,DEFISIT
2026-01-06,Nusa Tenggara Barat,Minyak Goreng Curah,20000.0,18832.25806451613,1167.7419354838712,6.2,0.0,20000.0,20000.0,0.0,2026,1,2,1,DEFISIT
2026-01-07,Nusa Tenggara Barat,Minyak Goreng Curah,20000.0,18822.58064516129,1177.4193548387084,6.26,0.0,20000.0,20000.0,0.0,2026,1,2,2,DEFISIT
2026-01-08,Nusa Tenggara Barat,Minyak Goreng Curah,20000.0,18822.58064516129,1177.4193548387084,6.26,0.0,20000.0,20000.0,0.0,2026,1,2,3,DEFISIT
2026-01-09,Nusa Tenggara Barat,Minyak Goreng Curah,20000.0,18825.8064516129,1174.1935483870984,6.24,0.0,20000.0,20000.0,0.0,2026,1,2,4,DEFISIT
2026-01-12,Nusa Tenggara Barat,Minyak Goreng Curah,20000.0,18803.225806451614,1196.7741935483864,6.36,0.0,20000.0,20000.0,0.0,2026,1,3,0,DEFISIT
2026-01-13,Nusa Tenggara Barat,Minyak Goreng Curah,20000.0,18816.129032258064,1183.8709677419356,6.29,0.0,20000.0,20000.0,0.0,2026,1,3,1,DEFISIT
2026-01-14,Nusa Tenggara Barat,Minyak Goreng Curah,20000.0,18811.290322580644,1188.709677419356,6.32,0.0,20000.0,20000.0,0.0,2026,1,3,2,DEFISIT
2026-01-15,Nusa Tenggara Barat,Minyak Goreng Curah,20000.0,18812.90322580645,1187.0967741935492,6.31,0.0,20000.0,20000.0,0.0,2026,1,3,3,DEFISIT
2026-01-16,Nusa Tenggara Barat,Minyak Goreng Curah,20000.0,18812.90322580645,1187.0967741935492,6.31,0.0,20000.0,20000.0,0.0,2026,1,3,4,DEFISIT
2026-01-19,Nusa Tenggara Barat,Minyak Goreng Curah,20000.0,18809.677419354837,1190.3225806451628,6.33,0.0,20000.0,20000.0,0.0,2026,1,4,0,DEFISIT
2026-01-20,Nusa Tenggara Barat,Minyak Goreng Curah,20000.0,18817.74193548387,1182.2580645161288,6.28,0.0,20000.0,20000.0,0.0,2026,1,4,1,DEFISIT
2026-01-21,Nusa Tenggara Barat,Minyak Goreng Curah,20000.0,18812.90322580645,1187.0967741935492,6.31,0.0,20000.0,20000.0,0.0,2026,1,4,2,DEFISIT
2026-01-22,Nusa Tenggara Barat,Minyak Goreng Curah,20150.0,18816.129032258064,1333.8709677419356,7.09,150.0,20021.428571428572,20009.375,56.694670951383856,2026,1,4,3,DEFISIT
2026-01-23,Nusa Tenggara Barat,Minyak Goreng Curah,20150.0,18817.74193548387,1332.2580645161288,7.08,0.0,20042.85714285714,20017.647058823528,73.19250547114001,2026,1,4,4,DEFISIT
2026-01-26,Nusa Tenggara Barat,Minyak Goreng Curah,20150.0,18827.41935483871,1322.5806451612916,7.02,0.0,20064.285714285714,20025.0,80.17837257372746,2026,1,5,0,DEFISIT
2026-01-27,Nusa Tenggara Barat,Minyak Goreng Curah,20150.0,18830.645161290322,1319.354838709678,7.01,0.0,20085.714285714286,20031.57894736842,80.17837257372746,2026,1,5,1,DEFISIT
2026-01-28,Nusa Tenggara Barat,Minyak Goreng Curah,20150.0,18824.1935483871,1325.8064516129016,7.04,0.0,20107.14285714286,20037.5,73.19250547114,2026,1,5,2,DEFISIT
2026-01-29,Nusa Tenggara Barat,Minyak Goreng Curah,20150.0,18825.8064516129,1324.1935483870984,7.03,0.0,20128.571428571428,20042.85714285714,56.69467095138385,2026,1,5,3,DEFISIT
2026-01-30,Nusa Tenggara Barat,Minyak Goreng Curah,20150.0,18864.516129032258,1285.4838709677424,6.81,0.0,20150.0,20047.727272727272,0.0,2026,1,5,4,DEFISIT
2026-02-02,Nusa Tenggara Barat,Minyak Goreng Curah,20150.0,18872.58064516129,1277.4193548387084,6.77,0.0,20150.0,20052.17391304348,0.0,2026,2,6,0,DEFISIT
2026-02-03,Nusa Tenggara Barat,Minyak Goreng Curah,20150.0,18891.935483870966,1258.064516129034,6.66,0.0,20150.0,20056.25,0.0,2026,2,6,1,DEFISIT
2026-02-04,Nusa Tenggara Barat,Minyak Goreng Curah,20150.0,18900.0,1250.0,6.61,0.0,20150.0,20060.0,0.0,2026,2,6,2,DEFISIT
2026-02-05,Nusa Tenggara Barat,Minyak Goreng Curah,20150.0,18967.74193548387,1182.2580645161288,6.23,0.0,20150.0,20063.46153846154,0.0,2026,2,6,3,DEFISIT
2026-02-06,Nusa Tenggara Barat,Minyak Goreng Curah,20150.0,18940.322580645163,1209.6774193548372,6.39,0.0,20150.0,20066.666666666668,0.0,2026,2,6,4,DEFISIT
2026-02-09,Nusa Tenggara Barat,Minyak Goreng Curah,20150.0,18922.58064516129,1227.4193548387084,6.49,0.0,20150.0,20069.64285714286,0.0,2026,2,7,0,DEFISIT
2026-02-10,Nusa Tenggara Barat,Minyak Goreng Curah,20150.0,18927.41935483871,1222.5806451612916,6.46,0.0,20150.0,20072.41379310345,0.0,2026,2,7,1,DEFISIT
2026-02-11,Nusa Tenggara Barat,Minyak Goreng Curah,20150.0,18929.032258064515,1220.9677419354848,6.45,0.0,20150.0,20075.0,0.0,2026,2,7,2,DEFISIT
2026-02-12,Nusa Tenggara Barat,Minyak Goreng Curah,20150.0,18933.870967741936,1216.1290322580644,6.42,0.0,20150.0,20080.0,0.0,2026,2,7,3,DEFISIT
2026-02-13,Nusa Tenggara Barat,Minyak Goreng Curah,20150.0,18982.25806451613,1167.7419354838712,6.15,0.0,20150.0,20085.0,0.0,2026,2,7,4,DEFISIT
2026-02-16,Nusa Tenggara Barat,Minyak Goreng Curah,20150.0,18940.322580645163,1209.6774193548372,6.39,0.0,20150.0,20090.0,0.0,2026,2,8,0,DEFISIT
2026-02-17,Nusa Tenggara Barat,Minyak Goreng Curah,20150.0,18940.322580645163,1209.6774193548372,6.39,0.0,20150.0,20095.0,0.0,2026,2,8,1,DEFISIT
2026-02-18,Nusa Tenggara Barat,Minyak Goreng Curah,20150.0,18969.354838709678,1180.645161290322,6.22,0.0,20150.0,20100.0,0.0,2026,2,8,2,DEFISIT
2026-02-19,Nusa Tenggara Barat,Minyak Goreng Curah,20150.0,18969.354838709678,1180.645161290322,6.22,0.0,20150.0,20105.0,0.0,2026,2,8,3,DEFISIT
2026-02-20,Nusa Tenggara Barat,Minyak Goreng Curah,20150.0,18972.58064516129,1177.4193548387084,6.21,0.0,20150.0,20110.0,0.0,2026,2,8,4,DEFISIT
2026-02-23,Nusa Tenggara Barat,Minyak Goreng Curah,20150.0,18974.1935483871,1175.8064516129016,6.2,0.0,20150.0,20115.0,0.0,2026,2,9,0,DEFISIT
2026-02-24,Nusa Tenggara Barat,Minyak Goreng Curah,20150.0,19011.290322580644,1138.709677419356,5.99,0.0,20150.0,20120.0,0.0,2026,2,9,1,DEFISIT
2026-02-25,Nusa Tenggara Barat,Minyak Goreng Curah,20150.0,19012.90322580645,1137.0967741935492,5.98,0.0,20150.0,20125.0,0.0,2026,2,9,2,DEFISIT
2026-02-26,Nusa Tenggara Barat,Minyak Goreng Curah,20150.0,19014.516129032258,1135.4838709677424,5.97,0.0,20150.0,20130.0,0.0,2026,2,9,3,DEFISIT
2026-02-27,Nusa Tenggara Barat,Minyak Goreng Curah,20150.0,19017.74193548387,1132.2580645161288,5.95,0.0,20150.0,20135.0,0.0,2026,2,9,4,DEFISIT
2026-03-02,Nusa Tenggara Barat,Minyak Goreng Curah,20150.0,19012.90322580645,1137.0967741935492,5.98,0.0,20150.0,20140.0,0.0,2026,3,10,0,DEFISIT
2026-03-03,Nusa Tenggara Barat,Minyak Goreng Curah,20150.0,19024.1935483871,1125.8064516129016,5.92,0.0,20150.0,20145.0,0.0,2026,3,10,1,DEFISIT
2026-03-04,Nusa Tenggara Barat,Minyak Goreng Curah,20150.0,19041.935483870966,1108.064516129034,5.82,0.0,20150.0,20150.0,0.0,2026,3,10,2,DEFISIT
2026-03-05,Nusa Tenggara Barat,Minyak Goreng Curah,20150.0,19043.548387096773,1106.4516129032272,5.81,0.0,20150.0,20150.0,0.0,2026,3,10,3,DEFISIT
2026-03-06,Nusa Tenggara Barat,Minyak Goreng Curah,20150.0,19020.967741935485,1129.0322580645152,5.94,0.0,20150.0,20150.0,0.0,2026,3,10,4,DEFISIT
2026-03-09,Nusa Tenggara Barat,Minyak Goreng Curah,20150.0,19029.032258064515,1120.9677419354848,5.89,0.0,20150.0,20150.0,0.0,2026,3,11,0,DEFISIT
2026-03-10,Nusa Tenggara Barat,Minyak Goreng Curah,20350.0,19067.74193548387,1282.2580645161288,6.72,200.0,20178.571428571428,20156.666666666668,75.59289460184567,2026,3,11,1,DEFISIT
2026-03-11,Nusa Tenggara Barat,Minyak Goreng Curah,20350.0,19146.774193548386,1203.2258064516136,6.28,0.0,20207.14285714286,20163.333333333332,97.590007294854,2026,3,11,2,DEFISIT
2026-03-12,Nusa Tenggara Barat,Minyak Goreng Curah,20350.0,19251.612903225807,1098.3870967741932,5.71,0.0,20235.714285714286,20170.0,106.90449676497114,2026,3,11,3,DEFISIT
2026-03-13,Nusa Tenggara Barat,Minyak Goreng Curah,20350.0,19287.09677419355,1062.9032258064508,5.51,0.0,20264.285714285714,20176.666666666668,106.9044967649722,2026,3,11,4,DEFISIT
2026-03-16,Nusa Tenggara Barat,Minyak Goreng Curah,20350.0,19469.354838709678,880.645161290322,4.52,0.0,20292.85714285714,20183.333333333332,97.59000729485746,2026,3,12,0,NORMAL
2026-03-17,Nusa Tenggara Barat,Minyak Goreng Curah,20350.0,19659.677419354837,690.3225806451628,3.51,0.0,20321.428571428572,20190.0,75.59289460185312,2026,3,12,1,NORMAL
2026-03-18,Nusa Tenggara Barat,Minyak Goreng Curah,20350.0,19662.90322580645,687.0967741935492,3.49,0.0,20350.0,20196.666666666668,3.970462798054006e-05,2026,3,12,2,NORMAL
2026-03-19,Nusa Tenggara Barat,Minyak Goreng Curah,20350.0,19654.83870967742,695.1612903225796,3.54,0.0,20350.0,20203.333333333332,3.970462798054006e-05,2026,3,12,3,NORMAL
2026-03-20,Nusa Tenggara Barat,Minyak Goreng Curah,20350.0,19656.451612903227,693.5483870967728,3.53,0.0,20350.0,20210.0,3.970462798054006e-05,2026,3,12,4,NORMAL
2026-03-23,Nusa Tenggara Barat,Minyak Goreng Curah,20350.0,19670.967741935485,679.0322580645152,3.45,0.0,20350.0,20216.666666666668,3.970462798054006e-05,2026,3,13,0,NORMAL
2026-03-24,Nusa Tenggara Barat,Minyak Goreng Curah,20350.0,19670.967741935485,679.0322580645152,3.45,0.0,20350.0,20223.333333333332,3.970462798054006e-05,2026,3,13,1,NORMAL
2026-03-25,Nusa Tenggara Barat,Minyak Goreng Curah,20450.0,19745.16129032258,704.8387096774204,3.57,100.0,20364.285714285714,20233.333333333332,37.796447300946674,2026,3,13,2,NORMAL
2026-03-26,Nusa Tenggara Barat,Minyak Goreng Curah,20450.0,19758.064516129034,691.935483870966,3.5,0.0,20378.571428571428,20243.333333333332,48.795003647448034,2026,3,13,3,NORMAL
2026-03-27,Nusa Tenggara Barat,Minyak Goreng Curah,20450.0,19758.064516129034,691.935483870966,3.5,0.0,20392.85714285714,20253.333333333332,53.45224838250687,2026,3,13,4,NORMAL
2026-03-30,Nusa Tenggara Barat,Minyak Goreng Curah,20450.0,19843.548387096773,606.4516129032272,3.06,0.0,20407.14285714286,20263.333333333332,53.45224838250975,2026,3,14,0,NORMAL
2026-03-31,Nusa Tenggara Barat,Minyak Goreng Curah,20450.0,19840.322580645163,609.6774193548372,3.07,0.0,20421.428571428572,20273.333333333332,48.79500364745695,2026,3,14,1,NORMAL
2026-04-01,Nusa Tenggara Barat,Minyak Goreng Curah,20650.0,19851.612903225807,798.3870967741932,4.02,200.0,20464.285714285714,20290.0,89.97354108426612,2026,4,14,2,NORMAL
2026-04-02,Nusa Tenggara Barat,Minyak Goreng Curah,20650.0,19870.967741935485,779.0322580645152,3.92,0.0,20507.14285714286,20306.666666666668,97.59000729487924,2026,4,14,3,NORMAL
2026-04-03,Nusa Tenggara Barat,Minyak Goreng Curah,20650.0,19933.870967741936,716.1290322580644,3.59,0.0,20535.714285714286,20323.333333333332,106.90449676499591,2026,4,14,4,NORMAL
2026-04-06,Nusa Tenggara Barat,Minyak Goreng Curah,21150.0,19908.064516129034,1241.935483870966,6.24,500.0,20635.714285714286,20356.666666666668,247.84787961283538,2026,4,15,0,DEFISIT
2026-04-07,Nusa Tenggara Barat,Minyak Goreng Curah,21150.0,19943.548387096773,1206.4516129032272,6.05,0.0,20735.714285714286,20390.0,296.8084198523468,2026,4,15,1,DEFISIT
2026-04-08,Nusa Tenggara Barat,Minyak Goreng Curah,21800.0,19982.25806451613,1817.7419354838712,9.1,650.0,20928.571428571428,20445.0,468.9146536214929,2026,4,15,2,DEFISIT
2026-04-09,Nusa Tenggara Barat,Minyak Goreng Curah,21800.0,20138.709677419356,1661.290322580644,8.25,0.0,21121.428571428572,20500.0,514.6658647909029,2026,4,15,3,DEFISIT
2026-04-10,Nusa Tenggara Barat,Minyak Goreng Curah,21800.0,20106.451612903227,1693.5483870967728,8.42,0.0,21285.714285714286,20555.0,522.5851491338575,2026,4,15,4,DEFISIT
2026-04-13,Nusa Tenggara Barat,Minyak Goreng Curah,21800.0,20133.870967741936,1666.1290322580644,8.28,0.0,21450.0,20610.0,467.26152562922863,2026,4,16,0,DEFISIT
2026-01-01,Nusa Tenggara Timur,Minyak Goreng Curah,17500.0,18851.612903225807,-1351.6129032258068,-7.17,,17500.0,17500.0,,2026,1,1,3,SURPLUS
2026-01-02,Nusa Tenggara Timur,Minyak Goreng Curah,17500.0,18843.548387096773,-1343.5483870967728,-7.13,0.0,17500.0,17500.0,0.0,2026,1,1,4,SURPLUS
2026-01-05,Nusa Tenggara Timur,Minyak Goreng Curah,17500.0,18840.322580645163,-1340.3225806451628,-7.11,0.0,17500.0,17500.0,0.0,2026,1,2,0,SURPLUS
2026-01-06,Nusa Tenggara Timur,Minyak Goreng Curah,17500.0,18832.25806451613,-1332.2580645161288,-7.07,0.0,17500.0,17500.0,0.0,2026,1,2,1,SURPLUS
2026-01-07,Nusa Tenggara Timur,Minyak Goreng Curah,17500.0,18822.58064516129,-1322.5806451612916,-7.03,0.0,17500.0,17500.0,0.0,2026,1,2,2,SURPLUS
2026-01-08,Nusa Tenggara Timur,Minyak Goreng Curah,17500.0,18822.58064516129,-1322.5806451612916,-7.03,0.0,17500.0,17500.0,0.0,2026,1,2,3,SURPLUS
2026-01-09,Nusa Tenggara Timur,Minyak Goreng Curah,17500.0,18825.8064516129,-1325.8064516129016,-7.04,0.0,17500.0,17500.0,0.0,2026,1,2,4,SURPLUS
2026-01-12,Nusa Tenggara Timur,Minyak Goreng Curah,17500.0,18803.225806451614,-1303.2258064516136,-6.93,0.0,17500.0,17500.0,0.0,2026,1,3,0,SURPLUS
2026-01-13,Nusa Tenggara Timur,Minyak Goreng Curah,17500.0,18816.129032258064,-1316.1290322580644,-6.99,0.0,17500.0,17500.0,0.0,2026,1,3,1,SURPLUS
2026-01-14,Nusa Tenggara Timur,Minyak Goreng Curah,17500.0,18811.290322580644,-1311.290322580644,-6.97,0.0,17500.0,17500.0,0.0,2026,1,3,2,SURPLUS
2026-01-15,Nusa Tenggara Timur,Minyak Goreng Curah,17500.0,18812.90322580645,-1312.9032258064508,-6.98,0.0,17500.0,17500.0,0.0,2026,1,3,3,SURPLUS
2026-01-16,Nusa Tenggara Timur,Minyak Goreng Curah,17500.0,18812.90322580645,-1312.9032258064508,-6.98,0.0,17500.0,17500.0,0.0,2026,1,3,4,SURPLUS
2026-01-19,Nusa Tenggara Timur,Minyak Goreng Curah,17500.0,18809.677419354837,-1309.6774193548372,-6.96,0.0,17500.0,17500.0,0.0,2026,1,4,0,SURPLUS
2026-01-20,Nusa Tenggara Timur,Minyak Goreng Curah,17500.0,18817.74193548387,-1317.7419354838712,-7.0,0.0,17500.0,17500.0,0.0,2026,1,4,1,SURPLUS
2026-01-21,Nusa Tenggara Timur,Minyak Goreng Curah,17500.0,18812.90322580645,-1312.9032258064508,-6.98,0.0,17500.0,17500.0,0.0,2026,1,4,2,SURPLUS
2026-01-22,Nusa Tenggara Timur,Minyak Goreng Curah,17500.0,18816.129032258064,-1316.1290322580644,-6.99,0.0,17500.0,17500.0,0.0,2026,1,4,3,SURPLUS
2026-01-23,Nusa Tenggara Timur,Minyak Goreng Curah,17500.0,18817.74193548387,-1317.7419354838712,-7.0,0.0,17500.0,17500.0,0.0,2026,1,4,4,SURPLUS
2026-01-26,Nusa Tenggara Timur,Minyak Goreng Curah,17500.0,18827.41935483871,-1327.4193548387084,-7.05,0.0,17500.0,17500.0,0.0,2026,1,5,0,SURPLUS
2026-01-27,Nusa Tenggara Timur,Minyak Goreng Curah,17500.0,18830.645161290322,-1330.645161290322,-7.07,0.0,17500.0,17500.0,0.0,2026,1,5,1,SURPLUS
2026-01-28,Nusa Tenggara Timur,Minyak Goreng Curah,17500.0,18824.1935483871,-1324.1935483870984,-7.03,0.0,17500.0,17500.0,0.0,2026,1,5,2,SURPLUS
2026-01-29,Nusa Tenggara Timur,Minyak Goreng Curah,17500.0,18825.8064516129,-1325.8064516129016,-7.04,0.0,17500.0,17500.0,0.0,2026,1,5,3,SURPLUS
2026-01-30,Nusa Tenggara Timur,Minyak Goreng Curah,17500.0,18864.516129032258,-1364.5161290322576,-7.23,0.0,17500.0,17500.0,0.0,2026,1,5,4,SURPLUS
2026-02-02,Nusa Tenggara Timur,Minyak Goreng Curah,17500.0,18872.58064516129,-1372.5806451612916,-7.27,0.0,17500.0,17500.0,0.0,2026,2,6,0,SURPLUS
2026-02-03,Nusa Tenggara Timur,Minyak Goreng Curah,17500.0,18891.935483870966,-1391.935483870966,-7.37,0.0,17500.0,17500.0,0.0,2026,2,6,1,SURPLUS
2026-02-04,Nusa Tenggara Timur,Minyak Goreng Curah,17500.0,18900.0,-1400.0,-7.41,0.0,17500.0,17500.0,0.0,2026,2,6,2,SURPLUS
2026-02-05,Nusa Tenggara Timur,Minyak Goreng Curah,17500.0,18967.74193548387,-1467.7419354838712,-7.74,0.0,17500.0,17500.0,0.0,2026,2,6,3,SURPLUS
2026-02-06,Nusa Tenggara Timur,Minyak Goreng Curah,17500.0,18940.322580645163,-1440.3225806451628,-7.6,0.0,17500.0,17500.0,0.0,2026,2,6,4,SURPLUS
2026-02-09,Nusa Tenggara Timur,Minyak Goreng Curah,17000.0,18922.58064516129,-1922.5806451612916,-10.16,-500.0,17428.571428571428,17482.14285714286,188.98223650461338,2026,2,7,0,SURPLUS
2026-02-10,Nusa Tenggara Timur,Minyak Goreng Curah,17000.0,18927.41935483871,-1927.4193548387084,-10.18,0.0,17357.14285714286,17465.51724137931,243.97501823713242,2026,2,7,1,SURPLUS
2026-02-11,Nusa Tenggara Timur,Minyak Goreng Curah,17000.0,18929.032258064515,-1929.0322580645152,-10.19,0.0,17285.714285714286,17450.0,267.2612419124234,2026,2,7,2,SURPLUS
2026-02-12,Nusa Tenggara Timur,Minyak Goreng Curah,17000.0,18933.870967741936,-1933.8709677419356,-10.21,0.0,17214.285714285714,17433.333333333332,267.2612419124234,2026,2,7,3,SURPLUS
2026-02-13,Nusa Tenggara Timur,Minyak Goreng Curah,17000.0,18982.25806451613,-1982.2580645161288,-10.44,0.0,17142.85714285714,17416.666666666668,243.9750182371317,2026,2,7,4,SURPLUS
2026-02-16,Nusa Tenggara Timur,Minyak Goreng Curah,17000.0,18940.322580645163,-1940.3225806451628,-10.24,0.0,17071.428571428572,17400.0,188.98223650461097,2026,2,8,0,SURPLUS
2026-02-17,Nusa Tenggara Timur,Minyak Goreng Curah,17000.0,18940.322580645163,-1940.3225806451628,-10.24,0.0,17000.0,17383.333333333332,0.0,2026,2,8,1,SURPLUS
2026-02-18,Nusa Tenggara Timur,Minyak Goreng Curah,17000.0,18969.354838709678,-1969.354838709678,-10.38,0.0,17000.0,17366.666666666668,0.0,2026,2,8,2,SURPLUS
2026-02-19,Nusa Tenggara Timur,Minyak Goreng Curah,17000.0,18969.354838709678,-1969.354838709678,-10.38,0.0,17000.0,17350.0,0.0,2026,2,8,3,SURPLUS
2026-02-20,Nusa Tenggara Timur,Minyak Goreng Curah,17000.0,18972.58064516129,-1972.5806451612916,-10.4,0.0,17000.0,17333.333333333332,0.0,2026,2,8,4,SURPLUS
2026-02-23,Nusa Tenggara Timur,Minyak Goreng Curah,17000.0,18974.1935483871,-1974.1935483870984,-10.4,0.0,17000.0,17316.666666666668,0.0,2026,2,9,0,SURPLUS
2026-02-24,Nusa Tenggara Timur,Minyak Goreng Curah,17000.0,19011.290322580644,-2011.290322580644,-10.58,0.0,17000.0,17300.0,0.0,2026,2,9,1,SURPLUS
2026-02-25,Nusa Tenggara Timur,Minyak Goreng Curah,17000.0,19012.90322580645,-2012.9032258064508,-10.59,0.0,17000.0,17283.333333333332,0.0,2026,2,9,2,SURPLUS
2026-02-26,Nusa Tenggara Timur,Minyak Goreng Curah,17000.0,19014.516129032258,-2014.5161290322576,-10.59,0.0,17000.0,17266.666666666668,0.0,2026,2,9,3,SURPLUS
2026-02-27,Nusa Tenggara Timur,Minyak Goreng Curah,17000.0,19017.74193548387,-2017.7419354838712,-10.61,0.0,17000.0,17250.0,0.0,2026,2,9,4,SURPLUS
2026-03-02,Nusa Tenggara Timur,Minyak Goreng Curah,17000.0,19012.90322580645,-2012.9032258064508,-10.59,0.0,17000.0,17233.333333333332,0.0,2026,3,10,0,SURPLUS
2026-03-03,Nusa Tenggara Timur,Minyak Goreng Curah,17000.0,19024.1935483871,-2024.1935483870984,-10.64,0.0,17000.0,17216.666666666668,0.0,2026,3,10,1,SURPLUS
2026-03-04,Nusa Tenggara Timur,Minyak Goreng Curah,17000.0,19041.935483870966,-2041.935483870966,-10.72,0.0,17000.0,17200.0,0.0,2026,3,10,2,SURPLUS
2026-03-05,Nusa Tenggara Timur,Minyak Goreng Curah,17000.0,19043.548387096773,-2043.5483870967728,-10.73,0.0,17000.0,17183.333333333332,0.0,2026,3,10,3,SURPLUS
2026-03-06,Nusa Tenggara Timur,Minyak Goreng Curah,16350.0,19020.967741935485,-2670.967741935485,-14.04,-650.0,16907.14285714286,17145.0,245.67690745599805,2026,3,10,4,SURPLUS
2026-03-09,Nusa Tenggara Timur,Minyak Goreng Curah,16350.0,19029.032258064515,-2679.032258064515,-14.08,0.0,16814.285714285714,17106.666666666668,317.1675237082737,2026,3,11,0,SURPLUS
2026-03-10,Nusa Tenggara Timur,Minyak Goreng Curah,16350.0,19067.74193548387,-2717.741935483871,-14.25,0.0,16721.428571428572,17068.333333333332,347.4396144861516,2026,3,11,1,SURPLUS
2026-03-11,Nusa Tenggara Timur,Minyak Goreng Curah,16350.0,19146.774193548386,-2796.7741935483864,-14.61,0.0,16628.571428571428,17030.0,347.43961448615056,2026,3,11,2,SURPLUS
2026-03-12,Nusa Tenggara Timur,Minyak Goreng Curah,16350.0,19251.612903225807,-2901.612903225807,-15.07,0.0,16535.714285714286,16991.666666666668,317.16752370827015,2026,3,11,3,SURPLUS
2026-03-13,Nusa Tenggara Timur,Minyak Goreng Curah,16350.0,19287.09677419355,-2937.096774193549,-15.23,0.0,16442.85714285714,16953.333333333332,245.67690745599052,2026,3,11,4,SURPLUS
2026-03-16,Nusa Tenggara Timur,Minyak Goreng Curah,16350.0,19469.354838709678,-3119.354838709678,-16.02,0.0,16350.0,16915.0,0.0,2026,3,12,0,SURPLUS
2026-03-17,Nusa Tenggara Timur,Minyak Goreng Curah,16350.0,19659.677419354837,-3309.677419354837,-16.83,0.0,16350.0,16876.666666666668,0.0,2026,3,12,1,SURPLUS
2026-03-18,Nusa Tenggara Timur,Minyak Goreng Curah,16350.0,19662.90322580645,-3312.903225806451,-16.85,0.0,16350.0,16838.333333333332,0.0,2026,3,12,2,SURPLUS
2026-03-19,Nusa Tenggara Timur,Minyak Goreng Curah,16350.0,19654.83870967742,-3304.8387096774204,-16.81,0.0,16350.0,16800.0,0.0,2026,3,12,3,SURPLUS
2026-03-20,Nusa Tenggara Timur,Minyak Goreng Curah,16350.0,19656.451612903227,-3306.451612903227,-16.82,0.0,16350.0,16761.666666666668,0.0,2026,3,12,4,SURPLUS
2026-03-23,Nusa Tenggara Timur,Minyak Goreng Curah,16350.0,19670.967741935485,-3320.967741935485,-16.88,0.0,16350.0,16740.0,0.0,2026,3,13,0,SURPLUS
2026-03-24,Nusa Tenggara Timur,Minyak Goreng Curah,16350.0,19670.967741935485,-3320.967741935485,-16.88,0.0,16350.0,16718.333333333332,0.0,2026,3,13,1,SURPLUS
2026-03-25,Nusa Tenggara Timur,Minyak Goreng Curah,16350.0,19745.16129032258,-3395.1612903225796,-17.19,0.0,16350.0,16696.666666666668,0.0,2026,3,13,2,SURPLUS
2026-03-26,Nusa Tenggara Timur,Minyak Goreng Curah,16350.0,19758.064516129034,-3408.064516129034,-17.25,0.0,16350.0,16675.0,0.0,2026,3,13,3,SURPLUS
2026-03-27,Nusa Tenggara Timur,Minyak Goreng Curah,16350.0,19758.064516129034,-3408.064516129034,-17.25,0.0,16350.0,16653.333333333332,0.0,2026,3,13,4,SURPLUS
2026-03-30,Nusa Tenggara Timur,Minyak Goreng Curah,16350.0,19843.548387096773,-3493.548387096773,-17.61,0.0,16350.0,16631.666666666668,0.0,2026,3,14,0,SURPLUS
2026-03-31,Nusa Tenggara Timur,Minyak Goreng Curah,16350.0,19840.322580645163,-3490.322580645163,-17.59,0.0,16350.0,16610.0,0.0,2026,3,14,1,SURPLUS
2026-04-01,Nusa Tenggara Timur,Minyak Goreng Curah,16350.0,19851.612903225807,-3501.612903225807,-17.64,0.0,16350.0,16588.333333333332,0.0,2026,4,14,2,SURPLUS
2026-04-02,Nusa Tenggara Timur,Minyak Goreng Curah,16350.0,19870.967741935485,-3520.967741935485,-17.72,0.0,16350.0,16566.666666666668,0.0,2026,4,14,3,SURPLUS
2026-04-03,Nusa Tenggara Timur,Minyak Goreng Curah,16350.0,19933.870967741936,-3583.8709677419356,-17.98,0.0,16350.0,16545.0,0.0,2026,4,14,4,SURPLUS
2026-04-06,Nusa Tenggara Timur,Minyak Goreng Curah,16350.0,19908.064516129034,-3558.064516129034,-17.87,0.0,16350.0,16523.333333333332,0.0,2026,4,15,0,SURPLUS
2026-04-07,Nusa Tenggara Timur,Minyak Goreng Curah,16350.0,19943.548387096773,-3593.548387096773,-18.02,0.0,16350.0,16501.666666666668,0.0,2026,4,15,1,SURPLUS
2026-04-08,Nusa Tenggara Timur,Minyak Goreng Curah,16350.0,19982.25806451613,-3632.258064516129,-18.18,0.0,16350.0,16480.0,0.0,2026,4,15,2,SURPLUS
2026-04-09,Nusa Tenggara Timur,Minyak Goreng Curah,16350.0,20138.709677419356,-3788.709677419356,-18.81,0.0,16350.0,16458.333333333332,0.0,2026,4,15,3,SURPLUS
2026-04-10,Nusa Tenggara Timur,Minyak Goreng Curah,16350.0,20106.451612903227,-3756.451612903227,-18.68,0.0,16350.0,16436.666666666668,0.0,2026,4,15,4,SURPLUS
2026-04-13,Nusa Tenggara Timur,Minyak Goreng Curah,16350.0,20133.870967741936,-3783.8709677419356,-18.79,0.0,16350.0,16415.0,0.0,2026,4,16,0,SURPLUS
2026-01-01,Papua,Minyak Goreng Curah,21950.0,18851.612903225807,3098.387096774193,16.44,,21950.0,21950.0,,2026,1,1,3,DEFISIT
2026-01-02,Papua,Minyak Goreng Curah,21950.0,18843.548387096773,3106.451612903227,16.49,0.0,21950.0,21950.0,0.0,2026,1,1,4,DEFISIT
2026-01-05,Papua,Minyak Goreng Curah,21900.0,18840.322580645163,3059.677419354837,16.24,-50.0,21933.333333333332,21933.333333333332,28.86751345948076,2026,1,2,0,DEFISIT
2026-01-06,Papua,Minyak Goreng Curah,21650.0,18832.25806451613,2817.741935483871,14.96,-250.0,21862.5,21862.5,143.61406616345036,2026,1,2,1,DEFISIT
2026-01-07,Papua,Minyak Goreng Curah,21650.0,18822.58064516129,2827.4193548387084,15.02,0.0,21820.0,21820.0,156.524758424985,2026,1,2,2,DEFISIT
2026-01-08,Papua,Minyak Goreng Curah,21650.0,18822.58064516129,2827.4193548387084,15.02,0.0,21791.666666666668,21791.666666666668,156.2583331111229,2026,1,2,3,DEFISIT
2026-01-09,Papua,Minyak Goreng Curah,21650.0,18825.8064516129,2824.1935483870984,15.0,0.0,21771.428571428572,21771.428571428572,152.36235005501112,2026,1,2,4,DEFISIT
2026-01-12,Papua,Minyak Goreng Curah,21650.0,18803.225806451614,2846.7741935483864,15.14,0.0,21728.571428571428,21756.25,134.9603116263662,2026,1,3,0,DEFISIT
2026-01-13,Papua,Minyak Goreng Curah,21650.0,18816.129032258064,2833.8709677419356,15.06,0.0,21685.714285714286,21744.444444444445,94.49111825230949,2026,1,3,1,DEFISIT
2026-01-14,Papua,Minyak Goreng Curah,21650.0,18811.290322580644,2838.709677419356,15.09,0.0,21650.0,21735.0,0.0,2026,1,3,2,DEFISIT
2026-01-15,Papua,Minyak Goreng Curah,21650.0,18812.90322580645,2837.096774193549,15.08,0.0,21650.0,21727.272727272728,0.0,2026,1,3,3,DEFISIT
2026-01-16,Papua,Minyak Goreng Curah,21650.0,18812.90322580645,2837.096774193549,15.08,0.0,21650.0,21720.833333333332,0.0,2026,1,3,4,DEFISIT
2026-01-19,Papua,Minyak Goreng Curah,21650.0,18809.677419354837,2840.322580645163,15.1,0.0,21650.0,21715.384615384617,0.0,2026,1,4,0,DEFISIT
2026-01-20,Papua,Minyak Goreng Curah,21650.0,18817.74193548387,2832.258064516129,15.05,0.0,21650.0,21710.714285714286,0.0,2026,1,4,1,DEFISIT
2026-01-21,Papua,Minyak Goreng Curah,21600.0,18812.90322580645,2787.096774193549,14.81,-50.0,21642.85714285714,21703.333333333332,18.898223650461016,2026,1,4,2,DEFISIT
2026-01-22,Papua,Minyak Goreng Curah,21600.0,18816.129032258064,2783.8709677419356,14.8,0.0,21635.714285714286,21696.875,24.397501823712222,2026,1,4,3,DEFISIT
2026-01-23,Papua,Minyak Goreng Curah,21600.0,18817.74193548387,2782.258064516129,14.79,0.0,21628.571428571428,21691.176470588234,26.726124191240128,2026,1,4,4,DEFISIT
2026-01-26,Papua,Minyak Goreng Curah,21650.0,18827.41935483871,2822.5806451612916,14.99,50.0,21628.571428571428,21688.88888888889,26.726124191240128,2026,1,5,0,DEFISIT
2026-01-27,Papua,Minyak Goreng Curah,21650.0,18830.645161290322,2819.354838709678,14.97,0.0,21628.571428571428,21686.842105263157,26.726124191240128,2026,1,5,1,DEFISIT
2026-01-28,Papua,Minyak Goreng Curah,21650.0,18824.1935483871,2825.8064516129016,15.01,0.0,21628.571428571428,21685.0,26.726124191240128,2026,1,5,2,DEFISIT
2026-01-29,Papua,Minyak Goreng Curah,21650.0,18825.8064516129,2824.1935483870984,15.0,0.0,21628.571428571428,21683.333333333332,26.726124191240128,2026,1,5,3,DEFISIT
2026-01-30,Papua,Minyak Goreng Curah,21700.0,18864.516129032258,2835.4838709677424,15.03,50.0,21642.85714285714,21684.090909090908,34.503277967118144,2026,1,5,4,DEFISIT
2026-02-02,Papua,Minyak Goreng Curah,21700.0,18872.58064516129,2827.4193548387084,14.98,0.0,21657.14285714286,21684.782608695652,34.503277967120965,2026,2,6,0,DEFISIT
2026-02-03,Papua,Minyak Goreng Curah,21700.0,18891.935483870966,2808.064516129034,14.86,0.0,21671.428571428572,21685.416666666668,26.726124191250097,2026,2,6,1,DEFISIT
2026-02-04,Papua,Minyak Goreng Curah,21700.0,18900.0,2800.0,14.81,0.0,21678.571428571428,21686.0,26.72612419125192,2026,2,6,2,DEFISIT
2026-02-05,Papua,Minyak Goreng Curah,21700.0,18967.74193548387,2732.258064516129,14.4,0.0,21685.714285714286,21686.53846153846,24.39750182372514,2026,2,6,3,DEFISIT
2026-02-06,Papua,Minyak Goreng Curah,21700.0,18940.322580645163,2759.677419354837,14.57,0.0,21692.85714285714,21687.037037037036,18.898223650477693,2026,2,6,4,DEFISIT
2026-02-09,Papua,Minyak Goreng Curah,21600.0,18922.58064516129,2677.4193548387084,14.15,-100.0,21685.714285714286,21683.928571428572,37.79644730093118,2026,2,7,0,DEFISIT
2026-02-10,Papua,Minyak Goreng Curah,21600.0,18927.41935483871,2672.5806451612916,14.12,0.0,21671.428571428572,21681.03448275862,48.795003647433724,2026,2,7,1,DEFISIT
2026-02-11,Papua,Minyak Goreng Curah,21600.0,18929.032258064515,2670.967741935485,14.11,0.0,21657.14285714286,21678.333333333332,53.4522483824917,2026,2,7,2,DEFISIT
2026-02-12,Papua,Minyak Goreng Curah,21600.0,18933.870967741936,2666.1290322580644,14.08,0.0,21642.85714285714,21666.666666666668,53.4522483824917,2026,2,7,3,DEFISIT
2026-02-13,Papua,Minyak Goreng Curah,21600.0,18982.25806451613,2617.741935483871,13.79,0.0,21628.571428571428,21655.0,48.795003647433724,2026,2,7,4,DEFISIT
2026-02-16,Papua,Minyak Goreng Curah,21600.0,18940.322580645163,2659.677419354837,14.04,0.0,21614.285714285714,21645.0,37.79644730093117,2026,2,8,0,DEFISIT
2026-02-17,Papua,Minyak Goreng Curah,21600.0,18940.322580645163,2659.677419354837,14.04,0.0,21600.0,21643.333333333332,2.509933591607651e-05,2026,2,8,1,DEFISIT
2026-02-18,Papua,Minyak Goreng Curah,21550.0,18969.354838709678,2580.645161290322,13.6,-50.0,21592.85714285714,21640.0,18.898223650477686,2026,2,8,2,DEFISIT
2026-02-19,Papua,Minyak Goreng Curah,21550.0,18969.354838709678,2580.645161290322,13.6,0.0,21585.714285714286,21636.666666666668,24.397501823725133,2026,2,8,3,DEFISIT
2026-02-20,Papua,Minyak Goreng Curah,21550.0,18972.58064516129,2577.4193548387084,13.58,0.0,21578.571428571428,21633.333333333332,26.726124191251916,2026,2,8,4,DEFISIT
2026-02-23,Papua,Minyak Goreng Curah,21550.0,18974.1935483871,2575.8064516129016,13.58,0.0,21571.428571428572,21630.0,26.726124191250094,2026,2,9,0,DEFISIT
2026-02-24,Papua,Minyak Goreng Curah,21550.0,19011.290322580644,2538.709677419356,13.35,0.0,21564.285714285714,21626.666666666668,24.397501823719878,2026,2,9,1,DEFISIT
2026-02-25,Papua,Minyak Goreng Curah,21550.0,19012.90322580645,2537.096774193549,13.34,0.0,21557.14285714286,21623.333333333332,18.898223650467926,2026,2,9,2,DEFISIT
2026-02-26,Papua,Minyak Goreng Curah,21550.0,19014.516129032258,2535.4838709677424,13.33,0.0,21550.0,21620.0,1.2185032214337364e-05,2026,2,9,3,DEFISIT
2026-02-27,Papua,Minyak Goreng Curah,21550.0,19017.74193548387,2532.258064516129,13.32,0.0,21550.0,21616.666666666668,1.2185032214337364e-05,2026,2,9,4,DEFISIT
2026-03-02,Papua,Minyak Goreng Curah,21550.0,19012.90322580645,2537.096774193549,13.34,0.0,21550.0,21613.333333333332,1.2185032214337364e-05,2026,3,10,0,DEFISIT
2026-03-03,Papua,Minyak Goreng Curah,21550.0,19024.1935483871,2525.8064516129016,13.28,0.0,21550.0,21610.0,1.2185032214337364e-05,2026,3,10,1,DEFISIT
2026-03-04,Papua,Minyak Goreng Curah,21550.0,19041.935483870966,2508.064516129034,13.17,0.0,21550.0,21608.333333333332,1.2185032214337364e-05,2026,3,10,2,DEFISIT
2026-03-05,Papua,Minyak Goreng Curah,21550.0,19043.548387096773,2506.451612903227,13.16,0.0,21550.0,21606.666666666668,1.2185032214337364e-05,2026,3,10,3,DEFISIT
2026-03-06,Papua,Minyak Goreng Curah,21550.0,19020.967741935485,2529.032258064515,13.3,0.0,21550.0,21605.0,1.2185032214337364e-05,2026,3,10,4,DEFISIT
2026-03-09,Papua,Minyak Goreng Curah,21550.0,19029.032258064515,2520.967741935485,13.25,0.0,21550.0,21601.666666666668,1.2185032214337364e-05,2026,3,11,0,DEFISIT
2026-03-10,Papua,Minyak Goreng Curah,21550.0,19067.74193548387,2482.258064516129,13.02,0.0,21550.0,21598.333333333332,1.2185032214337364e-05,2026,3,11,1,DEFISIT
2026-03-11,Papua,Minyak Goreng Curah,21550.0,19146.774193548386,2403.2258064516136,12.55,0.0,21550.0,21595.0,1.2185032214337364e-05,2026,3,11,2,DEFISIT
2026-03-12,Papua,Minyak Goreng Curah,21550.0,19251.612903225807,2298.387096774193,11.94,0.0,21550.0,21591.666666666668,1.2185032214337364e-05,2026,3,11,3,DEFISIT
2026-03-13,Papua,Minyak Goreng Curah,21550.0,19287.09677419355,2262.903225806451,11.73,0.0,21550.0,21586.666666666668,1.2185032214337364e-05,2026,3,11,4,DEFISIT
2026-03-16,Papua,Minyak Goreng Curah,21550.0,19469.354838709678,2080.645161290322,10.69,0.0,21550.0,21581.666666666668,1.2185032214337364e-05,2026,3,12,0,DEFISIT
2026-03-17,Papua,Minyak Goreng Curah,21600.0,19659.677419354837,1940.3225806451628,9.87,50.0,21557.14285714286,21578.333333333332,18.898223650467926,2026,3,12,1,DEFISIT
2026-03-18,Papua,Minyak Goreng Curah,21600.0,19662.90322580645,1937.0967741935492,9.85,0.0,21564.285714285714,21575.0,24.397501823719878,2026,3,12,2,DEFISIT
2026-03-19,Papua,Minyak Goreng Curah,21600.0,19654.83870967742,1945.1612903225796,9.9,0.0,21571.428571428572,21571.666666666668,26.726124191250094,2026,3,12,3,DEFISIT
2026-03-20,Papua,Minyak Goreng Curah,21600.0,19656.451612903227,1943.5483870967728,9.89,0.0,21578.571428571428,21568.333333333332,26.726124191251916,2026,3,12,4,DEFISIT
2026-03-23,Papua,Minyak Goreng Curah,21600.0,19670.967741935485,1929.0322580645152,9.81,0.0,21585.714285714286,21568.333333333332,24.397501823725133,2026,3,13,0,DEFISIT
2026-03-24,Papua,Minyak Goreng Curah,21600.0,19670.967741935485,1929.0322580645152,9.81,0.0,21592.85714285714,21568.333333333332,18.898223650477686,2026,3,13,1,DEFISIT
2026-03-25,Papua,Minyak Goreng Curah,21600.0,19745.16129032258,1854.8387096774204,9.39,0.0,21600.0,21568.333333333332,2.509933591607651e-05,2026,3,13,2,DEFISIT
2026-03-26,Papua,Minyak Goreng Curah,21600.0,19758.064516129034,1841.935483870966,9.32,0.0,21600.0,21568.333333333332,2.509933591607651e-05,2026,3,13,3,DEFISIT
2026-03-27,Papua,Minyak Goreng Curah,21600.0,19758.064516129034,1841.935483870966,9.32,0.0,21600.0,21568.333333333332,2.509933591607651e-05,2026,3,13,4,DEFISIT
2026-03-30,Papua,Minyak Goreng Curah,21650.0,19843.548387096773,1806.4516129032272,9.1,50.0,21607.14285714286,21570.0,18.898223650477686,2026,3,14,0,DEFISIT
2026-03-31,Papua,Minyak Goreng Curah,21650.0,19840.322580645163,1809.6774193548372,9.12,0.0,21614.285714285714,21571.666666666668,24.397501823725133,2026,3,14,1,DEFISIT
2026-04-01,Papua,Minyak Goreng Curah,21650.0,19851.612903225807,1798.3870967741932,9.06,0.0,21621.428571428572,21575.0,26.726124191251916,2026,4,14,2,DEFISIT
2026-04-02,Papua,Minyak Goreng Curah,21650.0,19870.967741935485,1779.0322580645152,8.95,0.0,21628.571428571428,21578.333333333332,26.726124191250094,2026,4,14,3,DEFISIT
2026-04-03,Papua,Minyak Goreng Curah,21650.0,19933.870967741936,1716.1290322580644,8.61,0.0,21635.714285714286,21581.666666666668,24.397501823719878,2026,4,14,4,DEFISIT
2026-04-06,Papua,Minyak Goreng Curah,21650.0,19908.064516129034,1741.935483870966,8.75,0.0,21642.85714285714,21585.0,18.898223650467926,2026,4,15,0,DEFISIT
2026-04-07,Papua,Minyak Goreng Curah,21650.0,19943.548387096773,1706.4516129032272,8.56,0.0,21650.0,21588.333333333332,1.2185032214337364e-05,2026,4,15,1,DEFISIT
2026-04-08,Papua,Minyak Goreng Curah,21650.0,19982.25806451613,1667.7419354838712,8.35,0.0,21650.0,21591.666666666668,1.2185032214337364e-05,2026,4,15,2,DEFISIT
2026-04-09,Papua,Minyak Goreng Curah,21650.0,20138.709677419356,1511.290322580644,7.5,0.0,21650.0,21595.0,1.2185032214337364e-05,2026,4,15,3,DEFISIT
2026-04-10,Papua,Minyak Goreng Curah,21650.0,20106.451612903227,1543.5483870967728,7.68,0.0,21650.0,21598.333333333332,1.2185032214337364e-05,2026,4,15,4,DEFISIT
2026-04-13,Papua,Minyak Goreng Curah,21650.0,20133.870967741936,1516.1290322580644,7.53,0.0,21650.0,21601.666666666668,1.2185032214337364e-05,2026,4,16,0,DEFISIT
2026-01-01,Riau,Minyak Goreng Curah,18950.0,18851.612903225807,98.3870967741932,0.52,,18950.0,18950.0,,2026,1,1,3,NORMAL
2026-01-02,Riau,Minyak Goreng Curah,18950.0,18843.548387096773,106.45161290322721,0.56,0.0,18950.0,18950.0,0.0,2026,1,1,4,NORMAL
2026-01-05,Riau,Minyak Goreng Curah,18950.0,18840.322580645163,109.67741935483718,0.58,0.0,18950.0,18950.0,0.0,2026,1,2,0,NORMAL
2026-01-06,Riau,Minyak Goreng Curah,18950.0,18832.25806451613,117.7419354838712,0.63,0.0,18950.0,18950.0,0.0,2026,1,2,1,NORMAL
2026-01-07,Riau,Minyak Goreng Curah,19000.0,18822.58064516129,177.4193548387084,0.94,50.0,18960.0,18960.0,22.360679774997898,2026,1,2,2,NORMAL
2026-01-08,Riau,Minyak Goreng Curah,19000.0,18822.58064516129,177.4193548387084,0.94,0.0,18966.666666666668,18966.666666666668,25.819888974715926,2026,1,2,3,NORMAL
2026-01-09,Riau,Minyak Goreng Curah,19000.0,18825.8064516129,174.19354838709842,0.93,0.0,18971.428571428572,18971.428571428572,26.72612419124207,2026,1,2,4,NORMAL
2026-01-12,Riau,Minyak Goreng Curah,19000.0,18803.225806451614,196.7741935483864,1.05,0.0,18978.571428571428,18975.0,26.72612419124207,2026,1,3,0,NORMAL
2026-01-13,Riau,Minyak Goreng Curah,19000.0,18816.129032258064,183.8709677419356,0.98,0.0,18985.714285714286,18977.777777777777,24.397501823713192,2026,1,3,1,NORMAL
2026-01-14,Riau,Minyak Goreng Curah,19000.0,18811.290322580644,188.709677419356,1.0,0.0,18992.85714285714,18980.0,18.898223650460785,2026,1,3,2,NORMAL
2026-01-15,Riau,Minyak Goreng Curah,19000.0,18812.90322580645,187.0967741935492,0.99,0.0,19000.0,18981.81818181818,0.0,2026,1,3,3,NORMAL
2026-01-16,Riau,Minyak Goreng Curah,19000.0,18812.90322580645,187.0967741935492,0.99,0.0,19000.0,18983.333333333332,0.0,2026,1,3,4,NORMAL
2026-01-19,Riau,Minyak Goreng Curah,19000.0,18809.677419354837,190.32258064516282,1.01,0.0,19000.0,18984.615384615383,0.0,2026,1,4,0,NORMAL
2026-01-20,Riau,Minyak Goreng Curah,19000.0,18817.74193548387,182.2580645161288,0.97,0.0,19000.0,18985.714285714286,0.0,2026,1,4,1,NORMAL
2026-01-21,Riau,Minyak Goreng Curah,19000.0,18812.90322580645,187.0967741935492,0.99,0.0,19000.0,18986.666666666668,0.0,2026,1,4,2,NORMAL
2026-01-22,Riau,Minyak Goreng Curah,19000.0,18816.129032258064,183.8709677419356,0.98,0.0,19000.0,18987.5,0.0,2026,1,4,3,NORMAL
2026-01-23,Riau,Minyak Goreng Curah,19000.0,18817.74193548387,182.2580645161288,0.97,0.0,19000.0,18988.235294117647,0.0,2026,1,4,4,NORMAL
2026-01-26,Riau,Minyak Goreng Curah,19000.0,18827.41935483871,172.5806451612916,0.92,0.0,19000.0,18988.88888888889,0.0,2026,1,5,0,NORMAL
2026-01-27,Riau,Minyak Goreng Curah,19000.0,18830.645161290322,169.354838709678,0.9,0.0,19000.0,18989.473684210527,0.0,2026,1,5,1,NORMAL
2026-01-28,Riau,Minyak Goreng Curah,19000.0,18824.1935483871,175.80645161290158,0.93,0.0,19000.0,18990.0,0.0,2026,1,5,2,NORMAL
2026-01-29,Riau,Minyak Goreng Curah,19000.0,18825.8064516129,174.19354838709842,0.93,0.0,19000.0,18990.47619047619,0.0,2026,1,5,3,NORMAL
2026-01-30,Riau,Minyak Goreng Curah,19000.0,18864.516129032258,135.4838709677424,0.72,0.0,19000.0,18990.909090909092,0.0,2026,1,5,4,NORMAL
2026-02-02,Riau,Minyak Goreng Curah,19000.0,18872.58064516129,127.41935483870839,0.68,0.0,19000.0,18991.304347826088,0.0,2026,2,6,0,NORMAL
2026-02-03,Riau,Minyak Goreng Curah,19000.0,18891.935483870966,108.06451612903402,0.57,0.0,19000.0,18991.666666666668,0.0,2026,2,6,1,NORMAL
2026-02-04,Riau,Minyak Goreng Curah,19000.0,18900.0,100.0,0.53,0.0,19000.0,18992.0,0.0,2026,2,6,2,NORMAL
2026-02-05,Riau,Minyak Goreng Curah,19000.0,18967.74193548387,32.2580645161288,0.17,0.0,19000.0,18992.30769230769,0.0,2026,2,6,3,NORMAL
2026-02-06,Riau,Minyak Goreng Curah,19000.0,18940.322580645163,59.677419354837184,0.32,0.0,19000.0,18992.59259259259,0.0,2026,2,6,4,NORMAL
2026-02-09,Riau,Minyak Goreng Curah,19000.0,18922.58064516129,77.41935483870839,0.41,0.0,19000.0,18992.85714285714,0.0,2026,2,7,0,NORMAL
2026-02-10,Riau,Minyak Goreng Curah,19000.0,18927.41935483871,72.58064516129161,0.38,0.0,19000.0,18993.103448275862,0.0,2026,2,7,1,NORMAL
2026-02-11,Riau,Minyak Goreng Curah,19000.0,18929.032258064515,70.96774193548481,0.37,0.0,19000.0,18993.333333333332,0.0,2026,2,7,2,NORMAL
2026-02-12,Riau,Minyak Goreng Curah,19000.0,18933.870967741936,66.1290322580644,0.35,0.0,19000.0,18995.0,0.0,2026,2,7,3,NORMAL
2026-02-13,Riau,Minyak Goreng Curah,19000.0,18982.25806451613,17.741935483871202,0.09,0.0,19000.0,18996.666666666668,0.0,2026,2,7,4,NORMAL
2026-02-16,Riau,Minyak Goreng Curah,19000.0,18940.322580645163,59.677419354837184,0.32,0.0,19000.0,18998.333333333332,0.0,2026,2,8,0,NORMAL
2026-02-17,Riau,Minyak Goreng Curah,19000.0,18940.322580645163,59.677419354837184,0.32,0.0,19000.0,19000.0,0.0,2026,2,8,1,NORMAL
2026-02-18,Riau,Minyak Goreng Curah,19000.0,18969.354838709678,30.645161290321994,0.16,0.0,19000.0,19000.0,0.0,2026,2,8,2,NORMAL
2026-02-19,Riau,Minyak Goreng Curah,19000.0,18969.354838709678,30.645161290321994,0.16,0.0,19000.0,19000.0,0.0,2026,2,8,3,NORMAL
2026-02-20,Riau,Minyak Goreng Curah,19000.0,18972.58064516129,27.419354838708387,0.14,0.0,19000.0,19000.0,0.0,2026,2,8,4,NORMAL
2026-02-23,Riau,Minyak Goreng Curah,19000.0,18974.1935483871,25.806451612901583,0.14,0.0,19000.0,19000.0,0.0,2026,2,9,0,NORMAL
2026-02-24,Riau,Minyak Goreng Curah,19000.0,19011.290322580644,-11.290322580643988,-0.06,0.0,19000.0,19000.0,0.0,2026,2,9,1,NORMAL
2026-02-25,Riau,Minyak Goreng Curah,19000.0,19012.90322580645,-12.903225806450791,-0.07,0.0,19000.0,19000.0,0.0,2026,2,9,2,NORMAL
2026-02-26,Riau,Minyak Goreng Curah,19000.0,19014.516129032258,-14.516129032257595,-0.08,0.0,19000.0,19000.0,0.0,2026,2,9,3,NORMAL
2026-02-27,Riau,Minyak Goreng Curah,19000.0,19017.74193548387,-17.741935483871202,-0.09,0.0,19000.0,19000.0,0.0,2026,2,9,4,NORMAL
2026-03-02,Riau,Minyak Goreng Curah,19000.0,19012.90322580645,-12.903225806450791,-0.07,0.0,19000.0,19000.0,0.0,2026,3,10,0,NORMAL
2026-03-03,Riau,Minyak Goreng Curah,19000.0,19024.1935483871,-24.193548387098417,-0.13,0.0,19000.0,19000.0,0.0,2026,3,10,1,NORMAL
2026-03-04,Riau,Minyak Goreng Curah,19000.0,19041.935483870966,-41.93548387096598,-0.22,0.0,19000.0,19000.0,0.0,2026,3,10,2,NORMAL
2026-03-05,Riau,Minyak Goreng Curah,19100.0,19043.548387096773,56.451612903227215,0.3,100.0,19014.285714285714,19003.333333333332,37.796447300922836,2026,3,10,3,NORMAL
2026-03-06,Riau,Minyak Goreng Curah,19150.0,19020.967741935485,129.0322580645152,0.68,50.0,19035.714285714286,19008.333333333332,62.67831705280192,2026,3,10,4,NORMAL
2026-03-09,Riau,Minyak Goreng Curah,19150.0,19029.032258064515,120.96774193548481,0.64,0.0,19057.14285714286,19013.333333333332,73.19250547114164,2026,3,11,0,NORMAL
2026-03-10,Riau,Minyak Goreng Curah,19150.0,19067.74193548387,82.2580645161288,0.43,0.0,19078.571428571428,19018.333333333332,75.59289460184763,2026,3,11,1,NORMAL
2026-03-11,Riau,Minyak Goreng Curah,19150.0,19146.774193548386,3.2258064516136074,0.02,0.0,19100.0,19023.333333333332,70.71067811865782,2026,3,11,2,NORMAL
2026-03-12,Riau,Minyak Goreng Curah,19150.0,19251.612903225807,-101.6129032258068,-0.53,0.0,19121.428571428572,19028.333333333332,56.69467095138913,2026,3,11,3,NORMAL
2026-03-13,Riau,Minyak Goreng Curah,19150.0,19287.09677419355,-137.0967741935492,-0.71,0.0,19142.85714285714,19033.333333333332,18.89822365047955,2026,3,11,4,NORMAL
2026-03-16,Riau,Minyak Goreng Curah,19200.0,19469.354838709678,-269.354838709678,-1.38,50.0,19157.14285714286,19040.0,18.89822365047955,2026,3,12,0,NORMAL
2026-03-17,Riau,Minyak Goreng Curah,19200.0,19659.677419354837,-459.6774193548372,-2.34,0.0,19164.285714285714,19046.666666666668,24.39750182372658,2026,3,12,1,NORMAL
2026-03-18,Riau,Minyak Goreng Curah,19200.0,19662.90322580645,-462.9032258064508,-2.35,0.0,19171.428571428572,19053.333333333332,26.726124191253234,2026,3,12,2,NORMAL
2026-03-19,Riau,Minyak Goreng Curah,19200.0,19654.83870967742,-454.8387096774204,-2.31,0.0,19178.571428571428,19060.0,26.72612419125141,2026,3,12,3,NORMAL
2026-03-20,Riau,Minyak Goreng Curah,19200.0,19656.451612903227,-456.4516129032272,-2.32,0.0,19185.714285714286,19066.666666666668,24.397501823721328,2026,3,12,4,NORMAL
2026-03-23,Riau,Minyak Goreng Curah,19200.0,19670.967741935485,-470.9677419354848,-2.39,0.0,19192.85714285714,19073.333333333332,18.898223650469795,2026,3,13,0,NORMAL
2026-03-24,Riau,Minyak Goreng Curah,19200.0,19670.967741935485,-470.9677419354848,-2.39,0.0,19200.0,19080.0,1.4802446821459511e-05,2026,3,13,1,NORMAL
2026-03-25,Riau,Minyak Goreng Curah,19200.0,19745.16129032258,-545.1612903225796,-2.76,0.0,19200.0,19086.666666666668,1.4802446821459511e-05,2026,3,13,2,NORMAL
2026-03-26,Riau,Minyak Goreng Curah,19200.0,19758.064516129034,-558.064516129034,-2.82,0.0,19200.0,19093.333333333332,1.4802446821459511e-05,2026,3,13,3,NORMAL
2026-03-27,Riau,Minyak Goreng Curah,19200.0,19758.064516129034,-558.064516129034,-2.82,0.0,19200.0,19100.0,1.4802446821459511e-05,2026,3,13,4,NORMAL
2026-03-30,Riau,Minyak Goreng Curah,19300.0,19843.548387096773,-543.5483870967728,-2.74,100.0,19214.285714285714,19110.0,37.79644730092276,2026,3,14,0,NORMAL
2026-03-31,Riau,Minyak Goreng Curah,19300.0,19840.322580645163,-540.3225806451628,-2.72,0.0,19228.571428571428,19120.0,48.795003647424366,2026,3,14,1,NORMAL
2026-04-01,Riau,Minyak Goreng Curah,19300.0,19851.612903225807,-551.6129032258068,-2.78,0.0,19242.85714285714,19130.0,53.45224838248105,2026,4,14,2,NORMAL
2026-04-02,Riau,Minyak Goreng Curah,19350.0,19870.967741935485,-520.9677419354848,-2.62,50.0,19264.285714285714,19141.666666666668,62.67831705279509,2026,4,14,3,NORMAL
2026-04-03,Riau,Minyak Goreng Curah,19350.0,19933.870967741936,-583.8709677419356,-2.93,0.0,19285.714285714286,19153.333333333332,62.67831705279239,2026,4,14,4,NORMAL
2026-04-06,Riau,Minyak Goreng Curah,19700.0,19908.064516129034,-208.06451612903402,-1.05,350.0,19357.14285714286,19176.666666666668,159.23926292576465,2026,4,15,0,NORMAL
2026-04-07,Riau,Minyak Goreng Curah,19750.0,19943.548387096773,-193.54838709677279,-0.97,50.0,19435.714285714286,19201.666666666668,199.4038734877079,2026,4,15,1,NORMAL
2026-04-08,Riau,Minyak Goreng Curah,19750.0,19982.25806451613,-232.2580645161288,-1.16,0.0,19500.0,19226.666666666668,219.84843263787374,2026,4,15,2,NORMAL
2026-04-09,Riau,Minyak Goreng Curah,20050.0,20138.709677419356,-88.70967741935601,-0.44,300.0,19607.14285714286,19261.666666666668,280.51822791125716,2026,4,15,3,NORMAL
2026-04-10,Riau,Minyak Goreng Curah,20100.0,20106.451612903227,-6.451612903227215,-0.03,50.0,19721.428571428572,19298.333333333332,297.00889837558924,2026,4,15,4,NORMAL
2026-04-13,Riau,Minyak Goreng Curah,20100.0,20133.870967741936,-33.8709677419356,-0.17,0.0,19828.571428571428,19335.0,275.1622897751082,2026,4,16,0,NORMAL
2026-01-01,Sulawesi Barat,Minyak Goreng Curah,17250.0,18851.612903225807,-1601.6129032258068,-8.5,,17250.0,17250.0,,2026,1,1,3,SURPLUS
2026-01-02,Sulawesi Barat,Minyak Goreng Curah,17250.0,18843.548387096773,-1593.5483870967728,-8.46,0.0,17250.0,17250.0,0.0,2026,1,1,4,SURPLUS
2026-01-05,Sulawesi Barat,Minyak Goreng Curah,17250.0,18840.322580645163,-1590.3225806451628,-8.44,0.0,17250.0,17250.0,0.0,2026,1,2,0,SURPLUS
2026-01-06,Sulawesi Barat,Minyak Goreng Curah,17250.0,18832.25806451613,-1582.2580645161288,-8.4,0.0,17250.0,17250.0,0.0,2026,1,2,1,SURPLUS
2026-01-07,Sulawesi Barat,Minyak Goreng Curah,17250.0,18822.58064516129,-1572.5806451612916,-8.35,0.0,17250.0,17250.0,0.0,2026,1,2,2,SURPLUS
2026-01-08,Sulawesi Barat,Minyak Goreng Curah,17250.0,18822.58064516129,-1572.5806451612916,-8.35,0.0,17250.0,17250.0,0.0,2026,1,2,3,SURPLUS
2026-01-09,Sulawesi Barat,Minyak Goreng Curah,17250.0,18825.8064516129,-1575.8064516129016,-8.37,0.0,17250.0,17250.0,0.0,2026,1,2,4,SURPLUS
2026-01-12,Sulawesi Barat,Minyak Goreng Curah,17250.0,18803.225806451614,-1553.2258064516136,-8.26,0.0,17250.0,17250.0,0.0,2026,1,3,0,SURPLUS
2026-01-13,Sulawesi Barat,Minyak Goreng Curah,17250.0,18816.129032258064,-1566.1290322580644,-8.32,0.0,17250.0,17250.0,0.0,2026,1,3,1,SURPLUS
2026-01-14,Sulawesi Barat,Minyak Goreng Curah,17250.0,18811.290322580644,-1561.290322580644,-8.3,0.0,17250.0,17250.0,0.0,2026,1,3,2,SURPLUS
2026-01-15,Sulawesi Barat,Minyak Goreng Curah,17250.0,18812.90322580645,-1562.9032258064508,-8.31,0.0,17250.0,17250.0,0.0,2026,1,3,3,SURPLUS
2026-01-16,Sulawesi Barat,Minyak Goreng Curah,17250.0,18812.90322580645,-1562.9032258064508,-8.31,0.0,17250.0,17250.0,0.0,2026,1,3,4,SURPLUS
2026-01-19,Sulawesi Barat,Minyak Goreng Curah,17250.0,18809.677419354837,-1559.6774193548372,-8.29,0.0,17250.0,17250.0,0.0,2026,1,4,0,SURPLUS
2026-01-20,Sulawesi Barat,Minyak Goreng Curah,17250.0,18817.74193548387,-1567.7419354838712,-8.33,0.0,17250.0,17250.0,0.0,2026,1,4,1,SURPLUS
2026-01-21,Sulawesi Barat,Minyak Goreng Curah,17250.0,18812.90322580645,-1562.9032258064508,-8.31,0.0,17250.0,17250.0,0.0,2026,1,4,2,SURPLUS
2026-01-22,Sulawesi Barat,Minyak Goreng Curah,17250.0,18816.129032258064,-1566.1290322580644,-8.32,0.0,17250.0,17250.0,0.0,2026,1,4,3,SURPLUS
2026-01-23,Sulawesi Barat,Minyak Goreng Curah,17250.0,18817.74193548387,-1567.7419354838712,-8.33,0.0,17250.0,17250.0,0.0,2026,1,4,4,SURPLUS
2026-01-26,Sulawesi Barat,Minyak Goreng Curah,17250.0,18827.41935483871,-1577.4193548387084,-8.38,0.0,17250.0,17250.0,0.0,2026,1,5,0,SURPLUS
2026-01-27,Sulawesi Barat,Minyak Goreng Curah,17250.0,18830.645161290322,-1580.645161290322,-8.39,0.0,17250.0,17250.0,0.0,2026,1,5,1,SURPLUS
2026-01-28,Sulawesi Barat,Minyak Goreng Curah,17250.0,18824.1935483871,-1574.1935483870984,-8.36,0.0,17250.0,17250.0,0.0,2026,1,5,2,SURPLUS
2026-01-29,Sulawesi Barat,Minyak Goreng Curah,17250.0,18825.8064516129,-1575.8064516129016,-8.37,0.0,17250.0,17250.0,0.0,2026,1,5,3,SURPLUS
2026-01-30,Sulawesi Barat,Minyak Goreng Curah,17250.0,18864.516129032258,-1614.5161290322576,-8.56,0.0,17250.0,17250.0,0.0,2026,1,5,4,SURPLUS
2026-02-02,Sulawesi Barat,Minyak Goreng Curah,17250.0,18872.58064516129,-1622.5806451612916,-8.6,0.0,17250.0,17250.0,0.0,2026,2,6,0,SURPLUS
2026-02-03,Sulawesi Barat,Minyak Goreng Curah,17250.0,18891.935483870966,-1641.935483870966,-8.69,0.0,17250.0,17250.0,0.0,2026,2,6,1,SURPLUS
2026-02-04,Sulawesi Barat,Minyak Goreng Curah,17250.0,18900.0,-1650.0,-8.73,0.0,17250.0,17250.0,0.0,2026,2,6,2,SURPLUS
2026-02-05,Sulawesi Barat,Minyak Goreng Curah,17250.0,18967.74193548387,-1717.7419354838712,-9.06,0.0,17250.0,17250.0,0.0,2026,2,6,3,SURPLUS
2026-02-06,Sulawesi Barat,Minyak Goreng Curah,17250.0,18940.322580645163,-1690.3225806451628,-8.92,0.0,17250.0,17250.0,0.0,2026,2,6,4,SURPLUS
2026-02-09,Sulawesi Barat,Minyak Goreng Curah,17250.0,18922.58064516129,-1672.5806451612916,-8.84,0.0,17250.0,17250.0,0.0,2026,2,7,0,SURPLUS
2026-02-10,Sulawesi Barat,Minyak Goreng Curah,17250.0,18927.41935483871,-1677.4193548387084,-8.86,0.0,17250.0,17250.0,0.0,2026,2,7,1,SURPLUS
2026-02-11,Sulawesi Barat,Minyak Goreng Curah,17250.0,18929.032258064515,-1679.0322580645152,-8.87,0.0,17250.0,17250.0,0.0,2026,2,7,2,SURPLUS
2026-02-12,Sulawesi Barat,Minyak Goreng Curah,17250.0,18933.870967741936,-1683.8709677419356,-8.89,0.0,17250.0,17250.0,0.0,2026,2,7,3,SURPLUS
2026-02-13,Sulawesi Barat,Minyak Goreng Curah,17250.0,18982.25806451613,-1732.2580645161288,-9.13,0.0,17250.0,17250.0,0.0,2026,2,7,4,SURPLUS
2026-02-16,Sulawesi Barat,Minyak Goreng Curah,17250.0,18940.322580645163,-1690.3225806451628,-8.92,0.0,17250.0,17250.0,0.0,2026,2,8,0,SURPLUS
2026-02-17,Sulawesi Barat,Minyak Goreng Curah,17250.0,18940.322580645163,-1690.3225806451628,-8.92,0.0,17250.0,17250.0,0.0,2026,2,8,1,SURPLUS
2026-02-18,Sulawesi Barat,Minyak Goreng Curah,17250.0,18969.354838709678,-1719.354838709678,-9.06,0.0,17250.0,17250.0,0.0,2026,2,8,2,SURPLUS
2026-02-19,Sulawesi Barat,Minyak Goreng Curah,17250.0,18969.354838709678,-1719.354838709678,-9.06,0.0,17250.0,17250.0,0.0,2026,2,8,3,SURPLUS
2026-02-20,Sulawesi Barat,Minyak Goreng Curah,17250.0,18972.58064516129,-1722.5806451612916,-9.08,0.0,17250.0,17250.0,0.0,2026,2,8,4,SURPLUS
2026-02-23,Sulawesi Barat,Minyak Goreng Curah,17250.0,18974.1935483871,-1724.1935483870984,-9.09,0.0,17250.0,17250.0,0.0,2026,2,9,0,SURPLUS
2026-02-24,Sulawesi Barat,Minyak Goreng Curah,17250.0,19011.290322580644,-1761.290322580644,-9.26,0.0,17250.0,17250.0,0.0,2026,2,9,1,SURPLUS
2026-02-25,Sulawesi Barat,Minyak Goreng Curah,17250.0,19012.90322580645,-1762.9032258064508,-9.27,0.0,17250.0,17250.0,0.0,2026,2,9,2,SURPLUS
2026-02-26,Sulawesi Barat,Minyak Goreng Curah,17250.0,19014.516129032258,-1764.5161290322576,-9.28,0.0,17250.0,17250.0,0.0,2026,2,9,3,SURPLUS
2026-02-27,Sulawesi Barat,Minyak Goreng Curah,17250.0,19017.74193548387,-1767.7419354838712,-9.3,0.0,17250.0,17250.0,0.0,2026,2,9,4,SURPLUS
2026-03-02,Sulawesi Barat,Minyak Goreng Curah,17250.0,19012.90322580645,-1762.9032258064508,-9.27,0.0,17250.0,17250.0,0.0,2026,3,10,0,SURPLUS
2026-03-03,Sulawesi Barat,Minyak Goreng Curah,17250.0,19024.1935483871,-1774.1935483870984,-9.33,0.0,17250.0,17250.0,0.0,2026,3,10,1,SURPLUS
2026-03-04,Sulawesi Barat,Minyak Goreng Curah,17250.0,19041.935483870966,-1791.935483870966,-9.41,0.0,17250.0,17250.0,0.0,2026,3,10,2,SURPLUS
2026-03-05,Sulawesi Barat,Minyak Goreng Curah,17250.0,19043.548387096773,-1793.5483870967728,-9.42,0.0,17250.0,17250.0,0.0,2026,3,10,3,SURPLUS
2026-03-06,Sulawesi Barat,Minyak Goreng Curah,17250.0,19020.967741935485,-1770.9677419354848,-9.31,0.0,17250.0,17250.0,0.0,2026,3,10,4,SURPLUS
2026-03-09,Sulawesi Barat,Minyak Goreng Curah,17250.0,19029.032258064515,-1779.0322580645152,-9.35,0.0,17250.0,17250.0,0.0,2026,3,11,0,SURPLUS
2026-03-10,Sulawesi Barat,Minyak Goreng Curah,17250.0,19067.74193548387,-1817.7419354838712,-9.53,0.0,17250.0,17250.0,0.0,2026,3,11,1,SURPLUS
2026-03-11,Sulawesi Barat,Minyak Goreng Curah,17250.0,19146.774193548386,-1896.7741935483864,-9.91,0.0,17250.0,17250.0,0.0,2026,3,11,2,SURPLUS
2026-03-12,Sulawesi Barat,Minyak Goreng Curah,17250.0,19251.612903225807,-2001.6129032258068,-10.4,0.0,17250.0,17250.0,0.0,2026,3,11,3,SURPLUS
2026-03-13,Sulawesi Barat,Minyak Goreng Curah,17250.0,19287.09677419355,-2037.0967741935492,-10.56,0.0,17250.0,17250.0,0.0,2026,3,11,4,SURPLUS
2026-03-16,Sulawesi Barat,Minyak Goreng Curah,17250.0,19469.354838709678,-2219.354838709678,-11.4,0.0,17250.0,17250.0,0.0,2026,3,12,0,SURPLUS
2026-03-17,Sulawesi Barat,Minyak Goreng Curah,17250.0,19659.677419354837,-2409.677419354837,-12.26,0.0,17250.0,17250.0,0.0,2026,3,12,1,SURPLUS
2026-03-18,Sulawesi Barat,Minyak Goreng Curah,17250.0,19662.90322580645,-2412.903225806451,-12.27,0.0,17250.0,17250.0,0.0,2026,3,12,2,SURPLUS
2026-03-19,Sulawesi Barat,Minyak Goreng Curah,17250.0,19654.83870967742,-2404.8387096774204,-12.24,0.0,17250.0,17250.0,0.0,2026,3,12,3,SURPLUS
2026-03-20,Sulawesi Barat,Minyak Goreng Curah,17250.0,19656.451612903227,-2406.451612903227,-12.24,0.0,17250.0,17250.0,0.0,2026,3,12,4,SURPLUS
2026-03-23,Sulawesi Barat,Minyak Goreng Curah,17250.0,19670.967741935485,-2420.967741935485,-12.31,0.0,17250.0,17250.0,0.0,2026,3,13,0,SURPLUS
2026-03-24,Sulawesi Barat,Minyak Goreng Curah,17250.0,19670.967741935485,-2420.967741935485,-12.31,0.0,17250.0,17250.0,0.0,2026,3,13,1,SURPLUS
2026-03-25,Sulawesi Barat,Minyak Goreng Curah,17250.0,19745.16129032258,-2495.1612903225796,-12.64,0.0,17250.0,17250.0,0.0,2026,3,13,2,SURPLUS
2026-03-26,Sulawesi Barat,Minyak Goreng Curah,17250.0,19758.064516129034,-2508.064516129034,-12.69,0.0,17250.0,17250.0,0.0,2026,3,13,3,SURPLUS
2026-03-27,Sulawesi Barat,Minyak Goreng Curah,17250.0,19758.064516129034,-2508.064516129034,-12.69,0.0,17250.0,17250.0,0.0,2026,3,13,4,SURPLUS
2026-03-30,Sulawesi Barat,Minyak Goreng Curah,17250.0,19843.548387096773,-2593.548387096773,-13.07,0.0,17250.0,17250.0,0.0,2026,3,14,0,SURPLUS
2026-03-31,Sulawesi Barat,Minyak Goreng Curah,17250.0,19840.322580645163,-2590.322580645163,-13.06,0.0,17250.0,17250.0,0.0,2026,3,14,1,SURPLUS
2026-04-01,Sulawesi Barat,Minyak Goreng Curah,17250.0,19851.612903225807,-2601.612903225807,-13.11,0.0,17250.0,17250.0,0.0,2026,4,14,2,SURPLUS
2026-04-02,Sulawesi Barat,Minyak Goreng Curah,17250.0,19870.967741935485,-2620.967741935485,-13.19,0.0,17250.0,17250.0,0.0,2026,4,14,3,SURPLUS
2026-04-03,Sulawesi Barat,Minyak Goreng Curah,17250.0,19933.870967741936,-2683.8709677419356,-13.46,0.0,17250.0,17250.0,0.0,2026,4,14,4,SURPLUS
2026-04-06,Sulawesi Barat,Minyak Goreng Curah,17250.0,19908.064516129034,-2658.064516129034,-13.35,0.0,17250.0,17250.0,0.0,2026,4,15,0,SURPLUS
2026-04-07,Sulawesi Barat,Minyak Goreng Curah,18000.0,19943.548387096773,-1943.5483870967728,-9.75,750.0,17357.14285714286,17275.0,283.47335475692006,2026,4,15,1,SURPLUS
2026-04-08,Sulawesi Barat,Minyak Goreng Curah,18000.0,19982.25806451613,-1982.2580645161288,-9.92,0.0,17464.285714285714,17300.0,365.9625273556997,2026,4,15,2,SURPLUS
2026-04-09,Sulawesi Barat,Minyak Goreng Curah,18000.0,20138.709677419356,-2138.709677419356,-10.62,0.0,17571.428571428572,17325.0,400.8918628686363,2026,4,15,3,SURPLUS
2026-04-10,Sulawesi Barat,Minyak Goreng Curah,18000.0,20106.451612903227,-2106.451612903227,-10.48,0.0,17678.571428571428,17350.0,400.8918628686363,2026,4,15,4,SURPLUS
2026-04-13,Sulawesi Barat,Minyak Goreng Curah,18000.0,20133.870967741936,-2133.8709677419356,-10.6,0.0,17785.714285714286,17375.0,365.9625273556997,2026,4,16,0,SURPLUS
2026-01-01,Sulawesi Selatan,Minyak Goreng Curah,17750.0,18851.612903225807,-1101.6129032258068,-5.84,,17750.0,17750.0,,2026,1,1,3,SURPLUS
2026-01-02,Sulawesi Selatan,Minyak Goreng Curah,18000.0,18843.548387096773,-843.5483870967728,-4.48,250.0,17875.0,17875.0,176.7766952966369,2026,1,1,4,NORMAL
2026-01-05,Sulawesi Selatan,Minyak Goreng Curah,18000.0,18840.322580645163,-840.3225806451628,-4.46,0.0,17916.666666666668,17916.666666666668,144.33756729740617,2026,1,2,0,NORMAL
2026-01-06,Sulawesi Selatan,Minyak Goreng Curah,17900.0,18832.25806451613,-932.2580645161288,-4.95,-100.0,17912.5,17912.5,118.14539065631502,2026,1,2,1,NORMAL
2026-01-07,Sulawesi Selatan,Minyak Goreng Curah,18000.0,18822.58064516129,-822.5806451612916,-4.37,100.0,17930.0,17930.0,109.54451150103307,2026,1,2,2,NORMAL
2026-01-08,Sulawesi Selatan,Minyak Goreng Curah,18000.0,18822.58064516129,-822.5806451612916,-4.37,0.0,17941.666666666668,17941.666666666668,102.06207261596553,2026,1,2,3,NORMAL
2026-01-09,Sulawesi Selatan,Minyak Goreng Curah,18000.0,18825.8064516129,-825.8064516129016,-4.39,0.0,17950.0,17950.0,95.74271077563355,2026,1,2,4,NORMAL
2026-01-12,Sulawesi Selatan,Minyak Goreng Curah,18050.0,18803.225806451614,-753.2258064516136,-4.01,50.0,17992.85714285714,17962.5,44.986770542122116,2026,1,3,0,NORMAL
2026-01-13,Sulawesi Selatan,Minyak Goreng Curah,18050.0,18816.129032258064,-766.1290322580644,-4.07,0.0,18000.0,17972.222222222223,50.000000000000725,2026,1,3,1,NORMAL
2026-01-14,Sulawesi Selatan,Minyak Goreng Curah,18050.0,18811.290322580644,-761.290322580644,-4.05,0.0,18007.14285714286,17980.0,53.45224838248596,2026,1,3,2,NORMAL
2026-01-15,Sulawesi Selatan,Minyak Goreng Curah,18100.0,18812.90322580645,-712.9032258064508,-3.79,50.0,18035.714285714286,17990.909090909092,37.796447300926715,2026,1,3,3,NORMAL
2026-01-16,Sulawesi Selatan,Minyak Goreng Curah,18100.0,18812.90322580645,-712.9032258064508,-3.79,0.0,18050.0,18000.0,40.82482904639112,2026,1,3,4,NORMAL
2026-01-19,Sulawesi Selatan,Minyak Goreng Curah,18100.0,18809.677419354837,-709.6774193548372,-3.77,0.0,18064.285714285714,18007.69230769231,37.7964473009297,2026,1,4,0,NORMAL
2026-01-20,Sulawesi Selatan,Minyak Goreng Curah,18100.0,18817.74193548387,-717.7419354838712,-3.81,0.0,18078.571428571428,18014.285714285714,26.726124191254613,2026,1,4,1,NORMAL
2026-01-21,Sulawesi Selatan,Minyak Goreng Curah,18100.0,18812.90322580645,-712.9032258064508,-3.79,0.0,18085.714285714286,18020.0,24.39750182372809,2026,1,4,2,NORMAL
2026-01-22,Sulawesi Selatan,Minyak Goreng Curah,18100.0,18816.129032258064,-716.1290322580644,-3.81,0.0,18092.85714285714,18025.0,18.8982236504815,2026,1,4,3,NORMAL
2026-01-23,Sulawesi Selatan,Minyak Goreng Curah,18100.0,18817.74193548387,-717.7419354838712,-3.81,0.0,18100.0,18029.41176470588,2.7825943939233275e-05,2026,1,4,4,NORMAL
2026-01-26,Sulawesi Selatan,Minyak Goreng Curah,18200.0,18827.41935483871,-627.4193548387084,-3.33,100.0,18114.285714285714,18038.88888888889,37.79644730093308,2026,1,5,0,NORMAL
2026-01-27,Sulawesi Selatan,Minyak Goreng Curah,18200.0,18830.645161290322,-630.645161290322,-3.35,0.0,18128.571428571428,18047.36842105263,48.795003647435195,2026,1,5,1,NORMAL
2026-01-28,Sulawesi Selatan,Minyak Goreng Curah,18200.0,18824.1935483871,-624.1935483870984,-3.32,0.0,18142.85714285714,18055.0,53.45224838249305,2026,1,5,2,NORMAL
2026-01-29,Sulawesi Selatan,Minyak Goreng Curah,18200.0,18825.8064516129,-625.8064516129016,-3.32,0.0,18157.14285714286,18061.904761904763,53.45224838249305,2026,1,5,3,NORMAL
2026-01-30,Sulawesi Selatan,Minyak Goreng Curah,18200.0,18864.516129032258,-664.5161290322576,-3.52,0.0,18171.428571428572,18068.18181818182,48.795003647435195,2026,1,5,4,NORMAL
2026-02-02,Sulawesi Selatan,Minyak Goreng Curah,18150.0,18872.58064516129,-722.5806451612916,-3.83,-50.0,18178.571428571428,18071.739130434784,39.33978962348253,2026,2,6,0,NORMAL
2026-02-03,Sulawesi Selatan,Minyak Goreng Curah,18150.0,18891.935483870966,-741.935483870966,-3.93,0.0,18185.714285714286,18075.0,24.397501823729126,2026,2,6,1,NORMAL
2026-02-04,Sulawesi Selatan,Minyak Goreng Curah,18150.0,18900.0,-750.0,-3.97,0.0,18178.571428571428,18078.0,26.726124191258535,2026,2,6,2,NORMAL
2026-02-05,Sulawesi Selatan,Minyak Goreng Curah,18150.0,18967.74193548387,-817.7419354838712,-4.31,0.0,18171.428571428572,18080.76923076923,26.726124191260357,2026,2,6,3,NORMAL
2026-02-06,Sulawesi Selatan,Minyak Goreng Curah,18150.0,18940.322580645163,-790.3225806451628,-4.17,0.0,18164.285714285714,18083.333333333332,24.39750182373438,2026,2,6,4,NORMAL
2026-02-09,Sulawesi Selatan,Minyak Goreng Curah,18150.0,18922.58064516129,-772.5806451612916,-4.08,0.0,18157.14285714286,18085.714285714286,18.898223650489623,2026,2,7,0,NORMAL
2026-02-10,Sulawesi Selatan,Minyak Goreng Curah,18150.0,18927.41935483871,-777.4193548387084,-4.11,0.0,18150.0,18087.931034482757,3.288217781652724e-05,2026,2,7,1,NORMAL
2026-02-11,Sulawesi Selatan,Minyak Goreng Curah,18150.0,18929.032258064515,-779.0322580645152,-4.12,0.0,18150.0,18090.0,3.288217781652724e-05,2026,2,7,2,NORMAL
2026-02-12,Sulawesi Selatan,Minyak Goreng Curah,18150.0,18933.870967741936,-783.8709677419356,-4.14,0.0,18150.0,18103.333333333332,3.288217781652724e-05,2026,2,7,3,NORMAL
2026-02-13,Sulawesi Selatan,Minyak Goreng Curah,18150.0,18982.25806451613,-832.2580645161288,-4.38,0.0,18150.0,18108.333333333332,3.288217781652724e-05,2026,2,7,4,NORMAL
2026-02-16,Sulawesi Selatan,Minyak Goreng Curah,18150.0,18940.322580645163,-790.3225806451628,-4.17,0.0,18150.0,18113.333333333332,3.288217781652724e-05,2026,2,8,0,NORMAL
2026-02-17,Sulawesi Selatan,Minyak Goreng Curah,18150.0,18940.322580645163,-790.3225806451628,-4.17,0.0,18150.0,18121.666666666668,3.288217781652724e-05,2026,2,8,1,NORMAL
2026-02-18,Sulawesi Selatan,Minyak Goreng Curah,18100.0,18969.354838709678,-869.354838709678,-4.58,-50.0,18142.85714285714,18125.0,18.898223650489623,2026,2,8,2,NORMAL
2026-02-19,Sulawesi Selatan,Minyak Goreng Curah,18100.0,18969.354838709678,-869.354838709678,-4.58,0.0,18135.714285714286,18128.333333333332,24.39750182373438,2026,2,8,3,NORMAL
2026-02-20,Sulawesi Selatan,Minyak Goreng Curah,18100.0,18972.58064516129,-872.5806451612916,-4.6,0.0,18128.571428571428,18131.666666666668,26.726124191260357,2026,2,8,4,NORMAL
2026-02-23,Sulawesi Selatan,Minyak Goreng Curah,18150.0,18974.1935483871,-824.1935483870984,-4.34,50.0,18128.571428571428,18135.0,26.726124191260357,2026,2,9,0,NORMAL
2026-02-24,Sulawesi Selatan,Minyak Goreng Curah,18150.0,19011.290322580644,-861.290322580644,-4.53,0.0,18128.571428571428,18138.333333333332,26.726124191260357,2026,2,9,1,NORMAL
2026-02-25,Sulawesi Selatan,Minyak Goreng Curah,18150.0,19012.90322580645,-862.9032258064508,-4.54,0.0,18128.571428571428,18141.666666666668,26.726124191260357,2026,2,9,2,NORMAL
2026-02-26,Sulawesi Selatan,Minyak Goreng Curah,18150.0,19014.516129032258,-864.5161290322576,-4.55,0.0,18128.571428571428,18143.333333333332,26.726124191260357,2026,2,9,3,NORMAL
2026-02-27,Sulawesi Selatan,Minyak Goreng Curah,18150.0,19017.74193548387,-867.7419354838712,-4.56,0.0,18135.714285714286,18145.0,24.39750182373438,2026,2,9,4,NORMAL
2026-03-02,Sulawesi Selatan,Minyak Goreng Curah,18050.0,19012.90322580645,-962.9032258064508,-5.06,-100.0,18128.571428571428,18143.333333333332,39.33978962348507,2026,3,10,0,SURPLUS
2026-03-03,Sulawesi Selatan,Minyak Goreng Curah,18050.0,19024.1935483871,-974.1935483870984,-5.12,0.0,18121.428571428572,18141.666666666668,48.79500364743667,2026,3,10,1,SURPLUS
2026-03-04,Sulawesi Selatan,Minyak Goreng Curah,18050.0,19041.935483870966,-991.935483870966,-5.21,0.0,18107.14285714286,18140.0,53.45224838249334,2026,3,10,2,SURPLUS
2026-03-05,Sulawesi Selatan,Minyak Goreng Curah,18050.0,19043.548387096773,-993.5483870967728,-5.22,0.0,18092.85714285714,18138.333333333332,53.45224838249256,2026,3,10,3,SURPLUS
2026-03-06,Sulawesi Selatan,Minyak Goreng Curah,18050.0,19020.967741935485,-970.9677419354848,-5.1,0.0,18078.571428571428,18136.666666666668,48.79500364743467,2026,3,10,4,SURPLUS
2026-03-09,Sulawesi Selatan,Minyak Goreng Curah,18100.0,19029.032258064515,-929.0322580645152,-4.88,50.0,18071.428571428572,18133.333333333332,39.33978962348187,2026,3,11,0,NORMAL
2026-03-10,Sulawesi Selatan,Minyak Goreng Curah,18100.0,19067.74193548387,-967.7419354838712,-5.08,0.0,18064.285714285714,18130.0,24.397501823728057,2026,3,11,1,SURPLUS
2026-03-11,Sulawesi Selatan,Minyak Goreng Curah,18100.0,19146.774193548386,-1046.7741935483864,-5.47,0.0,18071.428571428572,18126.666666666668,26.726124191257558,2026,3,11,2,SURPLUS
2026-03-12,Sulawesi Selatan,Minyak Goreng Curah,18100.0,19251.612903225807,-1151.6129032258068,-5.98,0.0,18078.571428571428,18123.333333333332,26.726124191259384,2026,3,11,3,SURPLUS
2026-03-13,Sulawesi Selatan,Minyak Goreng Curah,18100.0,19287.09677419355,-1187.0967741935492,-6.15,0.0,18085.714285714286,18120.0,24.39750182373331,2026,3,11,4,SURPLUS
2026-03-16,Sulawesi Selatan,Minyak Goreng Curah,18250.0,19469.354838709678,-1219.354838709678,-6.26,150.0,18114.285714285714,18123.333333333332,62.67831705280948,2026,3,12,0,SURPLUS
2026-03-17,Sulawesi Selatan,Minyak Goreng Curah,18250.0,19659.677419354837,-1409.6774193548372,-7.17,0.0,18142.85714285714,18126.666666666668,73.19250547114763,2026,3,12,1,SURPLUS
2026-03-18,Sulawesi Selatan,Minyak Goreng Curah,18250.0,19662.90322580645,-1412.9032258064508,-7.19,0.0,18164.285714285714,18130.0,80.17837257373442,2026,3,12,2,SURPLUS
2026-03-19,Sulawesi Selatan,Minyak Goreng Curah,18250.0,19654.83870967742,-1404.8387096774204,-7.15,0.0,18185.714285714286,18133.333333333332,80.17837257373444,2026,3,12,3,SURPLUS
2026-03-20,Sulawesi Selatan,Minyak Goreng Curah,18250.0,19656.451612903227,-1406.4516129032272,-7.16,0.0,18207.14285714286,18136.666666666668,73.19250547114764,2026,3,12,4,SURPLUS
2026-03-23,Sulawesi Selatan,Minyak Goreng Curah,18250.0,19670.967741935485,-1420.9677419354848,-7.22,0.0,18228.571428571428,18140.0,56.69467095139371,2026,3,13,0,SURPLUS
2026-03-24,Sulawesi Selatan,Minyak Goreng Curah,18250.0,19670.967741935485,-1420.9677419354848,-7.22,0.0,18250.0,18143.333333333332,3.3428518118192703e-05,2026,3,13,1,SURPLUS
2026-03-25,Sulawesi Selatan,Minyak Goreng Curah,18150.0,19745.16129032258,-1595.1612903225796,-8.08,-100.0,18235.714285714286,18143.333333333332,37.79644730093762,2026,3,13,2,SURPLUS
2026-03-26,Sulawesi Selatan,Minyak Goreng Curah,18150.0,19758.064516129034,-1608.064516129034,-8.14,0.0,18221.428571428572,18143.333333333332,48.79500364743872,2026,3,13,3,SURPLUS
2026-03-27,Sulawesi Selatan,Minyak Goreng Curah,18150.0,19758.064516129034,-1608.064516129034,-8.14,0.0,18207.14285714286,18143.333333333332,53.452248382496265,2026,3,13,4,SURPLUS
2026-03-30,Sulawesi Selatan,Minyak Goreng Curah,18050.0,19843.548387096773,-1793.5483870967728,-9.04,-100.0,18178.571428571428,18140.0,75.5928946018534,2026,3,14,0,SURPLUS
2026-03-31,Sulawesi Selatan,Minyak Goreng Curah,18050.0,19840.322580645163,-1790.3225806451628,-9.02,0.0,18150.0,18136.666666666668,81.64965809277902,2026,3,14,1,SURPLUS
2026-04-01,Sulawesi Selatan,Minyak Goreng Curah,18050.0,19851.612903225807,-1801.6129032258068,-9.08,0.0,18121.428571428572,18135.0,75.59289460185076,2026,4,14,2,SURPLUS
2026-04-02,Sulawesi Selatan,Minyak Goreng Curah,18050.0,19870.967741935485,-1820.9677419354848,-9.16,0.0,18092.85714285714,18133.333333333332,53.45224838249069,2026,4,14,3,SURPLUS
2026-04-03,Sulawesi Selatan,Minyak Goreng Curah,18050.0,19933.870967741936,-1883.8709677419356,-9.45,0.0,18078.571428571428,18131.666666666668,48.79500364743261,2026,4,14,4,SURPLUS
2026-04-06,Sulawesi Selatan,Minyak Goreng Curah,18100.0,19908.064516129034,-1808.064516129034,-9.08,50.0,18071.428571428572,18130.0,39.33978962347932,2026,4,15,0,SURPLUS
2026-04-07,Sulawesi Selatan,Minyak Goreng Curah,18100.0,19943.548387096773,-1843.5483870967728,-9.24,0.0,18064.285714285714,18128.333333333332,24.397501823723942,2026,4,15,1,SURPLUS
2026-04-08,Sulawesi Selatan,Minyak Goreng Curah,18100.0,19982.25806451613,-1882.2580645161288,-9.42,0.0,18071.428571428572,18126.666666666668,26.726124191253803,2026,4,15,2,SURPLUS
2026-04-09,Sulawesi Selatan,Minyak Goreng Curah,18100.0,20138.709677419356,-2038.709677419356,-10.12,0.0,18078.571428571428,18125.0,26.726124191255625,2026,4,15,3,SURPLUS
2026-04-10,Sulawesi Selatan,Minyak Goreng Curah,18100.0,20106.451612903227,-2006.4516129032272,-9.98,0.0,18085.714285714286,18123.333333333332,24.397501823729197,2026,4,15,4,SURPLUS
2026-04-13,Sulawesi Selatan,Minyak Goreng Curah,18250.0,20133.870967741936,-1883.8709677419356,-9.36,150.0,18114.285714285714,18130.0,62.678317052807884,2026,4,16,0,SURPLUS
2026-01-01,Sulawesi Tengah,Minyak Goreng Curah,17550.0,18851.612903225807,-1301.6129032258068,-6.9,,17550.0,17550.0,,2026,1,1,3,SURPLUS
2026-01-02,Sulawesi Tengah,Minyak Goreng Curah,17550.0,18843.548387096773,-1293.5483870967728,-6.86,0.0,17550.0,17550.0,0.0,2026,1,1,4,SURPLUS
2026-01-05,Sulawesi Tengah,Minyak Goreng Curah,17550.0,18840.322580645163,-1290.3225806451628,-6.85,0.0,17550.0,17550.0,0.0,2026,1,2,0,SURPLUS
2026-01-06,Sulawesi Tengah,Minyak Goreng Curah,17550.0,18832.25806451613,-1282.2580645161288,-6.81,0.0,17550.0,17550.0,0.0,2026,1,2,1,SURPLUS
2026-01-07,Sulawesi Tengah,Minyak Goreng Curah,17550.0,18822.58064516129,-1272.5806451612916,-6.76,0.0,17550.0,17550.0,0.0,2026,1,2,2,SURPLUS
2026-01-08,Sulawesi Tengah,Minyak Goreng Curah,17550.0,18822.58064516129,-1272.5806451612916,-6.76,0.0,17550.0,17550.0,0.0,2026,1,2,3,SURPLUS
2026-01-09,Sulawesi Tengah,Minyak Goreng Curah,17550.0,18825.8064516129,-1275.8064516129016,-6.78,0.0,17550.0,17550.0,0.0,2026,1,2,4,SURPLUS
2026-01-12,Sulawesi Tengah,Minyak Goreng Curah,17550.0,18803.225806451614,-1253.2258064516136,-6.66,0.0,17550.0,17550.0,0.0,2026,1,3,0,SURPLUS
2026-01-13,Sulawesi Tengah,Minyak Goreng Curah,17550.0,18816.129032258064,-1266.1290322580644,-6.73,0.0,17550.0,17550.0,0.0,2026,1,3,1,SURPLUS
2026-01-14,Sulawesi Tengah,Minyak Goreng Curah,17550.0,18811.290322580644,-1261.290322580644,-6.7,0.0,17550.0,17550.0,0.0,2026,1,3,2,SURPLUS
2026-01-15,Sulawesi Tengah,Minyak Goreng Curah,17550.0,18812.90322580645,-1262.9032258064508,-6.71,0.0,17550.0,17550.0,0.0,2026,1,3,3,SURPLUS
2026-01-16,Sulawesi Tengah,Minyak Goreng Curah,17550.0,18812.90322580645,-1262.9032258064508,-6.71,0.0,17550.0,17550.0,0.0,2026,1,3,4,SURPLUS
2026-01-19,Sulawesi Tengah,Minyak Goreng Curah,17550.0,18809.677419354837,-1259.6774193548372,-6.7,0.0,17550.0,17550.0,0.0,2026,1,4,0,SURPLUS
2026-01-20,Sulawesi Tengah,Minyak Goreng Curah,17550.0,18817.74193548387,-1267.7419354838712,-6.74,0.0,17550.0,17550.0,0.0,2026,1,4,1,SURPLUS
2026-01-21,Sulawesi Tengah,Minyak Goreng Curah,17550.0,18812.90322580645,-1262.9032258064508,-6.71,0.0,17550.0,17550.0,0.0,2026,1,4,2,SURPLUS
2026-01-22,Sulawesi Tengah,Minyak Goreng Curah,17550.0,18816.129032258064,-1266.1290322580644,-6.73,0.0,17550.0,17550.0,0.0,2026,1,4,3,SURPLUS
2026-01-23,Sulawesi Tengah,Minyak Goreng Curah,17550.0,18817.74193548387,-1267.7419354838712,-6.74,0.0,17550.0,17550.0,0.0,2026,1,4,4,SURPLUS
2026-01-26,Sulawesi Tengah,Minyak Goreng Curah,17550.0,18827.41935483871,-1277.4193548387084,-6.78,0.0,17550.0,17550.0,0.0,2026,1,5,0,SURPLUS
2026-01-27,Sulawesi Tengah,Minyak Goreng Curah,17550.0,18830.645161290322,-1280.645161290322,-6.8,0.0,17550.0,17550.0,0.0,2026,1,5,1,SURPLUS
2026-01-28,Sulawesi Tengah,Minyak Goreng Curah,17550.0,18824.1935483871,-1274.1935483870984,-6.77,0.0,17550.0,17550.0,0.0,2026,1,5,2,SURPLUS
2026-01-29,Sulawesi Tengah,Minyak Goreng Curah,17550.0,18825.8064516129,-1275.8064516129016,-6.78,0.0,17550.0,17550.0,0.0,2026,1,5,3,SURPLUS
2026-01-30,Sulawesi Tengah,Minyak Goreng Curah,17550.0,18864.516129032258,-1314.5161290322576,-6.97,0.0,17550.0,17550.0,0.0,2026,1,5,4,SURPLUS
2026-02-02,Sulawesi Tengah,Minyak Goreng Curah,17550.0,18872.58064516129,-1322.5806451612916,-7.01,0.0,17550.0,17550.0,0.0,2026,2,6,0,SURPLUS
2026-02-03,Sulawesi Tengah,Minyak Goreng Curah,17550.0,18891.935483870966,-1341.935483870966,-7.1,0.0,17550.0,17550.0,0.0,2026,2,6,1,SURPLUS
2026-02-04,Sulawesi Tengah,Minyak Goreng Curah,17550.0,18900.0,-1350.0,-7.14,0.0,17550.0,17550.0,0.0,2026,2,6,2,SURPLUS
2026-02-05,Sulawesi Tengah,Minyak Goreng Curah,17550.0,18967.74193548387,-1417.7419354838712,-7.47,0.0,17550.0,17550.0,0.0,2026,2,6,3,SURPLUS
2026-02-06,Sulawesi Tengah,Minyak Goreng Curah,17550.0,18940.322580645163,-1390.3225806451628,-7.34,0.0,17550.0,17550.0,0.0,2026,2,6,4,SURPLUS
2026-02-09,Sulawesi Tengah,Minyak Goreng Curah,17550.0,18922.58064516129,-1372.5806451612916,-7.25,0.0,17550.0,17550.0,0.0,2026,2,7,0,SURPLUS
2026-02-10,Sulawesi Tengah,Minyak Goreng Curah,17550.0,18927.41935483871,-1377.4193548387084,-7.28,0.0,17550.0,17550.0,0.0,2026,2,7,1,SURPLUS
2026-02-11,Sulawesi Tengah,Minyak Goreng Curah,17550.0,18929.032258064515,-1379.0322580645152,-7.29,0.0,17550.0,17550.0,0.0,2026,2,7,2,SURPLUS
2026-02-12,Sulawesi Tengah,Minyak Goreng Curah,17550.0,18933.870967741936,-1383.8709677419356,-7.31,0.0,17550.0,17550.0,0.0,2026,2,7,3,SURPLUS
2026-02-13,Sulawesi Tengah,Minyak Goreng Curah,17550.0,18982.25806451613,-1432.2580645161288,-7.55,0.0,17550.0,17550.0,0.0,2026,2,7,4,SURPLUS
2026-02-16,Sulawesi Tengah,Minyak Goreng Curah,17550.0,18940.322580645163,-1390.3225806451628,-7.34,0.0,17550.0,17550.0,0.0,2026,2,8,0,SURPLUS
2026-02-17,Sulawesi Tengah,Minyak Goreng Curah,17550.0,18940.322580645163,-1390.3225806451628,-7.34,0.0,17550.0,17550.0,0.0,2026,2,8,1,SURPLUS
2026-02-18,Sulawesi Tengah,Minyak Goreng Curah,17550.0,18969.354838709678,-1419.354838709678,-7.48,0.0,17550.0,17550.0,0.0,2026,2,8,2,SURPLUS
2026-02-19,Sulawesi Tengah,Minyak Goreng Curah,17550.0,18969.354838709678,-1419.354838709678,-7.48,0.0,17550.0,17550.0,0.0,2026,2,8,3,SURPLUS
2026-02-20,Sulawesi Tengah,Minyak Goreng Curah,17550.0,18972.58064516129,-1422.5806451612916,-7.5,0.0,17550.0,17550.0,0.0,2026,2,8,4,SURPLUS
2026-02-23,Sulawesi Tengah,Minyak Goreng Curah,17550.0,18974.1935483871,-1424.1935483870984,-7.51,0.0,17550.0,17550.0,0.0,2026,2,9,0,SURPLUS
2026-02-24,Sulawesi Tengah,Minyak Goreng Curah,17550.0,19011.290322580644,-1461.290322580644,-7.69,0.0,17550.0,17550.0,0.0,2026,2,9,1,SURPLUS
2026-02-25,Sulawesi Tengah,Minyak Goreng Curah,17550.0,19012.90322580645,-1462.9032258064508,-7.69,0.0,17550.0,17550.0,0.0,2026,2,9,2,SURPLUS
2026-02-26,Sulawesi Tengah,Minyak Goreng Curah,17550.0,19014.516129032258,-1464.5161290322576,-7.7,0.0,17550.0,17550.0,0.0,2026,2,9,3,SURPLUS
2026-02-27,Sulawesi Tengah,Minyak Goreng Curah,17550.0,19017.74193548387,-1467.7419354838712,-7.72,0.0,17550.0,17550.0,0.0,2026,2,9,4,SURPLUS
2026-03-02,Sulawesi Tengah,Minyak Goreng Curah,17550.0,19012.90322580645,-1462.9032258064508,-7.69,0.0,17550.0,17550.0,0.0,2026,3,10,0,SURPLUS
2026-03-03,Sulawesi Tengah,Minyak Goreng Curah,17550.0,19024.1935483871,-1474.1935483870984,-7.75,0.0,17550.0,17550.0,0.0,2026,3,10,1,SURPLUS
2026-03-04,Sulawesi Tengah,Minyak Goreng Curah,17550.0,19041.935483870966,-1491.935483870966,-7.83,0.0,17550.0,17550.0,0.0,2026,3,10,2,SURPLUS
2026-03-05,Sulawesi Tengah,Minyak Goreng Curah,17550.0,19043.548387096773,-1493.5483870967728,-7.84,0.0,17550.0,17550.0,0.0,2026,3,10,3,SURPLUS
2026-03-06,Sulawesi Tengah,Minyak Goreng Curah,17550.0,19020.967741935485,-1470.9677419354848,-7.73,0.0,17550.0,17550.0,0.0,2026,3,10,4,SURPLUS
2026-03-09,Sulawesi Tengah,Minyak Goreng Curah,17550.0,19029.032258064515,-1479.0322580645152,-7.77,0.0,17550.0,17550.0,0.0,2026,3,11,0,SURPLUS
2026-03-10,Sulawesi Tengah,Minyak Goreng Curah,17550.0,19067.74193548387,-1517.7419354838712,-7.96,0.0,17550.0,17550.0,0.0,2026,3,11,1,SURPLUS
2026-03-11,Sulawesi Tengah,Minyak Goreng Curah,17550.0,19146.774193548386,-1596.7741935483864,-8.34,0.0,17550.0,17550.0,0.0,2026,3,11,2,SURPLUS
2026-03-12,Sulawesi Tengah,Minyak Goreng Curah,17550.0,19251.612903225807,-1701.6129032258068,-8.84,0.0,17550.0,17550.0,0.0,2026,3,11,3,SURPLUS
2026-03-13,Sulawesi Tengah,Minyak Goreng Curah,17550.0,19287.09677419355,-1737.0967741935492,-9.01,0.0,17550.0,17550.0,0.0,2026,3,11,4,SURPLUS
2026-03-16,Sulawesi Tengah,Minyak Goreng Curah,17550.0,19469.354838709678,-1919.354838709678,-9.86,0.0,17550.0,17550.0,0.0,2026,3,12,0,SURPLUS
2026-03-17,Sulawesi Tengah,Minyak Goreng Curah,17550.0,19659.677419354837,-2109.677419354837,-10.73,0.0,17550.0,17550.0,0.0,2026,3,12,1,SURPLUS
2026-03-18,Sulawesi Tengah,Minyak Goreng Curah,17550.0,19662.90322580645,-2112.903225806451,-10.75,0.0,17550.0,17550.0,0.0,2026,3,12,2,SURPLUS
2026-03-19,Sulawesi Tengah,Minyak Goreng Curah,17550.0,19654.83870967742,-2104.8387096774204,-10.71,0.0,17550.0,17550.0,0.0,2026,3,12,3,SURPLUS
2026-03-20,Sulawesi Tengah,Minyak Goreng Curah,17550.0,19656.451612903227,-2106.451612903227,-10.72,0.0,17550.0,17550.0,0.0,2026,3,12,4,SURPLUS
2026-03-23,Sulawesi Tengah,Minyak Goreng Curah,17550.0,19670.967741935485,-2120.967741935485,-10.78,0.0,17550.0,17550.0,0.0,2026,3,13,0,SURPLUS
2026-03-24,Sulawesi Tengah,Minyak Goreng Curah,17550.0,19670.967741935485,-2120.967741935485,-10.78,0.0,17550.0,17550.0,0.0,2026,3,13,1,SURPLUS
2026-03-25,Sulawesi Tengah,Minyak Goreng Curah,17550.0,19745.16129032258,-2195.1612903225796,-11.12,0.0,17550.0,17550.0,0.0,2026,3,13,2,SURPLUS
2026-03-26,Sulawesi Tengah,Minyak Goreng Curah,17550.0,19758.064516129034,-2208.064516129034,-11.18,0.0,17550.0,17550.0,0.0,2026,3,13,3,SURPLUS
2026-03-27,Sulawesi Tengah,Minyak Goreng Curah,17550.0,19758.064516129034,-2208.064516129034,-11.18,0.0,17550.0,17550.0,0.0,2026,3,13,4,SURPLUS
2026-03-30,Sulawesi Tengah,Minyak Goreng Curah,17550.0,19843.548387096773,-2293.548387096773,-11.56,0.0,17550.0,17550.0,0.0,2026,3,14,0,SURPLUS
2026-03-31,Sulawesi Tengah,Minyak Goreng Curah,17550.0,19840.322580645163,-2290.322580645163,-11.54,0.0,17550.0,17550.0,0.0,2026,3,14,1,SURPLUS
2026-04-01,Sulawesi Tengah,Minyak Goreng Curah,17550.0,19851.612903225807,-2301.612903225807,-11.59,0.0,17550.0,17550.0,0.0,2026,4,14,2,SURPLUS
2026-04-02,Sulawesi Tengah,Minyak Goreng Curah,17550.0,19870.967741935485,-2320.967741935485,-11.68,0.0,17550.0,17550.0,0.0,2026,4,14,3,SURPLUS
2026-04-03,Sulawesi Tengah,Minyak Goreng Curah,17550.0,19933.870967741936,-2383.8709677419356,-11.96,0.0,17550.0,17550.0,0.0,2026,4,14,4,SURPLUS
2026-04-06,Sulawesi Tengah,Minyak Goreng Curah,17550.0,19908.064516129034,-2358.064516129034,-11.84,0.0,17550.0,17550.0,0.0,2026,4,15,0,SURPLUS
2026-04-07,Sulawesi Tengah,Minyak Goreng Curah,17550.0,19943.548387096773,-2393.548387096773,-12.0,0.0,17550.0,17550.0,0.0,2026,4,15,1,SURPLUS
2026-04-08,Sulawesi Tengah,Minyak Goreng Curah,17750.0,19982.25806451613,-2232.258064516129,-11.17,200.0,17578.571428571428,17556.666666666668,75.59289460184567,2026,4,15,2,SURPLUS
2026-04-09,Sulawesi Tengah,Minyak Goreng Curah,17900.0,20138.709677419356,-2238.709677419356,-11.12,150.0,17628.571428571428,17568.333333333332,140.99983113802844,2026,4,15,3,SURPLUS
2026-04-10,Sulawesi Tengah,Minyak Goreng Curah,17750.0,20106.451612903227,-2356.451612903227,-11.72,-150.0,17657.14285714286,17575.0,142.67845968170226,2026,4,15,4,SURPLUS
2026-04-13,Sulawesi Tengah,Minyak Goreng Curah,17750.0,20133.870967741936,-2383.8709677419356,-11.84,0.0,17685.714285714286,17581.666666666668,137.58114488756044,2026,4,16,0,SURPLUS
2026-01-01,Sulawesi Tenggara,Minyak Goreng Curah,17750.0,18851.612903225807,-1101.6129032258068,-5.84,,17750.0,17750.0,,2026,1,1,3,SURPLUS
2026-01-02,Sulawesi Tenggara,Minyak Goreng Curah,17750.0,18843.548387096773,-1093.5483870967728,-5.8,0.0,17750.0,17750.0,0.0,2026,1,1,4,SURPLUS
2026-01-05,Sulawesi Tenggara,Minyak Goreng Curah,17750.0,18840.322580645163,-1090.3225806451628,-5.79,0.0,17750.0,17750.0,0.0,2026,1,2,0,SURPLUS
2026-01-06,Sulawesi Tenggara,Minyak Goreng Curah,17750.0,18832.25806451613,-1082.2580645161288,-5.75,0.0,17750.0,17750.0,0.0,2026,1,2,1,SURPLUS
2026-01-07,Sulawesi Tenggara,Minyak Goreng Curah,17750.0,18822.58064516129,-1072.5806451612916,-5.7,0.0,17750.0,17750.0,0.0,2026,1,2,2,SURPLUS
2026-01-08,Sulawesi Tenggara,Minyak Goreng Curah,17750.0,18822.58064516129,-1072.5806451612916,-5.7,0.0,17750.0,17750.0,0.0,2026,1,2,3,SURPLUS
2026-01-09,Sulawesi Tenggara,Minyak Goreng Curah,17750.0,18825.8064516129,-1075.8064516129016,-5.71,0.0,17750.0,17750.0,0.0,2026,1,2,4,SURPLUS
2026-01-12,Sulawesi Tenggara,Minyak Goreng Curah,17750.0,18803.225806451614,-1053.2258064516136,-5.6,0.0,17750.0,17750.0,0.0,2026,1,3,0,SURPLUS
2026-01-13,Sulawesi Tenggara,Minyak Goreng Curah,17750.0,18816.129032258064,-1066.1290322580644,-5.67,0.0,17750.0,17750.0,0.0,2026,1,3,1,SURPLUS
2026-01-14,Sulawesi Tenggara,Minyak Goreng Curah,17750.0,18811.290322580644,-1061.290322580644,-5.64,0.0,17750.0,17750.0,0.0,2026,1,3,2,SURPLUS
2026-01-15,Sulawesi Tenggara,Minyak Goreng Curah,17750.0,18812.90322580645,-1062.9032258064508,-5.65,0.0,17750.0,17750.0,0.0,2026,1,3,3,SURPLUS
2026-01-16,Sulawesi Tenggara,Minyak Goreng Curah,17750.0,18812.90322580645,-1062.9032258064508,-5.65,0.0,17750.0,17750.0,0.0,2026,1,3,4,SURPLUS
2026-01-19,Sulawesi Tenggara,Minyak Goreng Curah,17750.0,18809.677419354837,-1059.6774193548372,-5.63,0.0,17750.0,17750.0,0.0,2026,1,4,0,SURPLUS
2026-01-20,Sulawesi Tenggara,Minyak Goreng Curah,17750.0,18817.74193548387,-1067.7419354838712,-5.67,0.0,17750.0,17750.0,0.0,2026,1,4,1,SURPLUS
2026-01-21,Sulawesi Tenggara,Minyak Goreng Curah,17750.0,18812.90322580645,-1062.9032258064508,-5.65,0.0,17750.0,17750.0,0.0,2026,1,4,2,SURPLUS
2026-01-22,Sulawesi Tenggara,Minyak Goreng Curah,17750.0,18816.129032258064,-1066.1290322580644,-5.67,0.0,17750.0,17750.0,0.0,2026,1,4,3,SURPLUS
2026-01-23,Sulawesi Tenggara,Minyak Goreng Curah,17750.0,18817.74193548387,-1067.7419354838712,-5.67,0.0,17750.0,17750.0,0.0,2026,1,4,4,SURPLUS
2026-01-26,Sulawesi Tenggara,Minyak Goreng Curah,17500.0,18827.41935483871,-1327.4193548387084,-7.05,-250.0,17714.285714285714,17736.11111111111,94.49111825230669,2026,1,5,0,SURPLUS
2026-01-27,Sulawesi Tenggara,Minyak Goreng Curah,17500.0,18830.645161290322,-1330.645161290322,-7.07,0.0,17678.571428571428,17723.684210526317,121.98750911856621,2026,1,5,1,SURPLUS
2026-01-28,Sulawesi Tenggara,Minyak Goreng Curah,17500.0,18824.1935483871,-1324.1935483870984,-7.03,0.0,17642.85714285714,17712.5,133.63062095621126,2026,1,5,2,SURPLUS
2026-01-29,Sulawesi Tenggara,Minyak Goreng Curah,17500.0,18825.8064516129,-1325.8064516129016,-7.04,0.0,17607.14285714286,17702.380952380954,133.63062095621126,2026,1,5,3,SURPLUS
2026-01-30,Sulawesi Tenggara,Minyak Goreng Curah,17500.0,18864.516129032258,-1364.5161290322576,-7.23,0.0,17571.428571428572,17693.18181818182,121.98750911856621,2026,1,5,4,SURPLUS
2026-02-02,Sulawesi Tenggara,Minyak Goreng Curah,17500.0,18872.58064516129,-1372.5806451612916,-7.27,0.0,17535.714285714286,17684.782608695652,94.49111825230669,2026,2,6,0,SURPLUS
2026-02-03,Sulawesi Tenggara,Minyak Goreng Curah,17500.0,18891.935483870966,-1391.935483870966,-7.37,0.0,17500.0,17677.083333333332,0.0,2026,2,6,1,SURPLUS
2026-02-04,Sulawesi Tenggara,Minyak Goreng Curah,17500.0,18900.0,-1400.0,-7.41,0.0,17500.0,17670.0,0.0,2026,2,6,2,SURPLUS
2026-02-05,Sulawesi Tenggara,Minyak Goreng Curah,17500.0,18967.74193548387,-1467.7419354838712,-7.74,0.0,17500.0,17663.46153846154,0.0,2026,2,6,3,SURPLUS
2026-02-06,Sulawesi Tenggara,Minyak Goreng Curah,17500.0,18940.322580645163,-1440.3225806451628,-7.6,0.0,17500.0,17657.40740740741,0.0,2026,2,6,4,SURPLUS
2026-02-09,Sulawesi Tenggara,Minyak Goreng Curah,17500.0,18922.58064516129,-1422.5806451612916,-7.52,0.0,17500.0,17651.785714285714,0.0,2026,2,7,0,SURPLUS
2026-02-10,Sulawesi Tenggara,Minyak Goreng Curah,17500.0,18927.41935483871,-1427.4193548387084,-7.54,0.0,17500.0,17646.55172413793,0.0,2026,2,7,1,SURPLUS
2026-02-11,Sulawesi Tenggara,Minyak Goreng Curah,17500.0,18929.032258064515,-1429.0322580645152,-7.55,0.0,17500.0,17641.666666666668,0.0,2026,2,7,2,SURPLUS
2026-02-12,Sulawesi Tenggara,Minyak Goreng Curah,17500.0,18933.870967741936,-1433.8709677419356,-7.57,0.0,17500.0,17633.333333333332,0.0,2026,2,7,3,SURPLUS
2026-02-13,Sulawesi Tenggara,Minyak Goreng Curah,17500.0,18982.25806451613,-1482.2580645161288,-7.81,0.0,17500.0,17625.0,0.0,2026,2,7,4,SURPLUS
2026-02-16,Sulawesi Tenggara,Minyak Goreng Curah,17500.0,18940.322580645163,-1440.3225806451628,-7.6,0.0,17500.0,17616.666666666668,0.0,2026,2,8,0,SURPLUS
2026-02-17,Sulawesi Tenggara,Minyak Goreng Curah,17500.0,18940.322580645163,-1440.3225806451628,-7.6,0.0,17500.0,17608.333333333332,0.0,2026,2,8,1,SURPLUS
2026-02-18,Sulawesi Tenggara,Minyak Goreng Curah,17500.0,18969.354838709678,-1469.354838709678,-7.75,0.0,17500.0,17600.0,0.0,2026,2,8,2,SURPLUS
2026-02-19,Sulawesi Tenggara,Minyak Goreng Curah,17500.0,18969.354838709678,-1469.354838709678,-7.75,0.0,17500.0,17591.666666666668,0.0,2026,2,8,3,SURPLUS
2026-02-20,Sulawesi Tenggara,Minyak Goreng Curah,17500.0,18972.58064516129,-1472.5806451612916,-7.76,0.0,17500.0,17583.333333333332,0.0,2026,2,8,4,SURPLUS
2026-02-23,Sulawesi Tenggara,Minyak Goreng Curah,17250.0,18974.1935483871,-1724.1935483870984,-9.09,-250.0,17464.285714285714,17566.666666666668,94.49111825230669,2026,2,9,0,SURPLUS
2026-02-24,Sulawesi Tenggara,Minyak Goreng Curah,17250.0,19011.290322580644,-1761.290322580644,-9.26,0.0,17428.571428571428,17550.0,121.98750911856621,2026,2,9,1,SURPLUS
2026-02-25,Sulawesi Tenggara,Minyak Goreng Curah,17250.0,19012.90322580645,-1762.9032258064508,-9.27,0.0,17392.85714285714,17533.333333333332,133.63062095621126,2026,2,9,2,SURPLUS
2026-02-26,Sulawesi Tenggara,Minyak Goreng Curah,17250.0,19014.516129032258,-1764.5161290322576,-9.28,0.0,17357.14285714286,17516.666666666668,133.63062095621126,2026,2,9,3,SURPLUS
2026-02-27,Sulawesi Tenggara,Minyak Goreng Curah,17250.0,19017.74193548387,-1767.7419354838712,-9.3,0.0,17321.428571428572,17500.0,121.98750911856621,2026,2,9,4,SURPLUS
2026-03-02,Sulawesi Tenggara,Minyak Goreng Curah,17250.0,19012.90322580645,-1762.9032258064508,-9.27,0.0,17285.714285714286,17483.333333333332,94.49111825230669,2026,3,10,0,SURPLUS
2026-03-03,Sulawesi Tenggara,Minyak Goreng Curah,17250.0,19024.1935483871,-1774.1935483870984,-9.33,0.0,17250.0,17466.666666666668,0.0,2026,3,10,1,SURPLUS
2026-03-04,Sulawesi Tenggara,Minyak Goreng Curah,17250.0,19041.935483870966,-1791.935483870966,-9.41,0.0,17250.0,17450.0,0.0,2026,3,10,2,SURPLUS
2026-03-05,Sulawesi Tenggara,Minyak Goreng Curah,17250.0,19043.548387096773,-1793.5483870967728,-9.42,0.0,17250.0,17433.333333333332,0.0,2026,3,10,3,SURPLUS
2026-03-06,Sulawesi Tenggara,Minyak Goreng Curah,17250.0,19020.967741935485,-1770.9677419354848,-9.31,0.0,17250.0,17416.666666666668,0.0,2026,3,10,4,SURPLUS
2026-03-09,Sulawesi Tenggara,Minyak Goreng Curah,17250.0,19029.032258064515,-1779.0322580645152,-9.35,0.0,17250.0,17408.333333333332,0.0,2026,3,11,0,SURPLUS
2026-03-10,Sulawesi Tenggara,Minyak Goreng Curah,17250.0,19067.74193548387,-1817.7419354838712,-9.53,0.0,17250.0,17400.0,0.0,2026,3,11,1,SURPLUS
2026-03-11,Sulawesi Tenggara,Minyak Goreng Curah,17250.0,19146.774193548386,-1896.7741935483864,-9.91,0.0,17250.0,17391.666666666668,0.0,2026,3,11,2,SURPLUS
2026-03-12,Sulawesi Tenggara,Minyak Goreng Curah,17250.0,19251.612903225807,-2001.6129032258068,-10.4,0.0,17250.0,17383.333333333332,0.0,2026,3,11,3,SURPLUS
2026-03-13,Sulawesi Tenggara,Minyak Goreng Curah,17250.0,19287.09677419355,-2037.0967741935492,-10.56,0.0,17250.0,17375.0,0.0,2026,3,11,4,SURPLUS
2026-03-16,Sulawesi Tenggara,Minyak Goreng Curah,17250.0,19469.354838709678,-2219.354838709678,-11.4,0.0,17250.0,17366.666666666668,0.0,2026,3,12,0,SURPLUS
2026-03-17,Sulawesi Tenggara,Minyak Goreng Curah,17250.0,19659.677419354837,-2409.677419354837,-12.26,0.0,17250.0,17358.333333333332,0.0,2026,3,12,1,SURPLUS
2026-03-18,Sulawesi Tenggara,Minyak Goreng Curah,17250.0,19662.90322580645,-2412.903225806451,-12.27,0.0,17250.0,17350.0,0.0,2026,3,12,2,SURPLUS
2026-03-19,Sulawesi Tenggara,Minyak Goreng Curah,17250.0,19654.83870967742,-2404.8387096774204,-12.24,0.0,17250.0,17341.666666666668,0.0,2026,3,12,3,SURPLUS
2026-03-20,Sulawesi Tenggara,Minyak Goreng Curah,17250.0,19656.451612903227,-2406.451612903227,-12.24,0.0,17250.0,17333.333333333332,0.0,2026,3,12,4,SURPLUS
2026-03-23,Sulawesi Tenggara,Minyak Goreng Curah,17250.0,19670.967741935485,-2420.967741935485,-12.31,0.0,17250.0,17325.0,0.0,2026,3,13,0,SURPLUS
2026-03-24,Sulawesi Tenggara,Minyak Goreng Curah,17250.0,19670.967741935485,-2420.967741935485,-12.31,0.0,17250.0,17316.666666666668,0.0,2026,3,13,1,SURPLUS
2026-03-25,Sulawesi Tenggara,Minyak Goreng Curah,17250.0,19745.16129032258,-2495.1612903225796,-12.64,0.0,17250.0,17308.333333333332,0.0,2026,3,13,2,SURPLUS
2026-03-26,Sulawesi Tenggara,Minyak Goreng Curah,17250.0,19758.064516129034,-2508.064516129034,-12.69,0.0,17250.0,17300.0,0.0,2026,3,13,3,SURPLUS
2026-03-27,Sulawesi Tenggara,Minyak Goreng Curah,17250.0,19758.064516129034,-2508.064516129034,-12.69,0.0,17250.0,17291.666666666668,0.0,2026,3,13,4,SURPLUS
2026-03-30,Sulawesi Tenggara,Minyak Goreng Curah,17250.0,19843.548387096773,-2593.548387096773,-13.07,0.0,17250.0,17283.333333333332,0.0,2026,3,14,0,SURPLUS
2026-03-31,Sulawesi Tenggara,Minyak Goreng Curah,17250.0,19840.322580645163,-2590.322580645163,-13.06,0.0,17250.0,17275.0,0.0,2026,3,14,1,SURPLUS
2026-04-01,Sulawesi Tenggara,Minyak Goreng Curah,17250.0,19851.612903225807,-2601.612903225807,-13.11,0.0,17250.0,17266.666666666668,0.0,2026,4,14,2,SURPLUS
2026-04-02,Sulawesi Tenggara,Minyak Goreng Curah,17250.0,19870.967741935485,-2620.967741935485,-13.19,0.0,17250.0,17258.333333333332,0.0,2026,4,14,3,SURPLUS
2026-04-03,Sulawesi Tenggara,Minyak Goreng Curah,17250.0,19933.870967741936,-2683.8709677419356,-13.46,0.0,17250.0,17250.0,0.0,2026,4,14,4,SURPLUS
2026-04-06,Sulawesi Tenggara,Minyak Goreng Curah,17250.0,19908.064516129034,-2658.064516129034,-13.35,0.0,17250.0,17250.0,0.0,2026,4,15,0,SURPLUS
2026-04-07,Sulawesi Tenggara,Minyak Goreng Curah,17250.0,19943.548387096773,-2693.548387096773,-13.51,0.0,17250.0,17250.0,0.0,2026,4,15,1,SURPLUS
2026-04-08,Sulawesi Tenggara,Minyak Goreng Curah,18750.0,19982.25806451613,-1232.2580645161288,-6.17,1500.0,17464.285714285714,17300.0,566.9467095138409,2026,4,15,2,SURPLUS
2026-04-09,Sulawesi Tenggara,Minyak Goreng Curah,20000.0,20138.709677419356,-138.709677419356,-0.69,1250.0,17857.14285714286,17391.666666666668,1097.8875820670996,2026,4,15,3,NORMAL
2026-04-10,Sulawesi Tenggara,Minyak Goreng Curah,20000.0,20106.451612903227,-106.45161290322721,-0.53,0.0,18250.0,17483.333333333332,1314.9778198382905,2026,4,15,4,NORMAL
2026-04-13,Sulawesi Tenggara,Minyak Goreng Curah,20000.0,20133.870967741936,-133.8709677419356,-0.66,0.0,18642.85714285714,17575.0,1375.8114488755848,2026,4,16,0,NORMAL
2026-01-01,Sulawesi Utara,Minyak Goreng Curah,15300.0,18851.612903225807,-3551.612903225807,-18.84,,15300.0,15300.0,,2026,1,1,3,SURPLUS
2026-01-02,Sulawesi Utara,Minyak Goreng Curah,15300.0,18843.548387096773,-3543.548387096773,-18.81,0.0,15300.0,15300.0,0.0,2026,1,1,4,SURPLUS
2026-01-05,Sulawesi Utara,Minyak Goreng Curah,15300.0,18840.322580645163,-3540.322580645163,-18.79,0.0,15300.0,15300.0,0.0,2026,1,2,0,SURPLUS
2026-01-06,Sulawesi Utara,Minyak Goreng Curah,15300.0,18832.25806451613,-3532.258064516129,-18.76,0.0,15300.0,15300.0,0.0,2026,1,2,1,SURPLUS
2026-01-07,Sulawesi Utara,Minyak Goreng Curah,15300.0,18822.58064516129,-3522.5806451612916,-18.71,0.0,15300.0,15300.0,0.0,2026,1,2,2,SURPLUS
2026-01-08,Sulawesi Utara,Minyak Goreng Curah,15300.0,18822.58064516129,-3522.5806451612916,-18.71,0.0,15300.0,15300.0,0.0,2026,1,2,3,SURPLUS
2026-01-09,Sulawesi Utara,Minyak Goreng Curah,15300.0,18825.8064516129,-3525.8064516129016,-18.73,0.0,15300.0,15300.0,0.0,2026,1,2,4,SURPLUS
2026-01-12,Sulawesi Utara,Minyak Goreng Curah,15300.0,18803.225806451614,-3503.2258064516136,-18.63,0.0,15300.0,15300.0,0.0,2026,1,3,0,SURPLUS
2026-01-13,Sulawesi Utara,Minyak Goreng Curah,15300.0,18816.129032258064,-3516.1290322580644,-18.69,0.0,15300.0,15300.0,0.0,2026,1,3,1,SURPLUS
2026-01-14,Sulawesi Utara,Minyak Goreng Curah,15300.0,18811.290322580644,-3511.290322580644,-18.67,0.0,15300.0,15300.0,0.0,2026,1,3,2,SURPLUS
2026-01-15,Sulawesi Utara,Minyak Goreng Curah,15300.0,18812.90322580645,-3512.903225806451,-18.67,0.0,15300.0,15300.0,0.0,2026,1,3,3,SURPLUS
2026-01-16,Sulawesi Utara,Minyak Goreng Curah,15300.0,18812.90322580645,-3512.903225806451,-18.67,0.0,15300.0,15300.0,0.0,2026,1,3,4,SURPLUS
2026-01-19,Sulawesi Utara,Minyak Goreng Curah,15300.0,18809.677419354837,-3509.677419354837,-18.66,0.0,15300.0,15300.0,0.0,2026,1,4,0,SURPLUS
2026-01-20,Sulawesi Utara,Minyak Goreng Curah,15300.0,18817.74193548387,-3517.741935483871,-18.69,0.0,15300.0,15300.0,0.0,2026,1,4,1,SURPLUS
2026-01-21,Sulawesi Utara,Minyak Goreng Curah,15300.0,18812.90322580645,-3512.903225806451,-18.67,0.0,15300.0,15300.0,0.0,2026,1,4,2,SURPLUS
2026-01-22,Sulawesi Utara,Minyak Goreng Curah,15300.0,18816.129032258064,-3516.1290322580644,-18.69,0.0,15300.0,15300.0,0.0,2026,1,4,3,SURPLUS
2026-01-23,Sulawesi Utara,Minyak Goreng Curah,15350.0,18817.74193548387,-3467.741935483871,-18.43,50.0,15307.142857142857,15302.941176470587,18.898223650461418,2026,1,4,4,SURPLUS
2026-01-26,Sulawesi Utara,Minyak Goreng Curah,15350.0,18827.41935483871,-3477.4193548387084,-18.47,0.0,15314.285714285714,15305.555555555555,24.397501823713633,2026,1,5,0,SURPLUS
2026-01-27,Sulawesi Utara,Minyak Goreng Curah,15350.0,18830.645161290322,-3480.645161290322,-18.48,0.0,15321.42857142857,15307.894736842105,26.726124191242906,2026,1,5,1,SURPLUS
2026-01-28,Sulawesi Utara,Minyak Goreng Curah,15350.0,18824.1935483871,-3474.1935483870984,-18.46,0.0,15328.57142857143,15310.0,26.726124191242906,2026,1,5,2,SURPLUS
2026-01-29,Sulawesi Utara,Minyak Goreng Curah,15450.0,18825.8064516129,-3375.8064516129016,-17.93,100.0,15350.0,15316.666666666666,50.00000000000008,2026,1,5,3,SURPLUS
2026-01-30,Sulawesi Utara,Minyak Goreng Curah,15900.0,18864.516129032258,-2964.5161290322576,-15.71,450.0,15435.714285714286,15343.181818181818,209.59143930173136,2026,1,5,4,SURPLUS
2026-02-02,Sulawesi Utara,Minyak Goreng Curah,15900.0,18872.58064516129,-2972.5806451612916,-15.75,0.0,15521.42857142857,15367.391304347826,261.17864712545986,2026,2,6,0,SURPLUS
2026-02-03,Sulawesi Utara,Minyak Goreng Curah,15950.0,18891.935483870966,-2941.935483870966,-15.57,50.0,15607.142857142857,15391.666666666666,292.15944766024995,2026,2,6,1,SURPLUS
2026-02-04,Sulawesi Utara,Minyak Goreng Curah,15950.0,18900.0,-2950.0,-15.61,0.0,15692.857142857143,15414.0,292.1594476602494,2026,2,6,2,SURPLUS
2026-02-05,Sulawesi Utara,Minyak Goreng Curah,15950.0,18967.74193548387,-3017.741935483871,-15.91,0.0,15778.57142857143,15434.615384615385,261.17864712545804,2026,2,6,3,SURPLUS
2026-02-06,Sulawesi Utara,Minyak Goreng Curah,15950.0,18940.322580645163,-2990.322580645163,-15.79,0.0,15864.285714285714,15453.703703703704,184.19709940324844,2026,2,6,4,SURPLUS
2026-02-09,Sulawesi Utara,Minyak Goreng Curah,15950.0,18922.58064516129,-2972.5806451612916,-15.71,0.0,15935.714285714286,15471.42857142857,24.397501823690632,2026,2,7,0,SURPLUS
2026-02-10,Sulawesi Utara,Minyak Goreng Curah,15950.0,18927.41935483871,-2977.4193548387084,-15.73,0.0,15942.857142857143,15487.931034482759,18.898223650432815,2026,2,7,1,SURPLUS
2026-02-11,Sulawesi Utara,Minyak Goreng Curah,15950.0,18929.032258064515,-2979.032258064515,-15.74,0.0,15950.0,15503.333333333334,0.0,2026,2,7,2,SURPLUS
2026-02-12,Sulawesi Utara,Minyak Goreng Curah,15950.0,18933.870967741936,-2983.8709677419356,-15.76,0.0,15950.0,15525.0,0.0,2026,2,7,3,SURPLUS
2026-02-13,Sulawesi Utara,Minyak Goreng Curah,16000.0,18982.25806451613,-2982.258064516129,-15.71,50.0,15957.142857142857,15548.333333333334,18.898223650461418,2026,2,7,4,SURPLUS
2026-02-16,Sulawesi Utara,Minyak Goreng Curah,16000.0,18940.322580645163,-2940.322580645163,-15.52,0.0,15964.285714285714,15571.666666666666,24.397501823713633,2026,2,8,0,SURPLUS
2026-02-17,Sulawesi Utara,Minyak Goreng Curah,16000.0,18940.322580645163,-2940.322580645163,-15.52,0.0,15971.42857142857,15595.0,26.726124191242906,2026,2,8,1,SURPLUS
2026-02-18,Sulawesi Utara,Minyak Goreng Curah,16000.0,18969.354838709678,-2969.354838709678,-15.65,0.0,15978.57142857143,15618.333333333334,26.726124191242906,2026,2,8,2,SURPLUS
2026-02-19,Sulawesi Utara,Minyak Goreng Curah,16000.0,18969.354838709678,-2969.354838709678,-15.65,0.0,15985.714285714286,15641.666666666666,24.397501823713633,2026,2,8,3,SURPLUS
2026-02-20,Sulawesi Utara,Minyak Goreng Curah,16000.0,18972.58064516129,-2972.5806451612916,-15.67,0.0,15992.857142857143,15665.0,18.898223650461418,2026,2,8,4,SURPLUS
2026-02-23,Sulawesi Utara,Minyak Goreng Curah,16000.0,18974.1935483871,-2974.1935483870984,-15.67,0.0,16000.0,15688.333333333334,0.0,2026,2,9,0,SURPLUS
2026-02-24,Sulawesi Utara,Minyak Goreng Curah,16000.0,19011.290322580644,-3011.290322580644,-15.84,0.0,16000.0,15711.666666666666,0.0,2026,2,9,1,SURPLUS
2026-02-25,Sulawesi Utara,Minyak Goreng Curah,16000.0,19012.90322580645,-3012.903225806451,-15.85,0.0,16000.0,15735.0,0.0,2026,2,9,2,SURPLUS
2026-02-26,Sulawesi Utara,Minyak Goreng Curah,16000.0,19014.516129032258,-3014.5161290322576,-15.85,0.0,16000.0,15758.333333333334,0.0,2026,2,9,3,SURPLUS
2026-02-27,Sulawesi Utara,Minyak Goreng Curah,16000.0,19017.74193548387,-3017.741935483871,-15.87,0.0,16000.0,15781.666666666666,0.0,2026,2,9,4,SURPLUS
2026-03-02,Sulawesi Utara,Minyak Goreng Curah,16000.0,19012.90322580645,-3012.903225806451,-15.85,0.0,16000.0,15805.0,0.0,2026,3,10,0,SURPLUS
2026-03-03,Sulawesi Utara,Minyak Goreng Curah,16000.0,19024.1935483871,-3024.1935483870984,-15.9,0.0,16000.0,15828.333333333334,0.0,2026,3,10,1,SURPLUS
2026-03-04,Sulawesi Utara,Minyak Goreng Curah,16000.0,19041.935483870966,-3041.935483870966,-15.97,0.0,16000.0,15851.666666666666,0.0,2026,3,10,2,SURPLUS
2026-03-05,Sulawesi Utara,Minyak Goreng Curah,16000.0,19043.548387096773,-3043.548387096773,-15.98,0.0,16000.0,15875.0,0.0,2026,3,10,3,SURPLUS
2026-03-06,Sulawesi Utara,Minyak Goreng Curah,16000.0,19020.967741935485,-3020.967741935485,-15.88,0.0,16000.0,15896.666666666666,0.0,2026,3,10,4,SURPLUS
2026-03-09,Sulawesi Utara,Minyak Goreng Curah,16000.0,19029.032258064515,-3029.032258064515,-15.92,0.0,16000.0,15918.333333333334,0.0,2026,3,11,0,SURPLUS
2026-03-10,Sulawesi Utara,Minyak Goreng Curah,16000.0,19067.74193548387,-3067.741935483871,-16.09,0.0,16000.0,15940.0,0.0,2026,3,11,1,SURPLUS
2026-03-11,Sulawesi Utara,Minyak Goreng Curah,16000.0,19146.774193548386,-3146.7741935483864,-16.44,0.0,16000.0,15961.666666666666,0.0,2026,3,11,2,SURPLUS
2026-03-12,Sulawesi Utara,Minyak Goreng Curah,16000.0,19251.612903225807,-3251.612903225807,-16.89,0.0,16000.0,15980.0,0.0,2026,3,11,3,SURPLUS
2026-03-13,Sulawesi Utara,Minyak Goreng Curah,16000.0,19287.09677419355,-3287.096774193549,-17.04,0.0,16000.0,15983.333333333334,0.0,2026,3,11,4,SURPLUS
2026-03-16,Sulawesi Utara,Minyak Goreng Curah,16150.0,19469.354838709678,-3319.354838709678,-17.05,150.0,16021.42857142857,15991.666666666666,56.69467095138425,2026,3,12,0,SURPLUS
2026-03-17,Sulawesi Utara,Minyak Goreng Curah,17250.0,19659.677419354837,-2409.677419354837,-12.26,1100.0,16200.0,16035.0,466.36895265444076,2026,3,12,1,SURPLUS
2026-03-18,Sulawesi Utara,Minyak Goreng Curah,17250.0,19662.90322580645,-2412.903225806451,-12.27,0.0,16378.57142857143,16078.333333333334,597.8134762456867,2026,3,12,2,SURPLUS
2026-03-19,Sulawesi Utara,Minyak Goreng Curah,17250.0,19654.83870967742,-2404.8387096774204,-12.24,0.0,16557.14285714286,16121.666666666666,650.2746672423448,2026,3,12,3,SURPLUS
2026-03-20,Sulawesi Utara,Minyak Goreng Curah,17250.0,19656.451612903227,-2406.451612903227,-12.24,0.0,16735.714285714286,16165.0,643.3728090528621,2026,3,12,4,SURPLUS
2026-03-23,Sulawesi Utara,Minyak Goreng Curah,17250.0,19670.967741935485,-2420.967741935485,-12.31,0.0,16914.285714285714,16208.333333333334,574.9741195003793,2026,3,13,0,SURPLUS
2026-03-24,Sulawesi Utara,Minyak Goreng Curah,17250.0,19670.967741935485,-2420.967741935485,-12.31,0.0,17092.85714285714,16251.666666666666,415.7609203101461,2026,3,13,1,SURPLUS
2026-03-25,Sulawesi Utara,Minyak Goreng Curah,17250.0,19745.16129032258,-2495.1612903225796,-12.64,0.0,17250.0,16295.0,0.0,2026,3,13,2,SURPLUS
2026-03-26,Sulawesi Utara,Minyak Goreng Curah,17250.0,19758.064516129034,-2508.064516129034,-12.69,0.0,17250.0,16338.333333333334,0.0,2026,3,13,3,SURPLUS
2026-03-27,Sulawesi Utara,Minyak Goreng Curah,17350.0,19758.064516129034,-2408.064516129034,-12.19,100.0,17264.285714285714,16383.333333333334,37.796447300922836,2026,3,13,4,SURPLUS
2026-03-30,Sulawesi Utara,Minyak Goreng Curah,17350.0,19843.548387096773,-2493.548387096773,-12.57,0.0,17278.571428571428,16428.333333333332,48.795003647427265,2026,3,14,0,SURPLUS
2026-03-31,Sulawesi Utara,Minyak Goreng Curah,17350.0,19840.322580645163,-2490.322580645163,-12.55,0.0,17292.85714285714,16473.333333333332,53.45224838248581,2026,3,14,1,SURPLUS
2026-04-01,Sulawesi Utara,Minyak Goreng Curah,17350.0,19851.612903225807,-2501.612903225807,-12.6,0.0,17307.14285714286,16518.333333333332,53.45224838248581,2026,4,14,2,SURPLUS
2026-04-02,Sulawesi Utara,Minyak Goreng Curah,17350.0,19870.967741935485,-2520.967741935485,-12.69,0.0,17321.428571428572,16563.333333333332,48.795003647427265,2026,4,14,3,SURPLUS
2026-04-03,Sulawesi Utara,Minyak Goreng Curah,17350.0,19933.870967741936,-2583.8709677419356,-12.96,0.0,17335.714285714286,16608.333333333332,37.796447300922836,2026,4,14,4,SURPLUS
2026-04-06,Sulawesi Utara,Minyak Goreng Curah,17400.0,19908.064516129034,-2508.064516129034,-12.6,50.0,17357.14285714286,16655.0,18.898223650461016,2026,4,15,0,SURPLUS
2026-04-07,Sulawesi Utara,Minyak Goreng Curah,17400.0,19943.548387096773,-2543.548387096773,-12.75,0.0,17364.285714285714,16701.666666666668,24.397501823712222,2026,4,15,1,SURPLUS
2026-04-08,Sulawesi Utara,Minyak Goreng Curah,17400.0,19982.25806451613,-2582.258064516129,-12.92,0.0,17371.428571428572,16748.333333333332,26.726124191240128,2026,4,15,2,SURPLUS
2026-04-09,Sulawesi Utara,Minyak Goreng Curah,17400.0,20138.709677419356,-2738.709677419356,-13.6,0.0,17378.571428571428,16795.0,26.726124191238306,2026,4,15,3,SURPLUS
2026-04-10,Sulawesi Utara,Minyak Goreng Curah,17200.0,20106.451612903227,-2906.451612903227,-14.46,-200.0,17357.14285714286,16835.0,73.19250547114022,2026,4,15,4,SURPLUS
2026-04-13,Sulawesi Utara,Minyak Goreng Curah,17200.0,20133.870967741936,-2933.8709677419356,-14.57,0.0,17335.714285714286,16875.0,94.49111825230821,2026,4,16,0,SURPLUS
2026-01-01,Sumatera Barat,Minyak Goreng Curah,18650.0,18851.612903225807,-201.6129032258068,-1.07,,18650.0,18650.0,,2026,1,1,3,NORMAL
2026-01-02,Sumatera Barat,Minyak Goreng Curah,18650.0,18843.548387096773,-193.54838709677279,-1.03,0.0,18650.0,18650.0,0.0,2026,1,1,4,NORMAL
2026-01-05,Sumatera Barat,Minyak Goreng Curah,18650.0,18840.322580645163,-190.32258064516282,-1.01,0.0,18650.0,18650.0,0.0,2026,1,2,0,NORMAL
2026-01-06,Sumatera Barat,Minyak Goreng Curah,18700.0,18832.25806451613,-132.2580645161288,-0.7,50.0,18662.5,18662.5,25.0,2026,1,2,1,NORMAL
2026-01-07,Sumatera Barat,Minyak Goreng Curah,18700.0,18822.58064516129,-122.58064516129161,-0.65,0.0,18670.0,18670.0,27.386127875258307,2026,1,2,2,NORMAL
2026-01-08,Sumatera Barat,Minyak Goreng Curah,18700.0,18822.58064516129,-122.58064516129161,-0.65,0.0,18675.0,18675.0,27.386127875258307,2026,1,2,3,NORMAL
2026-01-09,Sumatera Barat,Minyak Goreng Curah,18700.0,18825.8064516129,-125.80645161290158,-0.67,0.0,18678.571428571428,18678.571428571428,26.72612419124252,2026,1,2,4,NORMAL
2026-01-12,Sumatera Barat,Minyak Goreng Curah,18700.0,18803.225806451614,-103.22580645161361,-0.55,0.0,18685.714285714286,18681.25,24.397501823713686,2026,1,3,0,NORMAL
2026-01-13,Sumatera Barat,Minyak Goreng Curah,18700.0,18816.129032258064,-116.1290322580644,-0.62,0.0,18692.85714285714,18683.333333333332,18.898223650461418,2026,1,3,1,NORMAL
2026-01-14,Sumatera Barat,Minyak Goreng Curah,18700.0,18811.290322580644,-111.29032258064399,-0.59,0.0,18700.0,18685.0,0.0,2026,1,3,2,NORMAL
2026-01-15,Sumatera Barat,Minyak Goreng Curah,18700.0,18812.90322580645,-112.90322580645079,-0.6,0.0,18700.0,18686.363636363636,0.0,2026,1,3,3,NORMAL
2026-01-16,Sumatera Barat,Minyak Goreng Curah,18700.0,18812.90322580645,-112.90322580645079,-0.6,0.0,18700.0,18687.5,0.0,2026,1,3,4,NORMAL
2026-01-19,Sumatera Barat,Minyak Goreng Curah,18700.0,18809.677419354837,-109.67741935483718,-0.58,0.0,18700.0,18688.46153846154,0.0,2026,1,4,0,NORMAL
2026-01-20,Sumatera Barat,Minyak Goreng Curah,18700.0,18817.74193548387,-117.7419354838712,-0.63,0.0,18700.0,18689.285714285714,0.0,2026,1,4,1,NORMAL
2026-01-21,Sumatera Barat,Minyak Goreng Curah,18700.0,18812.90322580645,-112.90322580645079,-0.6,0.0,18700.0,18690.0,0.0,2026,1,4,2,NORMAL
2026-01-22,Sumatera Barat,Minyak Goreng Curah,18700.0,18816.129032258064,-116.1290322580644,-0.62,0.0,18700.0,18690.625,0.0,2026,1,4,3,NORMAL
2026-01-23,Sumatera Barat,Minyak Goreng Curah,18700.0,18817.74193548387,-117.7419354838712,-0.63,0.0,18700.0,18691.176470588234,0.0,2026,1,4,4,NORMAL
2026-01-26,Sumatera Barat,Minyak Goreng Curah,18700.0,18827.41935483871,-127.41935483870839,-0.68,0.0,18700.0,18691.666666666668,0.0,2026,1,5,0,NORMAL
2026-01-27,Sumatera Barat,Minyak Goreng Curah,18700.0,18830.645161290322,-130.645161290322,-0.69,0.0,18700.0,18692.105263157893,0.0,2026,1,5,1,NORMAL
2026-01-28,Sumatera Barat,Minyak Goreng Curah,18700.0,18824.1935483871,-124.19354838709842,-0.66,0.0,18700.0,18692.5,0.0,2026,1,5,2,NORMAL
2026-01-29,Sumatera Barat,Minyak Goreng Curah,18800.0,18825.8064516129,-25.806451612901583,-0.14,100.0,18714.285714285714,18697.619047619046,37.796447300922836,2026,1,5,3,NORMAL
2026-01-30,Sumatera Barat,Minyak Goreng Curah,18800.0,18864.516129032258,-64.5161290322576,-0.34,0.0,18728.571428571428,18702.272727272728,48.795003647427265,2026,1,5,4,NORMAL
2026-02-02,Sumatera Barat,Minyak Goreng Curah,18900.0,18872.58064516129,27.419354838708387,0.15,100.0,18757.14285714286,18710.869565217392,78.67957924694532,2026,2,6,0,NORMAL
2026-02-03,Sumatera Barat,Minyak Goreng Curah,18900.0,18891.935483870966,8.064516129034018,0.04,0.0,18785.714285714286,18718.75,89.97354108424551,2026,2,6,1,NORMAL
2026-02-04,Sumatera Barat,Minyak Goreng Curah,18900.0,18900.0,0.0,0.0,0.0,18814.285714285714,18726.0,89.97354108424676,2026,2,6,2,NORMAL
2026-02-05,Sumatera Barat,Minyak Goreng Curah,18950.0,18967.74193548387,-17.741935483871202,-0.09,50.0,18850.0,18734.615384615383,86.60254037844895,2026,2,6,3,NORMAL
2026-02-06,Sumatera Barat,Minyak Goreng Curah,18950.0,18940.322580645163,9.677419354837184,0.05,0.0,18885.714285714286,18742.59259259259,62.67831705281009,2026,2,6,4,NORMAL
2026-02-09,Sumatera Barat,Minyak Goreng Curah,18950.0,18922.58064516129,27.419354838708387,0.14,0.0,18907.14285714286,18750.0,53.45224838249706,2026,2,7,0,NORMAL
2026-02-10,Sumatera Barat,Minyak Goreng Curah,19050.0,18927.41935483871,122.58064516129161,0.65,100.0,18942.85714285714,18760.344827586207,53.45224838249898,2026,2,7,1,NORMAL
2026-02-11,Sumatera Barat,Minyak Goreng Curah,19050.0,18929.032258064515,120.96774193548481,0.64,0.0,18964.285714285714,18770.0,62.67831705281307,2026,2,7,2,NORMAL
2026-02-12,Sumatera Barat,Minyak Goreng Curah,19050.0,18933.870967741936,116.1290322580644,0.61,0.0,18985.714285714286,18783.333333333332,62.67831705281307,2026,2,7,3,NORMAL
2026-02-13,Sumatera Barat,Minyak Goreng Curah,19050.0,18982.25806451613,67.7419354838712,0.36,0.0,19007.14285714286,18796.666666666668,53.45224838249898,2026,2,7,4,NORMAL
2026-02-16,Sumatera Barat,Minyak Goreng Curah,19050.0,18940.322580645163,109.67741935483718,0.58,0.0,19021.428571428572,18810.0,48.795003647441696,2026,2,8,0,NORMAL
2026-02-17,Sumatera Barat,Minyak Goreng Curah,19050.0,18940.322580645163,109.67741935483718,0.58,0.0,19035.714285714286,18821.666666666668,37.796447300941466,2026,2,8,1,NORMAL
2026-02-18,Sumatera Barat,Minyak Goreng Curah,19050.0,18969.354838709678,80.645161290322,0.43,0.0,19050.0,18833.333333333332,3.7521964212238314e-05,2026,2,8,2,NORMAL
2026-02-19,Sumatera Barat,Minyak Goreng Curah,19050.0,18969.354838709678,80.645161290322,0.43,0.0,19050.0,18845.0,3.7521964212238314e-05,2026,2,8,3,NORMAL
2026-02-20,Sumatera Barat,Minyak Goreng Curah,19050.0,18972.58064516129,77.41935483870839,0.41,0.0,19050.0,18856.666666666668,3.7521964212238314e-05,2026,2,8,4,NORMAL
2026-02-23,Sumatera Barat,Minyak Goreng Curah,19050.0,18974.1935483871,75.80645161290158,0.4,0.0,19050.0,18868.333333333332,3.7521964212238314e-05,2026,2,9,0,NORMAL
2026-02-24,Sumatera Barat,Minyak Goreng Curah,19050.0,19011.290322580644,38.70967741935601,0.2,0.0,19050.0,18880.0,3.7521964212238314e-05,2026,2,9,1,NORMAL
2026-02-25,Sumatera Barat,Minyak Goreng Curah,19050.0,19012.90322580645,37.09677419354921,0.2,0.0,19050.0,18891.666666666668,3.7521964212238314e-05,2026,2,9,2,NORMAL
2026-02-26,Sumatera Barat,Minyak Goreng Curah,19050.0,19014.516129032258,35.483870967742405,0.19,0.0,19050.0,18903.333333333332,3.7521964212238314e-05,2026,2,9,3,NORMAL
2026-02-27,Sumatera Barat,Minyak Goreng Curah,19050.0,19017.74193548387,32.2580645161288,0.17,0.0,19050.0,18915.0,3.7521964212238314e-05,2026,2,9,4,NORMAL
2026-03-02,Sumatera Barat,Minyak Goreng Curah,19100.0,19012.90322580645,87.09677419354921,0.46,50.0,19057.14285714286,18928.333333333332,18.898223650498267,2026,3,10,0,NORMAL
2026-03-03,Sumatera Barat,Minyak Goreng Curah,19100.0,19024.1935483871,75.80645161290158,0.4,0.0,19064.285714285714,18941.666666666668,24.397501823741074,2026,3,10,1,NORMAL
2026-03-04,Sumatera Barat,Minyak Goreng Curah,19100.0,19041.935483870966,58.06451612903402,0.3,0.0,19071.428571428572,18955.0,26.726124191266468,2026,3,10,2,NORMAL
2026-03-05,Sumatera Barat,Minyak Goreng Curah,19100.0,19043.548387096773,56.451612903227215,0.3,0.0,19078.571428571428,18968.333333333332,26.726124191264645,2026,3,10,3,NORMAL
2026-03-06,Sumatera Barat,Minyak Goreng Curah,19100.0,19020.967741935485,79.03225806451519,0.42,0.0,19085.714285714286,18981.666666666668,24.397501823735823,2026,3,10,4,NORMAL
2026-03-09,Sumatera Barat,Minyak Goreng Curah,19100.0,19029.032258064515,70.96774193548481,0.37,0.0,19092.85714285714,18995.0,18.898223650488507,2026,3,11,0,NORMAL
2026-03-10,Sumatera Barat,Minyak Goreng Curah,19100.0,19067.74193548387,32.2580645161288,0.17,0.0,19100.0,19008.333333333332,3.0436756479311062e-05,2026,3,11,1,NORMAL
2026-03-11,Sumatera Barat,Minyak Goreng Curah,19200.0,19146.774193548386,53.22580645161361,0.28,100.0,19114.285714285714,19025.0,37.796447300932115,2026,3,11,2,NORMAL
2026-03-12,Sumatera Barat,Minyak Goreng Curah,19450.0,19251.612903225807,198.3870967741932,1.03,250.0,19164.285714285714,19046.666666666668,131.3845682030605,2026,3,11,3,NORMAL
2026-03-13,Sumatera Barat,Minyak Goreng Curah,19450.0,19287.09677419355,162.9032258064508,0.84,0.0,19214.285714285714,19068.333333333332,165.11179473890985,2026,3,11,4,NORMAL
2026-03-16,Sumatera Barat,Minyak Goreng Curah,20150.0,19469.354838709678,680.645161290322,3.5,700.0,19364.285714285714,19110.0,380.47589248453215,2026,3,12,0,NORMAL
2026-03-17,Sumatera Barat,Minyak Goreng Curah,20450.0,19659.677419354837,790.3225806451628,4.02,300.0,19557.14285714286,19161.666666666668,534.9677337844488,2026,3,12,1,NORMAL
2026-03-18,Sumatera Barat,Minyak Goreng Curah,20450.0,19662.90322580645,787.0967741935492,4.0,0.0,19750.0,19213.333333333332,583.8093296045571,2026,3,12,2,NORMAL
2026-03-19,Sumatera Barat,Minyak Goreng Curah,20450.0,19654.83870967742,795.1612903225796,4.05,0.0,19942.85714285714,19263.333333333332,555.5992046344753,2026,3,12,3,NORMAL
2026-03-20,Sumatera Barat,Minyak Goreng Curah,20450.0,19656.451612903227,793.5483870967728,4.04,0.0,20121.428571428572,19313.333333333332,471.57284949510563,2026,3,12,4,NORMAL
2026-03-23,Sumatera Barat,Minyak Goreng Curah,20450.0,19670.967741935485,779.0322580645152,3.96,0.0,20264.285714285714,19363.333333333332,376.0699023167751,2026,3,13,0,NORMAL
2026-03-24,Sumatera Barat,Minyak Goreng Curah,20450.0,19670.967741935485,779.0322580645152,3.96,0.0,20407.14285714286,19410.0,113.38934190265361,2026,3,13,1,NORMAL
2026-03-25,Sumatera Barat,Minyak Goreng Curah,21000.0,19745.16129032258,1254.8387096774204,6.36,550.0,20528.571428571428,19475.0,207.88046015507518,2026,3,13,2,DEFISIT
2026-03-26,Sumatera Barat,Minyak Goreng Curah,21000.0,19758.064516129034,1241.935483870966,6.29,0.0,20607.14285714286,19540.0,268.3725200608475,2026,3,13,3,DEFISIT
2026-03-27,Sumatera Barat,Minyak Goreng Curah,21000.0,19758.064516129034,1241.935483870966,6.29,0.0,20685.714285714286,19605.0,293.9873661036678,2026,3,13,4,DEFISIT
2026-03-30,Sumatera Barat,Minyak Goreng Curah,21150.0,19843.548387096773,1306.4516129032272,6.58,150.0,20785.714285714286,19675.0,318.478525851543,2026,3,14,0,DEFISIT
2026-03-31,Sumatera Barat,Minyak Goreng Curah,21150.0,19840.322580645163,1309.6774193548372,6.6,0.0,20885.714285714286,19745.0,305.11512269181026,2026,3,14,1,DEFISIT
2026-04-01,Sumatera Barat,Minyak Goreng Curah,21150.0,19851.612903225807,1298.3870967741932,6.54,0.0,20985.714285714286,19815.0,247.84787961282112,2026,4,14,2,DEFISIT
2026-04-02,Sumatera Barat,Minyak Goreng Curah,21150.0,19870.967741935485,1279.0322580645152,6.44,0.0,21085.714285714286,19885.0,80.17837257372722,2026,4,14,3,DEFISIT
2026-04-03,Sumatera Barat,Minyak Goreng Curah,21150.0,19933.870967741936,1216.1290322580644,6.1,0.0,21107.14285714286,19955.0,73.19250547113973,2026,4,14,4,DEFISIT
2026-04-06,Sumatera Barat,Minyak Goreng Curah,21250.0,19908.064516129034,1341.935483870966,6.74,100.0,21142.85714285714,20028.333333333332,73.19250547113973,2026,4,15,0,DEFISIT
2026-04-07,Sumatera Barat,Minyak Goreng Curah,21250.0,19943.548387096773,1306.4516129032272,6.55,0.0,21178.571428571428,20101.666666666668,48.79500364742776,2026,4,15,1,DEFISIT
2026-04-08,Sumatera Barat,Minyak Goreng Curah,21000.0,19982.25806451613,1017.7419354838712,5.09,-250.0,21157.14285714286,20166.666666666668,83.80817098475272,2026,4,15,2,DEFISIT
2026-04-09,Sumatera Barat,Minyak Goreng Curah,21250.0,20138.709677419356,1111.290322580644,5.52,250.0,21171.428571428572,20240.0,90.63269671749704,2026,4,15,3,DEFISIT
2026-04-10,Sumatera Barat,Minyak Goreng Curah,21250.0,20106.451612903227,1143.5483870967728,5.69,0.0,21185.714285714286,20313.333333333332,94.4911182523078,2026,4,15,4,DEFISIT
2026-04-13,Sumatera Barat,Minyak Goreng Curah,21250.0,20133.870967741936,1116.1290322580644,5.54,0.0,21200.0,20385.0,95.74271077563526,2026,4,16,0,DEFISIT
2026-01-01,Sumatera Selatan,Minyak Goreng Curah,20650.0,18851.612903225807,1798.3870967741932,9.54,,20650.0,20650.0,,2026,1,1,3,DEFISIT
2026-01-02,Sumatera Selatan,Minyak Goreng Curah,20650.0,18843.548387096773,1806.4516129032272,9.59,0.0,20650.0,20650.0,0.0,2026,1,1,4,DEFISIT
2026-01-05,Sumatera Selatan,Minyak Goreng Curah,20650.0,18840.322580645163,1809.6774193548372,9.61,0.0,20650.0,20650.0,0.0,2026,1,2,0,DEFISIT
2026-01-06,Sumatera Selatan,Minyak Goreng Curah,20650.0,18832.25806451613,1817.7419354838712,9.65,0.0,20650.0,20650.0,0.0,2026,1,2,1,DEFISIT
2026-01-07,Sumatera Selatan,Minyak Goreng Curah,20650.0,18822.58064516129,1827.4193548387084,9.71,0.0,20650.0,20650.0,0.0,2026,1,2,2,DEFISIT
2026-01-08,Sumatera Selatan,Minyak Goreng Curah,20650.0,18822.58064516129,1827.4193548387084,9.71,0.0,20650.0,20650.0,0.0,2026,1,2,3,DEFISIT
2026-01-09,Sumatera Selatan,Minyak Goreng Curah,20650.0,18825.8064516129,1824.1935483870984,9.69,0.0,20650.0,20650.0,0.0,2026,1,2,4,DEFISIT
2026-01-12,Sumatera Selatan,Minyak Goreng Curah,20650.0,18803.225806451614,1846.7741935483864,9.82,0.0,20650.0,20650.0,0.0,2026,1,3,0,DEFISIT
2026-01-13,Sumatera Selatan,Minyak Goreng Curah,20750.0,18816.129032258064,1933.8709677419356,10.28,100.0,20664.285714285714,20661.11111111111,37.796447300922836,2026,1,3,1,DEFISIT
2026-01-14,Sumatera Selatan,Minyak Goreng Curah,20650.0,18811.290322580644,1838.709677419356,9.77,-100.0,20664.285714285714,20660.0,37.796447300922836,2026,1,3,2,DEFISIT
2026-01-15,Sumatera Selatan,Minyak Goreng Curah,20650.0,18812.90322580645,1837.0967741935492,9.77,0.0,20664.285714285714,20659.090909090908,37.796447300922836,2026,1,3,3,DEFISIT
2026-01-16,Sumatera Selatan,Minyak Goreng Curah,20650.0,18812.90322580645,1837.0967741935492,9.77,0.0,20664.285714285714,20658.333333333332,37.796447300922836,2026,1,3,4,DEFISIT
2026-01-19,Sumatera Selatan,Minyak Goreng Curah,20650.0,18809.677419354837,1840.3225806451628,9.78,0.0,20664.285714285714,20657.69230769231,37.796447300922836,2026,1,4,0,DEFISIT
2026-01-20,Sumatera Selatan,Minyak Goreng Curah,20650.0,18817.74193548387,1832.2580645161288,9.74,0.0,20664.285714285714,20657.14285714286,37.796447300922836,2026,1,4,1,DEFISIT
2026-01-21,Sumatera Selatan,Minyak Goreng Curah,20650.0,18812.90322580645,1837.0967741935492,9.77,0.0,20664.285714285714,20656.666666666668,37.796447300922836,2026,1,4,2,DEFISIT
2026-01-22,Sumatera Selatan,Minyak Goreng Curah,20650.0,18816.129032258064,1833.8709677419356,9.75,0.0,20650.0,20656.25,0.0,2026,1,4,3,DEFISIT
2026-01-23,Sumatera Selatan,Minyak Goreng Curah,20650.0,18817.74193548387,1832.2580645161288,9.74,0.0,20650.0,20655.882352941175,0.0,2026,1,4,4,DEFISIT
2026-01-26,Sumatera Selatan,Minyak Goreng Curah,20650.0,18827.41935483871,1822.5806451612916,9.68,0.0,20650.0,20655.555555555555,0.0,2026,1,5,0,DEFISIT
2026-01-27,Sumatera Selatan,Minyak Goreng Curah,20650.0,18830.645161290322,1819.354838709678,9.66,0.0,20650.0,20655.263157894737,0.0,2026,1,5,1,DEFISIT
2026-01-28,Sumatera Selatan,Minyak Goreng Curah,20500.0,18824.1935483871,1675.8064516129016,8.9,-150.0,20628.571428571428,20647.5,56.694670951383856,2026,1,5,2,DEFISIT
2026-01-29,Sumatera Selatan,Minyak Goreng Curah,20650.0,18825.8064516129,1824.1935483870984,9.69,150.0,20628.571428571428,20647.619047619046,56.694670951383856,2026,1,5,3,DEFISIT
2026-01-30,Sumatera Selatan,Minyak Goreng Curah,20500.0,18864.516129032258,1635.4838709677424,8.67,-150.0,20607.14285714286,20640.909090909092,73.19250547114001,2026,1,5,4,DEFISIT
2026-02-02,Sumatera Selatan,Minyak Goreng Curah,20650.0,18872.58064516129,1777.4193548387084,9.42,150.0,20607.14285714286,20641.304347826088,73.19250547114001,2026,2,6,0,DEFISIT
2026-02-03,Sumatera Selatan,Minyak Goreng Curah,20650.0,18891.935483870966,1758.064516129034,9.31,0.0,20607.14285714286,20641.666666666668,73.19250547114001,2026,2,6,1,DEFISIT
2026-02-04,Sumatera Selatan,Minyak Goreng Curah,20650.0,18900.0,1750.0,9.26,0.0,20607.14285714286,20642.0,73.19250547114001,2026,2,6,2,DEFISIT
2026-02-05,Sumatera Selatan,Minyak Goreng Curah,20650.0,18967.74193548387,1682.2580645161288,8.87,0.0,20607.14285714286,20642.30769230769,73.19250547114001,2026,2,6,3,DEFISIT
2026-02-06,Sumatera Selatan,Minyak Goreng Curah,20650.0,18940.322580645163,1709.6774193548372,9.03,0.0,20628.571428571428,20642.59259259259,56.694670951383856,2026,2,6,4,DEFISIT
2026-02-09,Sumatera Selatan,Minyak Goreng Curah,20650.0,18922.58064516129,1727.4193548387084,9.13,0.0,20628.571428571428,20642.85714285714,56.694670951383856,2026,2,7,0,DEFISIT
2026-02-10,Sumatera Selatan,Minyak Goreng Curah,20650.0,18927.41935483871,1722.5806451612916,9.1,0.0,20650.0,20643.103448275862,0.0,2026,2,7,1,DEFISIT
2026-02-11,Sumatera Selatan,Minyak Goreng Curah,20650.0,18929.032258064515,1720.9677419354848,9.09,0.0,20650.0,20643.333333333332,0.0,2026,2,7,2,DEFISIT
2026-02-12,Sumatera Selatan,Minyak Goreng Curah,20650.0,18933.870967741936,1716.1290322580644,9.06,0.0,20650.0,20643.333333333332,0.0,2026,2,7,3,DEFISIT
2026-02-13,Sumatera Selatan,Minyak Goreng Curah,20650.0,18982.25806451613,1667.7419354838712,8.79,0.0,20650.0,20643.333333333332,0.0,2026,2,7,4,DEFISIT
2026-02-16,Sumatera Selatan,Minyak Goreng Curah,20650.0,18940.322580645163,1709.6774193548372,9.03,0.0,20650.0,20643.333333333332,0.0,2026,2,8,0,DEFISIT
2026-02-17,Sumatera Selatan,Minyak Goreng Curah,20650.0,18940.322580645163,1709.6774193548372,9.03,0.0,20650.0,20643.333333333332,0.0,2026,2,8,1,DEFISIT
2026-02-18,Sumatera Selatan,Minyak Goreng Curah,20650.0,18969.354838709678,1680.645161290322,8.86,0.0,20650.0,20643.333333333332,0.0,2026,2,8,2,DEFISIT
2026-02-19,Sumatera Selatan,Minyak Goreng Curah,20650.0,18969.354838709678,1680.645161290322,8.86,0.0,20650.0,20643.333333333332,0.0,2026,2,8,3,DEFISIT
2026-02-20,Sumatera Selatan,Minyak Goreng Curah,20650.0,18972.58064516129,1677.4193548387084,8.84,0.0,20650.0,20643.333333333332,0.0,2026,2,8,4,DEFISIT
2026-02-23,Sumatera Selatan,Minyak Goreng Curah,20750.0,18974.1935483871,1775.8064516129016,9.36,100.0,20664.285714285714,20646.666666666668,37.796447300922836,2026,2,9,0,DEFISIT
2026-02-24,Sumatera Selatan,Minyak Goreng Curah,20650.0,19011.290322580644,1638.709677419356,8.62,-100.0,20664.285714285714,20643.333333333332,37.796447300922836,2026,2,9,1,DEFISIT
2026-02-25,Sumatera Selatan,Minyak Goreng Curah,20650.0,19012.90322580645,1637.0967741935492,8.61,0.0,20664.285714285714,20643.333333333332,37.796447300922836,2026,2,9,2,DEFISIT
2026-02-26,Sumatera Selatan,Minyak Goreng Curah,20650.0,19014.516129032258,1635.4838709677424,8.6,0.0,20664.285714285714,20643.333333333332,37.796447300922836,2026,2,9,3,DEFISIT
2026-02-27,Sumatera Selatan,Minyak Goreng Curah,20650.0,19017.74193548387,1632.2580645161288,8.58,0.0,20664.285714285714,20643.333333333332,37.796447300922836,2026,2,9,4,DEFISIT
2026-03-02,Sumatera Selatan,Minyak Goreng Curah,20650.0,19012.90322580645,1637.0967741935492,8.61,0.0,20664.285714285714,20643.333333333332,37.796447300922836,2026,3,10,0,DEFISIT
2026-03-03,Sumatera Selatan,Minyak Goreng Curah,20650.0,19024.1935483871,1625.8064516129016,8.55,0.0,20664.285714285714,20643.333333333332,37.796447300922836,2026,3,10,1,DEFISIT
2026-03-04,Sumatera Selatan,Minyak Goreng Curah,20650.0,19041.935483870966,1608.064516129034,8.44,0.0,20650.0,20643.333333333332,0.0,2026,3,10,2,DEFISIT
2026-03-05,Sumatera Selatan,Minyak Goreng Curah,20650.0,19043.548387096773,1606.4516129032272,8.44,0.0,20650.0,20643.333333333332,0.0,2026,3,10,3,DEFISIT
2026-03-06,Sumatera Selatan,Minyak Goreng Curah,20500.0,19020.967741935485,1479.0322580645152,7.78,-150.0,20628.571428571428,20638.333333333332,56.694670951383856,2026,3,10,4,DEFISIT
2026-03-09,Sumatera Selatan,Minyak Goreng Curah,20650.0,19029.032258064515,1620.9677419354848,8.52,150.0,20628.571428571428,20638.333333333332,56.694670951383856,2026,3,11,0,DEFISIT
2026-03-10,Sumatera Selatan,Minyak Goreng Curah,20650.0,19067.74193548387,1582.2580645161288,8.3,0.0,20628.571428571428,20638.333333333332,56.694670951383856,2026,3,11,1,DEFISIT
2026-03-11,Sumatera Selatan,Minyak Goreng Curah,20650.0,19146.774193548386,1503.2258064516136,7.85,0.0,20628.571428571428,20643.333333333332,56.694670951383856,2026,3,11,2,DEFISIT
2026-03-12,Sumatera Selatan,Minyak Goreng Curah,20650.0,19251.612903225807,1398.3870967741932,7.26,0.0,20628.571428571428,20643.333333333332,56.694670951383856,2026,3,11,3,DEFISIT
2026-03-13,Sumatera Selatan,Minyak Goreng Curah,20650.0,19287.09677419355,1362.9032258064508,7.07,0.0,20628.571428571428,20648.333333333332,56.694670951383856,2026,3,11,4,DEFISIT
2026-03-16,Sumatera Selatan,Minyak Goreng Curah,20650.0,19469.354838709678,1180.645161290322,6.06,0.0,20628.571428571428,20648.333333333332,56.694670951383856,2026,3,12,0,DEFISIT
2026-03-17,Sumatera Selatan,Minyak Goreng Curah,20650.0,19659.677419354837,990.3225806451628,5.04,0.0,20650.0,20648.333333333332,0.0,2026,3,12,1,DEFISIT
2026-03-18,Sumatera Selatan,Minyak Goreng Curah,20650.0,19662.90322580645,987.0967741935492,5.02,0.0,20650.0,20648.333333333332,0.0,2026,3,12,2,DEFISIT
2026-03-19,Sumatera Selatan,Minyak Goreng Curah,20650.0,19654.83870967742,995.1612903225796,5.06,0.0,20650.0,20648.333333333332,0.0,2026,3,12,3,DEFISIT
2026-03-20,Sumatera Selatan,Minyak Goreng Curah,20650.0,19656.451612903227,993.5483870967728,5.05,0.0,20650.0,20648.333333333332,0.0,2026,3,12,4,DEFISIT
2026-03-23,Sumatera Selatan,Minyak Goreng Curah,20650.0,19670.967741935485,979.0322580645152,4.98,0.0,20650.0,20648.333333333332,0.0,2026,3,13,0,NORMAL
2026-03-24,Sumatera Selatan,Minyak Goreng Curah,20650.0,19670.967741935485,979.0322580645152,4.98,0.0,20650.0,20648.333333333332,0.0,2026,3,13,1,NORMAL
2026-03-25,Sumatera Selatan,Minyak Goreng Curah,20650.0,19745.16129032258,904.8387096774204,4.58,0.0,20650.0,20648.333333333332,0.0,2026,3,13,2,NORMAL
2026-03-26,Sumatera Selatan,Minyak Goreng Curah,20650.0,19758.064516129034,891.935483870966,4.51,0.0,20650.0,20648.333333333332,0.0,2026,3,13,3,NORMAL
2026-03-27,Sumatera Selatan,Minyak Goreng Curah,20650.0,19758.064516129034,891.935483870966,4.51,0.0,20650.0,20648.333333333332,0.0,2026,3,13,4,NORMAL
2026-03-30,Sumatera Selatan,Minyak Goreng Curah,20750.0,19843.548387096773,906.4516129032272,4.57,100.0,20664.285714285714,20651.666666666668,37.796447300922836,2026,3,14,0,NORMAL
2026-03-31,Sumatera Selatan,Minyak Goreng Curah,20650.0,19840.322580645163,809.6774193548372,4.08,-100.0,20664.285714285714,20651.666666666668,37.796447300922836,2026,3,14,1,NORMAL
2026-04-01,Sumatera Selatan,Minyak Goreng Curah,20650.0,19851.612903225807,798.3870967741932,4.02,0.0,20664.285714285714,20651.666666666668,37.796447300922836,2026,4,14,2,NORMAL
2026-04-02,Sumatera Selatan,Minyak Goreng Curah,20650.0,19870.967741935485,779.0322580645152,3.92,0.0,20664.285714285714,20651.666666666668,37.796447300922836,2026,4,14,3,NORMAL
2026-04-03,Sumatera Selatan,Minyak Goreng Curah,20650.0,19933.870967741936,716.1290322580644,3.59,0.0,20664.285714285714,20651.666666666668,37.796447300922836,2026,4,14,4,NORMAL
2026-04-06,Sumatera Selatan,Minyak Goreng Curah,20650.0,19908.064516129034,741.935483870966,3.73,0.0,20664.285714285714,20648.333333333332,37.796447300922836,2026,4,15,0,NORMAL
2026-04-07,Sumatera Selatan,Minyak Goreng Curah,20650.0,19943.548387096773,706.4516129032272,3.54,0.0,20664.285714285714,20648.333333333332,37.796447300922836,2026,4,15,1,NORMAL
2026-04-08,Sumatera Selatan,Minyak Goreng Curah,19400.0,19982.25806451613,-582.2580645161288,-2.91,-1250.0,20471.428571428572,20606.666666666668,472.45559126153427,2026,4,15,2,NORMAL
2026-04-09,Sumatera Selatan,Minyak Goreng Curah,20650.0,20138.709677419356,511.290322580644,2.54,1250.0,20471.428571428572,20606.666666666668,472.45559126153427,2026,4,15,3,NORMAL
2026-04-10,Sumatera Selatan,Minyak Goreng Curah,20650.0,20106.451612903227,543.5483870967728,2.7,0.0,20471.428571428572,20606.666666666668,472.45559126153427,2026,4,15,4,NORMAL
2026-04-13,Sumatera Selatan,Minyak Goreng Curah,20500.0,20133.870967741936,366.1290322580644,1.82,-150.0,20450.0,20601.666666666668,466.368952654441,2026,4,16,0,NORMAL
2026-01-01,Sumatera Utara,Minyak Goreng Curah,20250.0,18851.612903225807,1398.3870967741932,7.42,,20250.0,20250.0,,2026,1,1,3,DEFISIT
2026-01-02,Sumatera Utara,Minyak Goreng Curah,20250.0,18843.548387096773,1406.4516129032272,7.46,0.0,20250.0,20250.0,0.0,2026,1,1,4,DEFISIT
2026-01-05,Sumatera Utara,Minyak Goreng Curah,20300.0,18840.322580645163,1459.6774193548372,7.75,50.0,20266.666666666668,20266.666666666668,28.86751345948076,2026,1,2,0,DEFISIT
2026-01-06,Sumatera Utara,Minyak Goreng Curah,20350.0,18832.25806451613,1517.7419354838712,8.06,50.0,20287.5,20287.5,47.87135538781643,2026,1,2,1,DEFISIT
2026-01-07,Sumatera Utara,Minyak Goreng Curah,20400.0,18822.58064516129,1577.4193548387084,8.38,50.0,20310.0,20310.0,65.19202405202623,2026,1,2,2,DEFISIT
2026-01-08,Sumatera Utara,Minyak Goreng Curah,20400.0,18822.58064516129,1577.4193548387084,8.38,0.0,20325.0,20325.0,68.92024376045092,2026,1,2,3,DEFISIT
2026-01-09,Sumatera Utara,Minyak Goreng Curah,20400.0,18825.8064516129,1574.1935483870984,8.36,0.0,20335.714285714286,20335.714285714286,69.00655593423521,2026,1,2,4,DEFISIT
2026-01-12,Sumatera Utara,Minyak Goreng Curah,19850.0,18803.225806451614,1046.7741935483864,5.57,-550.0,20278.571428571428,20275.0,197.60470401187044,2026,1,3,0,DEFISIT
2026-01-13,Sumatera Utara,Minyak Goreng Curah,19850.0,18816.129032258064,1033.8709677419356,5.49,0.0,20221.428571428572,20227.777777777777,256.34797778466157,2026,1,3,1,DEFISIT
2026-01-14,Sumatera Utara,Minyak Goreng Curah,19900.0,18811.290322580644,1088.709677419356,5.79,50.0,20164.285714285714,20195.0,279.4552524023071,2026,1,3,2,DEFISIT
2026-01-15,Sumatera Utara,Minyak Goreng Curah,19900.0,18812.90322580645,1087.0967741935492,5.78,0.0,20100.0,20168.18181818182,281.3657169355662,2026,1,3,3,DEFISIT
2026-01-16,Sumatera Utara,Minyak Goreng Curah,19900.0,18812.90322580645,1087.0967741935492,5.78,0.0,20028.571428571428,20145.833333333332,254.71739709126715,2026,1,3,4,DEFISIT
2026-01-19,Sumatera Utara,Minyak Goreng Curah,19850.0,18809.677419354837,1040.3225806451628,5.53,-50.0,19950.0,20123.076923076922,199.9999999999925,2026,1,4,0,DEFISIT
2026-01-20,Sumatera Utara,Minyak Goreng Curah,19850.0,18817.74193548387,1032.2580645161288,5.49,0.0,19871.428571428572,20103.571428571428,26.726124191174748,2026,1,4,1,DEFISIT
2026-01-21,Sumatera Utara,Minyak Goreng Curah,19700.0,18812.90322580645,887.0967741935492,4.72,-150.0,19850.0,20076.666666666668,70.71067811862794,2026,1,4,2,NORMAL
2026-01-22,Sumatera Utara,Minyak Goreng Curah,19650.0,18816.129032258064,833.8709677419356,4.43,-50.0,19821.428571428572,20050.0,103.50983390133389,2026,1,4,3,NORMAL
2026-01-23,Sumatera Utara,Minyak Goreng Curah,19650.0,18817.74193548387,832.2580645161288,4.42,0.0,19785.714285714286,20026.470588235294,114.43442705424718,2026,1,4,4,NORMAL
2026-01-26,Sumatera Utara,Minyak Goreng Curah,19650.0,18827.41935483871,822.5806451612916,4.37,0.0,19750.0,20005.555555555555,111.80339887496935,2026,1,5,0,NORMAL
2026-01-27,Sumatera Utara,Minyak Goreng Curah,19700.0,18830.645161290322,869.354838709678,4.62,50.0,19721.428571428572,19989.473684210527,90.63269671747051,2026,1,5,1,NORMAL
2026-01-28,Sumatera Utara,Minyak Goreng Curah,19700.0,18824.1935483871,875.8064516129016,4.65,0.0,19700.0,19975.0,70.71067811862034,2026,1,5,2,NORMAL
2026-01-29,Sumatera Utara,Minyak Goreng Curah,19700.0,18825.8064516129,874.1935483870984,4.64,0.0,19678.571428571428,19961.904761904763,26.72612419114831,2026,1,5,3,NORMAL
2026-01-30,Sumatera Utara,Minyak Goreng Curah,19700.0,18864.516129032258,835.4838709677424,4.43,0.0,19678.571428571428,19950.0,26.72612419114831,2026,1,5,4,NORMAL
2026-02-02,Sumatera Utara,Minyak Goreng Curah,19400.0,18872.58064516129,527.4193548387084,2.79,-300.0,19642.85714285714,19926.08695652174,109.65313275873197,2026,2,6,0,NORMAL
2026-02-03,Sumatera Utara,Minyak Goreng Curah,19550.0,18891.935483870966,658.064516129034,3.48,150.0,19628.571428571428,19910.416666666668,114.9534067101977,2026,2,6,1,NORMAL
2026-02-04,Sumatera Utara,Minyak Goreng Curah,19350.0,18900.0,450.0,2.38,-200.0,19585.714285714286,19888.0,154.68862734074926,2026,2,6,2,NORMAL
2026-02-05,Sumatera Utara,Minyak Goreng Curah,19350.0,18967.74193548387,382.2580645161288,2.02,0.0,19535.714285714286,19867.30769230769,167.61634196948395,2026,2,6,3,NORMAL
2026-02-06,Sumatera Utara,Minyak Goreng Curah,19350.0,18940.322580645163,409.6774193548372,2.16,0.0,19485.714285714286,19848.14814814815,162.56866681056195,2026,2,6,4,NORMAL
2026-02-09,Sumatera Utara,Minyak Goreng Curah,19500.0,18922.58064516129,577.4193548387084,3.05,150.0,19457.14285714286,19835.714285714286,133.6306209561809,2026,2,7,0,NORMAL
2026-02-10,Sumatera Utara,Minyak Goreng Curah,19450.0,18927.41935483871,522.5806451612916,2.76,-50.0,19421.428571428572,19822.41379310345,80.91735937121426,2026,2,7,1,NORMAL
2026-02-11,Sumatera Utara,Minyak Goreng Curah,19400.0,18929.032258064515,470.9677419354848,2.49,-50.0,19421.428571428572,19808.333333333332,80.91735937121426,2026,2,7,2,NORMAL
2026-02-12,Sumatera Utara,Minyak Goreng Curah,19400.0,18933.870967741936,466.1290322580644,2.46,0.0,19400.0,19780.0,57.73502691888356,2026,2,7,3,NORMAL
2026-02-13,Sumatera Utara,Minyak Goreng Curah,19400.0,18982.25806451613,417.7419354838712,2.2,0.0,19407.14285714286,19751.666666666668,53.45224838240069,2026,2,7,4,NORMAL
2026-02-16,Sumatera Utara,Minyak Goreng Curah,19400.0,18940.322580645163,459.6774193548372,2.43,0.0,19414.285714285714,19721.666666666668,47.559486560473474,2026,2,8,0,NORMAL
2026-02-17,Sumatera Utara,Minyak Goreng Curah,19400.0,18940.322580645163,459.6774193548372,2.43,0.0,19421.428571428572,19690.0,39.339789623359835,2026,2,8,1,NORMAL
2026-02-18,Sumatera Utara,Minyak Goreng Curah,19400.0,18969.354838709678,430.645161290322,2.27,0.0,19407.14285714286,19656.666666666668,18.89822365022445,2026,2,8,2,NORMAL
2026-02-19,Sumatera Utara,Minyak Goreng Curah,19400.0,18969.354838709678,430.645161290322,2.27,0.0,19400.0,19623.333333333332,0.0,2026,2,8,3,NORMAL
2026-02-20,Sumatera Utara,Minyak Goreng Curah,19450.0,18972.58064516129,477.4193548387084,2.52,50.0,19407.14285714286,19591.666666666668,18.898223650461016,2026,2,8,4,NORMAL
2026-02-23,Sumatera Utara,Minyak Goreng Curah,19400.0,18974.1935483871,425.8064516129016,2.24,-50.0,19407.14285714286,19576.666666666668,18.898223650461016,2026,2,9,0,NORMAL
2026-02-24,Sumatera Utara,Minyak Goreng Curah,19400.0,19011.290322580644,388.709677419356,2.04,0.0,19407.14285714286,19561.666666666668,18.898223650461016,2026,2,9,1,NORMAL
2026-02-25,Sumatera Utara,Minyak Goreng Curah,19400.0,19012.90322580645,387.0967741935492,2.04,0.0,19407.14285714286,19545.0,18.898223650461016,2026,2,9,2,NORMAL
2026-02-26,Sumatera Utara,Minyak Goreng Curah,19400.0,19014.516129032258,385.4838709677424,2.03,0.0,19407.14285714286,19528.333333333332,18.898223650461016,2026,2,9,3,NORMAL
2026-02-27,Sumatera Utara,Minyak Goreng Curah,19400.0,19017.74193548387,382.2580645161288,2.01,0.0,19407.14285714286,19511.666666666668,18.898223650461016,2026,2,9,4,NORMAL
2026-03-02,Sumatera Utara,Minyak Goreng Curah,19350.0,19012.90322580645,337.0967741935492,1.77,-50.0,19400.0,19495.0,28.867513459481938,2026,3,10,0,NORMAL
2026-03-03,Sumatera Utara,Minyak Goreng Curah,19350.0,19024.1935483871,325.8064516129016,1.71,0.0,19385.714285714286,19478.333333333332,24.397501823716837,2026,3,10,1,NORMAL
2026-03-04,Sumatera Utara,Minyak Goreng Curah,19350.0,19041.935483870966,308.064516129034,1.62,0.0,19378.571428571428,19466.666666666668,26.726124191247315,2026,3,10,2,NORMAL
2026-03-05,Sumatera Utara,Minyak Goreng Curah,19200.0,19043.548387096773,156.45161290322721,0.82,-150.0,19350.0,19451.666666666668,70.71067811865974,2026,3,10,3,NORMAL
2026-03-06,Sumatera Utara,Minyak Goreng Curah,19200.0,19020.967741935485,179.0322580645152,0.94,0.0,19321.428571428572,19436.666666666668,85.91246929842954,2026,3,10,4,NORMAL
2026-03-09,Sumatera Utara,Minyak Goreng Curah,19200.0,19029.032258064515,170.9677419354848,0.9,0.0,19292.85714285714,19421.666666666668,88.64052604280194,2026,3,11,0,NORMAL
2026-03-10,Sumatera Utara,Minyak Goreng Curah,19450.0,19067.74193548387,382.2580645161288,2.0,250.0,19300.0,19413.333333333332,100.00000000000794,2026,3,11,1,NORMAL
2026-03-11,Sumatera Utara,Minyak Goreng Curah,19450.0,19146.774193548386,303.2258064516136,1.58,0.0,19314.285714285714,19405.0,114.43442705427131,2026,3,11,2,NORMAL
2026-03-12,Sumatera Utara,Minyak Goreng Curah,19550.0,19251.612903225807,298.3870967741932,1.55,100.0,19342.85714285714,19400.0,145.56948921555164,2026,3,11,3,NORMAL
2026-03-13,Sumatera Utara,Minyak Goreng Curah,19600.0,19287.09677419355,312.9032258064508,1.62,50.0,19378.571428571428,19396.666666666668,175.2549163769308,2026,3,11,4,NORMAL
2026-03-16,Sumatera Utara,Minyak Goreng Curah,19700.0,19469.354838709678,230.645161290322,1.18,100.0,19450.0,19406.666666666668,191.48542155125952,2026,3,12,0,NORMAL
2026-03-17,Sumatera Utara,Minyak Goreng Curah,19700.0,19659.677419354837,40.322580645162816,0.21,0.0,19521.428571428572,19411.666666666668,175.25491637691755,2026,3,12,1,NORMAL
2026-03-18,Sumatera Utara,Minyak Goreng Curah,19700.0,19662.90322580645,37.09677419354921,0.19,0.0,19592.85714285714,19423.333333333332,113.38934190273551,2026,3,12,2,NORMAL
2026-03-19,Sumatera Utara,Minyak Goreng Curah,19700.0,19654.83870967742,45.16129032257959,0.23,0.0,19628.571428571428,19435.0,99.40297973875765,2026,3,12,3,NORMAL
2026-03-20,Sumatera Utara,Minyak Goreng Curah,19800.0,19656.451612903227,143.54838709677279,0.73,100.0,19678.571428571428,19450.0,80.91735937120596,2026,3,12,4,NORMAL
2026-03-23,Sumatera Utara,Minyak Goreng Curah,19800.0,19670.967741935485,129.0322580645152,0.66,0.0,19714.285714285714,19460.0,69.00655593415394,2026,3,13,0,NORMAL
2026-03-24,Sumatera Utara,Minyak Goreng Curah,19800.0,19670.967741935485,129.0322580645152,0.66,0.0,19742.85714285714,19471.666666666668,53.452248382370875,2026,3,13,1,NORMAL
2026-03-25,Sumatera Utara,Minyak Goreng Curah,20050.0,19745.16129032258,304.8387096774204,1.54,250.0,19792.85714285714,19493.333333333332,123.92393980635535,2026,3,13,2,NORMAL
2026-03-26,Sumatera Utara,Minyak Goreng Curah,20050.0,19758.064516129034,291.935483870966,1.48,0.0,19842.85714285714,19515.0,148.40420992611445,2026,3,13,3,NORMAL
2026-03-27,Sumatera Utara,Minyak Goreng Curah,20050.0,19758.064516129034,291.935483870966,1.48,0.0,19892.85714285714,19536.666666666668,151.18578920363524,2026,3,13,4,NORMAL
2026-03-30,Sumatera Utara,Minyak Goreng Curah,20350.0,19843.548387096773,506.4516129032272,2.55,300.0,19985.714285714286,19568.333333333332,203.54009783959512,2026,3,14,0,NORMAL
2026-03-31,Sumatera Utara,Minyak Goreng Curah,20350.0,19840.322580645163,509.6774193548372,2.57,0.0,20064.285714285714,19600.0,224.93385271056175,2026,3,14,1,NORMAL
2026-04-01,Sumatera Utara,Minyak Goreng Curah,20350.0,19851.612903225807,498.3870967741932,2.51,0.0,20142.85714285714,19631.666666666668,212.972164512453,2026,4,14,2,NORMAL
2026-04-02,Sumatera Utara,Minyak Goreng Curah,20350.0,19870.967741935485,479.0322580645152,2.41,0.0,20221.428571428572,19663.333333333332,160.3567451473741,2026,4,14,3,NORMAL
2026-04-03,Sumatera Utara,Minyak Goreng Curah,20350.0,19933.870967741936,416.1290322580644,2.09,0.0,20264.285714285714,19693.333333333332,146.38501094218748,2026,4,14,4,NORMAL
2026-04-06,Sumatera Utara,Minyak Goreng Curah,20600.0,19908.064516129034,691.935483870966,3.48,250.0,20342.85714285714,19733.333333333332,159.23926292567862,2026,4,15,0,NORMAL
2026-04-07,Sumatera Utara,Minyak Goreng Curah,20600.0,19943.548387096773,656.4516129032272,3.29,0.0,20421.428571428572,19773.333333333332,121.98750911843611,2026,4,15,1,NORMAL
2026-04-08,Sumatera Utara,Minyak Goreng Curah,20600.0,19982.25806451613,617.7419354838712,3.09,0.0,20457.14285714286,19813.333333333332,133.63062095608933,2026,4,15,2,NORMAL
2026-04-09,Sumatera Utara,Minyak Goreng Curah,21000.0,20138.709677419356,861.290322580644,4.28,400.0,20550.0,19866.666666666668,234.520787991096,2026,4,15,3,NORMAL
2026-04-10,Sumatera Utara,Minyak Goreng Curah,20950.0,20106.451612903227,843.5483870967728,4.2,-50.0,20635.714285714286,19918.333333333332,257.7374078951943,2026,4,15,4,NORMAL
2026-04-13,Sumatera Utara,Minyak Goreng Curah,20950.0,20133.870967741936,816.1290322580644,4.05,0.0,20721.428571428572,19971.666666666668,246.40269015220946,2026,4,16,0,NORMAL
2026-01-01,Aceh,Cabai Merah Keriting,30000.0,49296.969696969696,-19296.969696969696,-39.14,,30000.0,30000.0,,2026,1,1,3,SURPLUS
2026-01-02,Aceh,Cabai Merah Keriting,32000.0,49380.30303030303,-17380.303030303032,-35.2,2000.0,31000.0,31000.0,1414.213562373095,2026,1,1,4,SURPLUS
2026-01-05,Aceh,Cabai Merah Keriting,31750.0,48063.63636363636,-16313.63636363636,-33.94,-250.0,31250.0,31250.0,1089.7247358851685,2026,1,2,0,SURPLUS
2026-01-06,Aceh,Cabai Merah Keriting,31750.0,47307.57575757576,-15557.57575757576,-32.89,0.0,31375.0,31375.0,924.211375534118,2026,1,2,1,SURPLUS
2026-01-07,Aceh,Cabai Merah Keriting,29900.0,46007.57575757576,-16107.57575757576,-35.01,-1850.0,31080.0,31080.0,1037.1836867209202,2026,1,2,2,SURPLUS
2026-01-08,Aceh,Cabai Merah Keriting,29600.0,44760.606060606064,-15160.606060606064,-33.87,-300.0,30833.333333333332,30833.333333333332,1107.098309395632,2026,1,2,3,SURPLUS
2026-01-09,Aceh,Cabai Merah Keriting,29850.0,43928.78787878788,-14078.78787878788,-32.05,250.0,30692.85714285714,30692.85714285714,1076.8118728560755,2026,1,2,4,SURPLUS
2026-01-12,Aceh,Cabai Merah Keriting,28650.0,42260.606060606064,-13610.606060606064,-32.21,-1200.0,30500.0,30437.5,1315.928062876792,2026,1,3,0,SURPLUS
2026-01-13,Aceh,Cabai Merah Keriting,27250.0,41421.21212121212,-14171.21212121212,-34.21,-1400.0,29821.428571428572,30083.333333333332,1606.2007820882643,2026,1,3,1,SURPLUS
2026-01-14,Aceh,Cabai Merah Keriting,26400.0,41259.09090909091,-14859.090909090912,-36.01,-850.0,29057.14285714286,29715.0,1797.087590943694,2026,1,3,2,SURPLUS
2026-01-15,Aceh,Cabai Merah Keriting,27000.0,40803.030303030304,-13803.030303030304,-33.83,600.0,28378.571428571428,29468.18181818182,1479.5430439996069,2026,1,3,3,SURPLUS
2026-01-16,Aceh,Cabai Merah Keriting,26600.0,40739.393939393936,-14139.393939393936,-34.71,-400.0,27907.14285714286,29229.166666666668,1439.163116603008,2026,1,3,4,SURPLUS
2026-01-19,Aceh,Cabai Merah Keriting,26900.0,40203.030303030304,-13303.030303030304,-33.09,300.0,27521.428571428572,29050.0,1260.5743211122565,2026,1,4,0,SURPLUS
2026-01-20,Aceh,Cabai Merah Keriting,26900.0,39850.0,-12950.0,-32.5,0.0,27100.0,28896.428571428572,736.5459931328178,2026,1,4,1,SURPLUS
2026-01-21,Aceh,Cabai Merah Keriting,26350.0,39424.242424242424,-13074.242424242424,-33.16,-550.0,26771.428571428572,28726.666666666668,331.48295941264354,2026,1,4,2,SURPLUS
2026-01-22,Aceh,Cabai Merah Keriting,26350.0,39283.333333333336,-12933.333333333336,-32.92,0.0,26642.85714285714,28578.125,286.397991480078,2026,1,4,3,SURPLUS
2026-01-23,Aceh,Cabai Merah Keriting,26600.0,39050.0,-12450.0,-31.88,250.0,26671.428571428572,28461.764705882353,267.48386689225197,2026,1,4,4,SURPLUS
2026-01-26,Aceh,Cabai Merah Keriting,26600.0,39381.818181818184,-12781.818181818184,-32.46,0.0,26614.285714285714,28358.333333333332,224.93385271063937,2026,1,5,0,SURPLUS
2026-01-27,Aceh,Cabai Merah Keriting,26600.0,39468.181818181816,-12868.181818181816,-32.6,0.0,26614.285714285714,28265.78947368421,224.93385271063937,2026,1,5,1,SURPLUS
2026-01-28,Aceh,Cabai Merah Keriting,30150.0,39837.878787878784,-9687.878787878784,-24.32,3550.0,27078.571428571428,28360.0,1367.131163805298,2026,1,5,2,SURPLUS
2026-01-29,Aceh,Cabai Merah Keriting,30400.0,39934.84848484849,-9534.848484848488,-23.88,250.0,27578.571428571428,28457.14285714286,1846.8119248354155,2026,1,5,3,SURPLUS
2026-01-30,Aceh,Cabai Merah Keriting,33000.0,39937.878787878784,-6937.878787878784,-17.37,2600.0,28528.571428571428,28663.636363636364,2646.673563623016,2026,1,5,4,SURPLUS
2026-02-02,Aceh,Cabai Merah Keriting,32350.0,40795.454545454544,-8445.454545454544,-20.7,-650.0,29385.714285714286,28823.91304347826,2791.1637784435425,2026,2,6,0,SURPLUS
2026-02-03,Aceh,Cabai Merah Keriting,32850.0,41516.666666666664,-8666.666666666664,-20.88,500.0,30278.571428571428,28991.666666666668,2750.88730274087,2026,2,6,1,SURPLUS
2026-02-04,Aceh,Cabai Merah Keriting,35350.0,42300.0,-6950.0,-16.43,2500.0,31528.571428571428,29246.0,2788.496778860299,2026,2,6,2,SURPLUS
2026-02-05,Aceh,Cabai Merah Keriting,36350.0,42734.84848484849,-6384.848484848488,-14.94,1000.0,32921.42857142857,29519.23076923077,2310.457592277827,2026,2,6,3,SURPLUS
2026-02-06,Aceh,Cabai Merah Keriting,36400.0,42913.63636363636,-6513.63636363636,-15.18,50.0,33814.28571428572,29774.074074074073,2268.2067597028868,2026,2,6,4,SURPLUS
2026-02-09,Aceh,Cabai Merah Keriting,36350.0,45203.030303030304,-8853.030303030304,-19.59,-50.0,34664.28571428572,30008.928571428572,1852.1866099546226,2026,2,7,0,SURPLUS
2026-02-10,Aceh,Cabai Merah Keriting,36600.0,45727.27272727273,-9127.272727272728,-19.96,250.0,35178.57142857143,30236.206896551725,1812.4240542381099,2026,2,7,1,SURPLUS
2026-02-11,Aceh,Cabai Merah Keriting,37000.0,46425.757575757576,-9425.757575757576,-20.3,400.0,35842.857142857145,30461.666666666668,1410.5048066290854,2026,2,7,2,SURPLUS
2026-02-12,Aceh,Cabai Merah Keriting,38150.0,46254.545454545456,-8104.545454545456,-17.52,1150.0,36600.0,30733.333333333332,845.576726264345,2026,2,7,3,SURPLUS
2026-02-13,Aceh,Cabai Merah Keriting,38150.0,46590.90909090909,-8440.909090909088,-18.12,0.0,37000.0,30938.333333333332,817.516564561999,2026,2,7,4,SURPLUS
2026-02-16,Aceh,Cabai Merah Keriting,39100.0,46657.57575757576,-7557.57575757576,-16.2,950.0,37392.857142857145,31183.333333333332,1073.7118528064477,2026,2,8,0,SURPLUS
2026-02-17,Aceh,Cabai Merah Keriting,39100.0,46695.454545454544,-7595.454545454544,-16.27,0.0,37778.57142857143,31428.333333333332,1140.4886170910213,2026,2,8,1,SURPLUS
2026-02-18,Aceh,Cabai Merah Keriting,40650.0,50175.757575757576,-9525.757575757576,-18.98,1550.0,38392.857142857145,31786.666666666668,1376.4170187569275,2026,2,8,2,SURPLUS
2026-02-19,Aceh,Cabai Merah Keriting,40000.0,50419.69696969697,-10419.696969696968,-20.67,-650.0,38878.57142857143,32133.333333333332,1230.466423372663,2026,2,8,3,SURPLUS
2026-02-20,Aceh,Cabai Merah Keriting,39900.0,51990.90909090909,-12090.909090909088,-23.26,-100.0,39292.857142857145,32468.333333333332,948.4322904265225,2026,2,8,4,SURPLUS
2026-02-23,Aceh,Cabai Merah Keriting,37150.0,50343.93939393939,-13193.939393939392,-26.21,-2750.0,39150.0,32751.666666666668,1193.0353445448393,2026,2,9,0,SURPLUS
2026-02-24,Aceh,Cabai Merah Keriting,36750.0,49315.15151515151,-12565.151515151512,-25.48,-400.0,38950.0,33068.333333333336,1473.091986265586,2026,2,9,1,SURPLUS
2026-02-25,Aceh,Cabai Merah Keriting,34000.0,47557.57575757576,-13557.57575757576,-28.51,-2750.0,38221.42857142857,33321.666666666664,2372.9126165356734,2026,2,9,2,SURPLUS
2026-02-26,Aceh,Cabai Merah Keriting,33400.0,46383.333333333336,-12983.333333333336,-27.99,-600.0,37407.142857142855,33535.0,2933.06275808361,2026,2,9,3,SURPLUS
2026-02-27,Aceh,Cabai Merah Keriting,31350.0,45580.30303030303,-14230.303030303032,-31.22,-2050.0,36078.57142857143,33693.333333333336,3302.380094070664,2026,2,9,4,SURPLUS
2026-03-02,Aceh,Cabai Merah Keriting,33650.0,44621.21212121212,-10971.21212121212,-24.59,2300.0,35171.42857142857,33918.333333333336,2892.3544536785544,2026,3,10,0,SURPLUS
2026-03-03,Aceh,Cabai Merah Keriting,33250.0,44218.181818181816,-10968.181818181816,-24.8,-400.0,34221.42857142857,34130.0,2049.7676988008925,2026,3,10,1,SURPLUS
2026-03-04,Aceh,Cabai Merah Keriting,32850.0,44030.30303030303,-11180.303030303032,-25.39,-400.0,33607.142857142855,34346.666666666664,1626.4553922124742,2026,3,10,2,SURPLUS
2026-03-05,Aceh,Cabai Merah Keriting,32250.0,43909.09090909091,-11659.090909090912,-26.55,-600.0,32964.28571428572,34543.333333333336,907.7051125935518,2026,3,10,3,SURPLUS
2026-03-06,Aceh,Cabai Merah Keriting,31000.0,43951.51515151515,-12951.515151515152,-29.47,-1250.0,32535.714285714286,34690.0,1036.3052501210652,2026,3,10,4,SURPLUS
2026-03-09,Aceh,Cabai Merah Keriting,29600.0,43463.63636363636,-13863.63636363636,-31.9,-1400.0,31992.85714285714,34790.0,1428.993985125107,2026,3,11,0,SURPLUS
2026-03-10,Aceh,Cabai Merah Keriting,29600.0,43716.666666666664,-14116.666666666664,-32.29,0.0,31742.85714285714,34890.0,1689.5336071010072,2026,3,11,1,SURPLUS
2026-03-11,Aceh,Cabai Merah Keriting,29150.0,44330.30303030303,-15180.303030303032,-34.24,-450.0,31100.0,34856.666666666664,1699.0193249832716,2026,3,11,2,SURPLUS
2026-03-12,Aceh,Cabai Merah Keriting,29150.0,45590.90909090909,-16440.90909090909,-36.06,0.0,30514.285714285714,34815.0,1532.8933116045177,2026,3,11,3,SURPLUS
2026-03-13,Aceh,Cabai Merah Keriting,31000.0,47233.333333333336,-16233.333333333336,-34.37,1850.0,30250.0,34748.333333333336,1182.511451671103,2026,3,11,4,SURPLUS
2026-03-16,Aceh,Cabai Merah Keriting,36750.0,51990.90909090909,-15240.909090909088,-29.31,5750.0,30892.85714285714,34895.0,2700.2204495541523,2026,3,12,0,SURPLUS
2026-03-17,Aceh,Cabai Merah Keriting,37000.0,54706.06060606061,-17706.060606060608,-32.37,250.0,31750.0,35033.333333333336,3556.4495403890187,2026,3,12,1,SURPLUS
2026-03-18,Aceh,Cabai Merah Keriting,38000.0,54866.666666666664,-16866.666666666664,-30.74,1000.0,32950.0,35121.666666666664,4087.5828228102278,2026,3,12,2,SURPLUS
2026-03-19,Aceh,Cabai Merah Keriting,38000.0,54840.90909090909,-16840.90909090909,-30.71,0.0,34150.0,35176.666666666664,4172.329485231624,2026,3,12,3,SURPLUS
2026-03-20,Aceh,Cabai Merah Keriting,38000.0,54828.78787878788,-16828.78787878788,-30.69,0.0,35414.28571428572,35230.0,3721.1909255991845,2026,3,12,4,SURPLUS
2026-03-23,Aceh,Cabai Merah Keriting,38000.0,54781.818181818184,-16781.818181818184,-30.63,0.0,36678.57142857143,35285.0,2560.575642125687,2026,3,13,0,SURPLUS
2026-03-24,Aceh,Cabai Merah Keriting,38000.0,54672.72727272727,-16672.727272727272,-30.5,0.0,37678.57142857143,35331.666666666664,553.6674263918072,2026,3,13,1,SURPLUS
2026-03-25,Aceh,Cabai Merah Keriting,36350.0,53190.90909090909,-16840.90909090909,-31.66,-1650.0,37621.42857142857,35310.0,673.2119173885718,2026,3,13,2,SURPLUS
2026-03-26,Aceh,Cabai Merah Keriting,36350.0,51804.545454545456,-15454.545454545456,-29.83,0.0,37528.57142857143,35250.0,805.1175601823646,2026,3,13,3,SURPLUS
2026-03-27,Aceh,Cabai Merah Keriting,32350.0,50731.818181818184,-18381.818181818184,-36.23,-4000.0,36721.42857142857,35056.666666666664,2078.6327924176626,2026,3,13,4,SURPLUS
2026-03-30,Aceh,Cabai Merah Keriting,26750.0,46140.90909090909,-19390.90909090909,-42.03,-5600.0,35114.28571428572,34645.0,4196.0014980250435,2026,3,14,0,SURPLUS
2026-03-31,Aceh,Cabai Merah Keriting,25500.0,45778.78787878788,-20278.78787878788,-44.3,-1250.0,33328.57142857143,34191.666666666664,5282.428193458719,2026,3,14,1,SURPLUS
2026-04-01,Aceh,Cabai Merah Keriting,25600.0,45198.48484848485,-19598.484848484848,-43.36,100.0,31557.14285714286,33690.0,5528.2176581779495,2026,4,14,2,SURPLUS
2026-04-02,Aceh,Cabai Merah Keriting,25400.0,44396.969696969696,-18996.969696969696,-42.79,-200.0,29757.14285714286,33203.333333333336,5116.7558546593355,2026,4,14,3,SURPLUS
2026-04-03,Aceh,Cabai Merah Keriting,25400.0,44231.818181818184,-18831.818181818184,-42.58,0.0,28192.85714285714,32720.0,4387.048036686021,2026,4,14,4,SURPLUS
2026-04-06,Aceh,Cabai Merah Keriting,25650.0,44618.181818181816,-18968.181818181816,-42.51,250.0,26664.285714285714,32336.666666666668,2551.0968696024693,2026,4,15,0,SURPLUS
2026-04-07,Aceh,Cabai Merah Keriting,26650.0,44696.969696969696,-18046.969696969696,-40.38,1000.0,25850.0,32000.0,588.7840577554691,2026,4,15,1,SURPLUS
2026-04-08,Aceh,Cabai Merah Keriting,26400.0,44775.757575757576,-18375.757575757576,-41.04,-250.0,25800.0,31746.666666666668,509.0841449770347,2026,4,15,2,SURPLUS
2026-04-09,Aceh,Cabai Merah Keriting,26400.0,45248.48484848485,-18848.484848484848,-41.66,0.0,25928.571428571428,31513.333333333332,533.7424026450183,2026,4,15,3,SURPLUS
2026-04-10,Aceh,Cabai Merah Keriting,26100.0,44931.818181818184,-18831.818181818184,-41.91,-300.0,26000.0,31338.333333333332,515.5902766089113,2026,4,15,4,SURPLUS
2026-04-13,Aceh,Cabai Merah Keriting,26100.0,44707.57575757576,-18607.57575757576,-41.62,0.0,26100.0,31086.666666666668,442.5306015787471,2026,4,16,0,SURPLUS
2026-01-01,Bali,Cabai Merah Keriting,39550.0,49296.969696969696,-9746.969696969696,-19.77,,39550.0,39550.0,,2026,1,1,3,SURPLUS
2026-01-02,Bali,Cabai Merah Keriting,39750.0,49380.30303030303,-9630.303030303032,-19.5,200.0,39650.0,39650.0,141.4213562373095,2026,1,1,4,SURPLUS
2026-01-05,Bali,Cabai Merah Keriting,36050.0,48063.63636363636,-12013.63636363636,-25.0,-3700.0,38450.0,38450.0,2080.865204668481,2026,1,2,0,SURPLUS
2026-01-06,Bali,Cabai Merah Keriting,37000.0,47307.57575757576,-10307.57575757576,-21.79,950.0,38087.5,38087.5,1847.2389305844185,2026,1,2,1,SURPLUS
2026-01-07,Bali,Cabai Merah Keriting,37050.0,46007.57575757576,-8957.57575757576,-19.47,50.0,37880.0,37880.0,1665.6830430787245,2026,1,2,2,SURPLUS
2026-01-08,Bali,Cabai Merah Keriting,36900.0,44760.606060606064,-7860.606060606064,-17.56,-150.0,37716.666666666664,37716.666666666664,1542.6168243172592,2026,1,2,3,SURPLUS
2026-01-09,Bali,Cabai Merah Keriting,36500.0,43928.78787878788,-7428.78787878788,-16.91,-400.0,37542.857142857145,37542.857142857145,1481.392523784229,2026,1,2,4,SURPLUS
2026-01-12,Bali,Cabai Merah Keriting,34450.0,42260.606060606064,-7810.606060606064,-18.48,-2050.0,36814.28571428572,37156.25,1580.5363767073595,2026,1,3,0,SURPLUS
2026-01-13,Bali,Cabai Merah Keriting,30400.0,41421.21212121212,-11021.21212121212,-26.61,-4050.0,35478.57142857143,36405.555555555555,2416.0672491428963,2026,1,3,1,SURPLUS
2026-01-14,Bali,Cabai Merah Keriting,30400.0,41259.09090909091,-10859.090909090912,-26.32,0.0,34671.42857142857,35805.0,3053.1209637103416,2026,1,3,2,SURPLUS
2026-01-15,Bali,Cabai Merah Keriting,30500.0,40803.030303030304,-10303.030303030304,-25.25,100.0,33742.857142857145,35322.72727272727,3211.234001053757,2026,1,3,3,SURPLUS
2026-01-16,Bali,Cabai Merah Keriting,30500.0,40739.393939393936,-10239.393939393936,-25.13,0.0,32807.142857142855,34920.833333333336,3036.504098936309,2026,1,3,4,SURPLUS
2026-01-19,Bali,Cabai Merah Keriting,31750.0,40203.030303030304,-8453.030303030304,-21.03,1250.0,32071.428571428572,34676.92307692308,2446.0609734252557,2026,1,4,0,SURPLUS
2026-01-20,Bali,Cabai Merah Keriting,30750.0,39850.0,-9100.0,-22.84,-1000.0,31250.0,34396.42857142857,1489.4070408498515,2026,1,4,1,SURPLUS
2026-01-21,Bali,Cabai Merah Keriting,30900.0,39424.242424242424,-8524.242424242424,-21.62,150.0,30742.85714285714,34163.333333333336,481.68849843395844,2026,1,4,2,SURPLUS
2026-01-22,Bali,Cabai Merah Keriting,31650.0,39283.333333333336,-7633.333333333336,-19.43,750.0,30921.428571428572,34006.25,558.9105048044025,2026,1,4,3,SURPLUS
2026-01-23,Bali,Cabai Merah Keriting,31400.0,39050.0,-7650.0,-19.59,-250.0,31064.285714285714,33852.94117647059,530.4984179319828,2026,1,4,4,SURPLUS
2026-01-26,Bali,Cabai Merah Keriting,31200.0,39381.818181818184,-8181.818181818184,-20.78,-200.0,31164.285714285714,33705.555555555555,468.7876968966588,2026,1,5,0,SURPLUS
2026-01-27,Bali,Cabai Merah Keriting,31400.0,39468.181818181816,-8068.181818181816,-20.44,200.0,31292.85714285714,33584.21052631579,369.03993847583723,2026,1,5,1,SURPLUS
2026-01-28,Bali,Cabai Merah Keriting,31700.0,39837.878787878784,-8137.878787878784,-20.43,300.0,31285.714285714286,33490.0,359.0662493584499,2026,1,5,2,SURPLUS
2026-01-29,Bali,Cabai Merah Keriting,32400.0,39934.84848484849,-7534.848484848488,-18.87,700.0,31521.428571428572,33438.09523809524,472.45559126130155,2026,1,5,3,SURPLUS
2026-01-30,Bali,Cabai Merah Keriting,32800.0,39937.878787878784,-7137.878787878784,-17.87,400.0,31792.85714285714,33409.09090909091,587.6709477734382,2026,1,5,4,SURPLUS
2026-02-02,Bali,Cabai Merah Keriting,37450.0,40795.454545454544,-3345.454545454544,-8.2,4650.0,32621.428571428572,33584.782608695656,2207.9132574403284,2026,2,6,0,SURPLUS
2026-02-03,Bali,Cabai Merah Keriting,38650.0,41516.666666666664,-2866.6666666666642,-6.9,1200.0,33657.142857142855,33795.833333333336,3071.1600104070844,2026,2,6,1,SURPLUS
2026-02-04,Bali,Cabai Merah Keriting,38950.0,42300.0,-3350.0,-7.92,300.0,34764.28571428572,34002.0,3415.3714153458864,2026,2,6,2,SURPLUS
2026-02-05,Bali,Cabai Merah Keriting,38950.0,42734.84848484849,-3784.8484848484877,-8.86,0.0,35842.857142857145,34192.307692307695,3367.668403538324,2026,2,6,3,SURPLUS
2026-02-06,Bali,Cabai Merah Keriting,38950.0,42913.63636363636,-3963.6363636363603,-9.24,0.0,36878.57142857143,34368.51851851852,2972.913433942233,2026,2,6,4,SURPLUS
2026-02-09,Bali,Cabai Merah Keriting,38800.0,45203.030303030304,-6403.030303030304,-14.17,-150.0,37792.857142857145,34526.78571428572,2266.132640172916,2026,2,7,0,SURPLUS
2026-02-10,Bali,Cabai Merah Keriting,38700.0,45727.27272727273,-7027.272727272728,-15.37,-100.0,38635.71428571428,34670.68965517241,537.520763718493,2026,2,7,1,SURPLUS
2026-02-11,Bali,Cabai Merah Keriting,38400.0,46425.757575757576,-8025.757575757576,-17.29,-300.0,38771.42857142857,34795.0,205.8663459162129,2026,2,7,2,SURPLUS
2026-02-12,Bali,Cabai Merah Keriting,38400.0,46254.545454545456,-7854.545454545456,-16.98,0.0,38735.71428571428,34756.666666666664,247.84787961270118,2026,2,7,3,SURPLUS
2026-02-13,Bali,Cabai Merah Keriting,38500.0,46590.90909090909,-8090.909090909088,-17.37,100.0,38671.42857142857,34715.0,241.2763679149379,2026,2,7,4,SURPLUS
2026-02-16,Bali,Cabai Merah Keriting,40150.0,46657.57575757576,-6507.57575757576,-13.95,1650.0,38842.857142857145,34851.666666666664,612.6639722205693,2026,2,8,0,SURPLUS
2026-02-17,Bali,Cabai Merah Keriting,40250.0,46695.454545454544,-6445.454545454544,-13.8,100.0,39028.57142857143,34960.0,814.3796938248372,2026,2,8,1,SURPLUS
2026-02-18,Bali,Cabai Merah Keriting,45250.0,50175.757575757576,-4925.757575757576,-9.82,5000.0,39950.0,35233.333333333336,2472.8526037756437,2026,2,8,2,SURPLUS
2026-02-19,Bali,Cabai Merah Keriting,45250.0,50419.69696969697,-5169.696969696968,-10.25,0.0,40885.71428571428,35511.666666666664,3084.6007691048,2026,2,8,3,SURPLUS
2026-02-20,Bali,Cabai Merah Keriting,47250.0,51990.90909090909,-4740.909090909088,-9.12,2000.0,42150.0,35870.0,3656.6150102702104,2026,2,8,4,SURPLUS
2026-02-23,Bali,Cabai Merah Keriting,49250.0,50343.93939393939,-1093.9393939393922,-2.17,2000.0,43700.0,36363.333333333336,4077.478796184414,2026,2,9,0,NORMAL
2026-02-24,Bali,Cabai Merah Keriting,49150.0,49315.15151515151,-165.15151515151229,-0.33,-100.0,45221.42857142857,36988.333333333336,3790.6526639944022,2026,2,9,1,NORMAL
2026-02-25,Bali,Cabai Merah Keriting,48700.0,47557.57575757576,1142.4242424242402,2.4,-450.0,46442.857142857145,37598.333333333336,3218.4919568317664,2026,2,9,2,NORMAL
2026-02-26,Bali,Cabai Merah Keriting,47300.0,46383.333333333336,916.6666666666642,1.98,-1400.0,47450.0,38158.333333333336,1704.650501813693,2026,2,9,3,NORMAL
2026-02-27,Bali,Cabai Merah Keriting,46550.0,45580.30303030303,969.6969696969682,2.13,-750.0,47635.71428571428,38693.333333333336,1481.1916052384727,2026,2,9,4,NORMAL
2026-03-02,Bali,Cabai Merah Keriting,47800.0,44621.21212121212,3178.78787878788,7.12,1250.0,48000.0,39228.333333333336,1046.4224768229926,2026,3,10,0,DEFISIT
2026-03-03,Bali,Cabai Merah Keriting,46900.0,44218.181818181816,2681.818181818184,6.06,-900.0,47950.0,39766.666666666664,1095.4451150104987,2026,3,10,1,DEFISIT
2026-03-04,Bali,Cabai Merah Keriting,47400.0,44030.30303030303,3369.696969696968,7.65,500.0,47685.71428571428,40316.666666666664,941.9458077629836,2026,3,10,2,DEFISIT
2026-03-05,Bali,Cabai Merah Keriting,47200.0,43909.09090909091,3290.9090909090883,7.49,-200.0,47407.142857142855,40835.0,691.87461016489,2026,3,10,3,DEFISIT
2026-03-06,Bali,Cabai Merah Keriting,47550.0,43951.51515151515,3598.484848484848,8.19,350.0,47242.857142857145,41373.333333333336,414.7575310035285,2026,3,10,4,DEFISIT
2026-03-09,Bali,Cabai Merah Keriting,47750.0,43463.63636363636,4286.36363636364,9.86,200.0,47307.142857142855,41925.0,457.7377082174303,2026,3,11,0,DEFISIT
2026-03-10,Bali,Cabai Merah Keriting,47550.0,43716.666666666664,3833.3333333333358,8.77,-200.0,47450.0,42463.333333333336,316.22776601737763,2026,3,11,1,DEFISIT
2026-03-11,Bali,Cabai Merah Keriting,47700.0,44330.30303030303,3369.696969696968,7.6,150.0,47435.71428571428,42996.666666666664,299.60291180535245,2026,3,11,2,DEFISIT
2026-03-12,Bali,Cabai Merah Keriting,47500.0,45590.90909090909,1909.0909090909117,4.19,-200.0,47521.42857142857,43500.0,184.51996923900597,2026,3,11,3,NORMAL
2026-03-13,Bali,Cabai Merah Keriting,47250.0,47233.333333333336,16.66666666666424,0.04,-250.0,47500.0,43981.666666666664,208.1665999474385,2026,3,11,4,NORMAL
2026-03-16,Bali,Cabai Merah Keriting,47800.0,51990.90909090909,-4190.909090909088,-8.06,550.0,47585.71428571428,44326.666666666664,186.44544714809513,2026,3,12,0,SURPLUS
2026-03-17,Bali,Cabai Merah Keriting,50700.0,54706.06060606061,-4006.060606060608,-7.32,2900.0,48035.71428571428,44728.333333333336,1189.4376422336231,2026,3,12,1,SURPLUS
2026-03-18,Bali,Cabai Merah Keriting,50700.0,54866.666666666664,-4166.666666666664,-7.59,0.0,48457.142857142855,45120.0,1541.7599714366074,2026,3,12,2,SURPLUS
2026-03-19,Bali,Cabai Merah Keriting,50700.0,54840.90909090909,-4140.909090909088,-7.55,0.0,48907.142857142855,45511.666666666664,1685.8303027067204,2026,3,12,3,SURPLUS
2026-03-20,Bali,Cabai Merah Keriting,50700.0,54828.78787878788,-4128.78787878788,-7.53,0.0,49335.71428571428,45903.333333333336,1708.974908562348,2026,3,12,4,SURPLUS
2026-03-23,Bali,Cabai Merah Keriting,49750.0,54781.818181818184,-5031.818181818184,-9.19,-950.0,49657.142857142855,46268.333333333336,1505.6639098830378,2026,3,13,0,SURPLUS
2026-03-24,Bali,Cabai Merah Keriting,49400.0,54672.72727272727,-5272.727272727272,-9.64,-350.0,49964.28571428572,46625.0,1096.4770425149761,2026,3,13,1,SURPLUS
2026-03-25,Bali,Cabai Merah Keriting,51900.0,53190.90909090909,-1290.9090909090883,-2.43,2500.0,50550.0,47075.0,803.6375634164018,2026,3,13,2,NORMAL
2026-03-26,Bali,Cabai Merah Keriting,51250.0,51804.545454545456,-554.5454545454559,-1.07,-650.0,50628.57142857143,47503.333333333336,846.4913579287985,2026,3,13,3,NORMAL
2026-03-27,Bali,Cabai Merah Keriting,51250.0,50731.818181818184,518.1818181818162,1.02,0.0,50707.142857142855,47928.333333333336,879.1229395583243,2026,3,13,4,NORMAL
2026-03-30,Bali,Cabai Merah Keriting,44050.0,46140.90909090909,-2090.9090909090883,-4.53,-7200.0,49757.142857142855,48058.333333333336,2665.7438879590345,2026,3,14,0,NORMAL
2026-03-31,Bali,Cabai Merah Keriting,40300.0,45778.78787878788,-5478.78787878788,-11.97,-3750.0,48271.42857142857,48060.0,4391.929828566026,2026,3,14,1,SURPLUS
2026-04-01,Bali,Cabai Merah Keriting,41250.0,45198.48484848485,-3948.484848484848,-8.74,950.0,47057.142857142855,47926.666666666664,5041.9431250452235,2026,4,14,2,SURPLUS
2026-04-02,Bali,Cabai Merah Keriting,41550.0,44396.969696969696,-2846.969696969696,-6.41,300.0,45935.71428571428,47803.333333333336,5300.370606988613,2026,4,14,3,SURPLUS
2026-04-03,Bali,Cabai Merah Keriting,41550.0,44231.818181818184,-2681.818181818184,-6.06,0.0,44457.142857142855,47613.333333333336,4777.065746130917,2026,4,14,4,SURPLUS
2026-04-06,Bali,Cabai Merah Keriting,40300.0,44618.181818181816,-4318.181818181816,-9.68,-1250.0,42892.857142857145,47315.0,3892.9882022499432,2026,4,15,0,SURPLUS
2026-04-07,Bali,Cabai Merah Keriting,40300.0,44696.969696969696,-4396.969696969696,-9.84,0.0,41328.57142857143,47020.0,1334.4340694520265,2026,4,15,1,SURPLUS
2026-04-08,Bali,Cabai Merah Keriting,40300.0,44775.757575757576,-4475.757575757576,-10.0,0.0,40792.857142857145,46740.0,622.7817778781931,2026,4,15,2,SURPLUS
2026-04-09,Bali,Cabai Merah Keriting,41150.0,45248.48484848485,-4098.484848484848,-9.06,850.0,40914.28571428572,46535.0,592.8141120356016,2026,4,15,3,SURPLUS
2026-04-10,Bali,Cabai Merah Keriting,40500.0,44931.818181818184,-4431.818181818184,-9.86,-650.0,40807.142857142855,46333.333333333336,589.7941529526408,2026,4,15,4,SURPLUS
2026-04-13,Bali,Cabai Merah Keriting,40000.0,44707.57575757576,-4707.57575757576,-10.53,-500.0,40585.71428571428,46073.333333333336,554.3121005010348,2026,4,16,0,SURPLUS
2026-01-01,Banten,Cabai Merah Keriting,39650.0,49296.969696969696,-9646.969696969696,-19.57,,39650.0,39650.0,,2026,1,1,3,SURPLUS
2026-01-02,Banten,Cabai Merah Keriting,40850.0,49380.30303030303,-8530.303030303032,-17.27,1200.0,40250.0,40250.0,848.5281374238571,2026,1,1,4,SURPLUS
2026-01-05,Banten,Cabai Merah Keriting,39850.0,48063.63636363636,-8213.63636363636,-17.09,-1000.0,40116.666666666664,40116.666666666664,642.9100507328633,2026,1,2,0,SURPLUS
2026-01-06,Banten,Cabai Merah Keriting,37400.0,47307.57575757576,-9907.57575757576,-20.94,-2450.0,39437.5,39437.5,1456.2365879210693,2026,1,2,1,SURPLUS
2026-01-07,Banten,Cabai Merah Keriting,36100.0,46007.57575757576,-9907.57575757576,-21.53,-1300.0,38770.0,38770.0,1954.0342883378476,2026,1,2,2,SURPLUS
2026-01-08,Banten,Cabai Merah Keriting,34650.0,44760.606060606064,-10110.606060606064,-22.59,-1450.0,38083.333333333336,38083.333333333336,2425.627066691553,2026,1,2,3,SURPLUS
2026-01-09,Banten,Cabai Merah Keriting,34750.0,43928.78787878788,-9178.78787878788,-20.89,100.0,37607.142857142855,37607.142857142855,2547.617935024235,2026,1,2,4,SURPLUS
2026-01-12,Banten,Cabai Merah Keriting,33150.0,42260.606060606064,-9110.606060606064,-21.56,-1600.0,36678.57142857143,37050.0,2846.0289795399076,2026,1,3,0,SURPLUS
2026-01-13,Banten,Cabai Merah Keriting,33150.0,41421.21212121212,-8271.21212121212,-19.97,0.0,35578.57142857143,36616.666666666664,2421.407500961852,2026,1,3,1,SURPLUS
2026-01-14,Banten,Cabai Merah Keriting,31100.0,41259.09090909091,-10159.090909090912,-24.62,-2050.0,34328.57142857143,36065.0,2083.8380341046186,2026,1,3,2,SURPLUS
2026-01-15,Banten,Cabai Merah Keriting,33350.0,40803.030303030304,-7453.030303030304,-18.27,2250.0,33750.0,35818.181818181816,1593.4762836850514,2026,1,3,3,SURPLUS
2026-01-16,Banten,Cabai Merah Keriting,33350.0,40739.393939393936,-7389.393939393936,-18.14,0.0,33357.142857142855,35612.5,1210.519369054955,2026,1,3,4,SURPLUS
2026-01-19,Banten,Cabai Merah Keriting,34850.0,40203.030303030304,-5353.030303030304,-13.31,1500.0,33385.71428571428,35553.846153846156,1247.9030029461296,2026,1,4,0,SURPLUS
2026-01-20,Banten,Cabai Merah Keriting,34850.0,39850.0,-5000.0,-12.55,0.0,33400.0,35503.57142857143,1266.5570127975807,2026,1,4,1,SURPLUS
2026-01-21,Banten,Cabai Merah Keriting,36100.0,39424.242424242424,-3324.242424242424,-8.43,1250.0,33821.42857142857,35543.333333333336,1612.9313745623786,2026,1,4,2,SURPLUS
2026-01-22,Banten,Cabai Merah Keriting,37900.0,39283.333333333336,-1383.3333333333358,-3.52,1800.0,34500.0,35690.625,2182.1243472054316,2026,1,4,3,NORMAL
2026-01-23,Banten,Cabai Merah Keriting,37350.0,39050.0,-1700.0,-4.35,-550.0,35392.857142857145,35788.23529411765,1805.1843330226814,2026,1,4,4,NORMAL
2026-01-26,Banten,Cabai Merah Keriting,39650.0,39381.818181818184,268.1818181818162,0.68,2300.0,36292.857142857145,36002.77777777778,2153.7619358207985,2026,1,5,0,NORMAL
2026-01-27,Banten,Cabai Merah Keriting,40000.0,39468.181818181816,531.8181818181838,1.35,350.0,37242.857142857145,36213.15789473684,2105.4351433509487,2026,1,5,1,NORMAL
2026-01-28,Banten,Cabai Merah Keriting,40500.0,39837.878787878784,662.1212121212156,1.66,500.0,38050.0,36427.5,2118.1753153756576,2026,1,5,2,NORMAL
2026-01-29,Banten,Cabai Merah Keriting,40500.0,39934.84848484849,565.1515151515123,1.42,0.0,38857.142857142855,36621.42857142857,1737.9174729708122,2026,1,5,3,NORMAL
2026-01-30,Banten,Cabai Merah Keriting,39350.0,39937.878787878784,-587.8787878787844,-1.47,-1150.0,39321.42857142857,36745.454545454544,1241.9263071459052,2026,1,5,4,NORMAL
2026-02-02,Banten,Cabai Merah Keriting,37150.0,40795.454545454544,-3645.454545454544,-8.94,-2200.0,39214.28571428572,36763.04347826087,1406.4477374205385,2026,2,6,0,SURPLUS
2026-02-03,Banten,Cabai Merah Keriting,37650.0,41516.666666666664,-3866.6666666666642,-9.31,500.0,39257.142857142855,36800.0,1343.325652819867,2026,2,6,1,SURPLUS
2026-02-04,Banten,Cabai Merah Keriting,37650.0,42300.0,-4650.0,-10.99,0.0,38971.42857142857,36834.0,1453.9764850394695,2026,2,6,2,SURPLUS
2026-02-05,Banten,Cabai Merah Keriting,37650.0,42734.84848484849,-5084.848484848488,-11.9,0.0,38635.71428571428,36865.38461538462,1448.1926338584988,2026,2,6,3,SURPLUS
2026-02-06,Banten,Cabai Merah Keriting,40400.0,42913.63636363636,-2513.6363636363603,-5.86,2750.0,38621.42857142857,36996.2962962963,1427.0765988718788,2026,2,6,4,SURPLUS
2026-02-09,Banten,Cabai Merah Keriting,41400.0,45203.030303030304,-3803.030303030304,-8.41,1000.0,38750.0,37153.57142857143,1647.9785597311159,2026,2,7,0,SURPLUS
2026-02-10,Banten,Cabai Merah Keriting,40750.0,45727.27272727273,-4977.272727272728,-10.88,-650.0,38950.0,37277.58620689655,1809.9263336758884,2026,2,7,1,SURPLUS
2026-02-11,Banten,Cabai Merah Keriting,42150.0,46425.757575757576,-4275.757575757576,-9.21,1400.0,39664.28571428572,37440.0,1961.443831661262,2026,2,7,2,SURPLUS
2026-02-12,Banten,Cabai Merah Keriting,39600.0,46254.545454545456,-6654.545454545456,-14.39,-2550.0,39942.857142857145,37438.333333333336,1755.3320130934158,2026,2,7,3,SURPLUS
2026-02-13,Banten,Cabai Merah Keriting,45750.0,46590.90909090909,-840.9090909090883,-1.8,6150.0,41100.0,37601.666666666664,2502.665245959483,2026,2,7,4,NORMAL
2026-02-16,Banten,Cabai Merah Keriting,45750.0,46657.57575757576,-907.5757575757598,-1.95,0.0,42257.142857142855,37798.333333333336,2514.197779847597,2026,2,8,0,NORMAL
2026-02-17,Banten,Cabai Merah Keriting,45750.0,46695.454545454544,-945.4545454545441,-2.02,0.0,43021.42857142857,38076.666666666664,2664.247414508344,2026,2,8,1,NORMAL
2026-02-18,Banten,Cabai Merah Keriting,43250.0,50175.757575757576,-6925.757575757576,-13.8,-2500.0,43285.71428571428,38315.0,2566.5661699558837,2026,2,8,2,SURPLUS
2026-02-19,Banten,Cabai Merah Keriting,50650.0,50419.69696969697,230.30303030303185,0.46,7400.0,44700.0,38848.333333333336,3495.8308502176474,2026,2,8,3,NORMAL
2026-02-20,Banten,Cabai Merah Keriting,56000.0,51990.90909090909,4009.0909090909117,7.71,5350.0,46678.57142857143,39556.666666666664,5277.45654828609,2026,2,8,4,DEFISIT
2026-02-23,Banten,Cabai Merah Keriting,49600.0,50343.93939393939,-743.9393939393922,-1.48,-6400.0,48107.142857142855,40105.0,4306.04503106086,2026,2,9,0,NORMAL
2026-02-24,Banten,Cabai Merah Keriting,46250.0,49315.15151515151,-3065.1515151515123,-6.22,-3350.0,48178.57142857143,40541.666666666664,4264.373453671837,2026,2,9,1,SURPLUS
2026-02-25,Banten,Cabai Merah Keriting,43600.0,47557.57575757576,-3957.57575757576,-8.32,-2650.0,47871.42857142857,40958.333333333336,4537.148254764704,2026,2,9,2,SURPLUS
2026-02-26,Banten,Cabai Merah Keriting,39850.0,46383.333333333336,-6533.333333333336,-14.09,-3750.0,47028.57142857143,41175.0,5452.587852177568,2026,2,9,3,SURPLUS
2026-02-27,Banten,Cabai Merah Keriting,37150.0,45580.30303030303,-8430.303030303032,-18.5,-2700.0,46157.142857142855,41301.666666666664,6536.782374343197,2026,2,9,4,SURPLUS
2026-03-02,Banten,Cabai Merah Keriting,35350.0,44621.21212121212,-9271.21212121212,-20.78,-1800.0,43971.42857142857,41318.333333333336,7297.765476663453,2026,3,10,0,SURPLUS
2026-03-03,Banten,Cabai Merah Keriting,38100.0,44218.181818181816,-6118.181818181816,-13.84,2750.0,41414.28571428572,41426.666666666664,5221.088191628431,2026,3,10,1,SURPLUS
2026-03-04,Banten,Cabai Merah Keriting,39900.0,44030.30303030303,-4130.303030303032,-9.38,1800.0,40028.57142857143,41553.333333333336,3772.803681487749,2026,3,10,2,SURPLUS
2026-03-05,Banten,Cabai Merah Keriting,40600.0,43909.09090909091,-3309.0909090909117,-7.54,700.0,39221.42857142857,41643.333333333336,2660.3347444223664,2026,3,10,3,SURPLUS
2026-03-06,Banten,Cabai Merah Keriting,40600.0,43951.51515151515,-3351.515151515152,-7.63,0.0,38792.857142857145,41751.666666666664,1996.1272027412633,2026,3,10,4,SURPLUS
2026-03-09,Banten,Cabai Merah Keriting,38500.0,43463.63636363636,-4963.63636363636,-11.42,-2100.0,38600.0,41713.333333333336,1941.434177783659,2026,3,11,0,SURPLUS
2026-03-10,Banten,Cabai Merah Keriting,39000.0,43716.666666666664,-4716.666666666664,-10.79,500.0,38864.28571428572,41680.0,1834.101570641175,2026,3,11,1,SURPLUS
2026-03-11,Banten,Cabai Merah Keriting,39750.0,44330.30303030303,-4580.303030303032,-10.33,750.0,39492.857142857145,41655.0,987.601712664075,2026,3,11,2,SURPLUS
2026-03-12,Banten,Cabai Merah Keriting,45100.0,45590.90909090909,-490.90909090908826,-1.08,5350.0,40492.857142857145,41808.333333333336,2173.7886610379223,2026,3,11,3,NORMAL
2026-03-13,Banten,Cabai Merah Keriting,47100.0,47233.333333333336,-133.33333333333576,-0.28,2000.0,41521.42857142857,42066.666666666664,3272.340796083779,2026,3,11,4,NORMAL
2026-03-16,Banten,Cabai Merah Keriting,47650.0,51990.90909090909,-4340.909090909088,-8.35,550.0,42528.57142857143,42416.666666666664,3955.1503493185,2026,3,12,0,SURPLUS
2026-03-17,Banten,Cabai Merah Keriting,49850.0,54706.06060606061,-4856.060606060608,-8.88,2200.0,43850.0,42823.333333333336,4681.879964287851,2026,3,12,1,SURPLUS
2026-03-18,Banten,Cabai Merah Keriting,49850.0,54866.666666666664,-5016.666666666664,-9.14,0.0,45471.42857142857,43230.0,4481.336960370311,2026,3,12,2,SURPLUS
2026-03-19,Banten,Cabai Merah Keriting,49850.0,54840.90909090909,-4990.909090909088,-9.1,0.0,47021.42857142857,43636.666666666664,3673.537933978778,2026,3,12,3,SURPLUS
2026-03-20,Banten,Cabai Merah Keriting,49850.0,54828.78787878788,-4978.78787878788,-9.08,0.0,48464.28571428572,43951.666666666664,1894.0068386260043,2026,3,12,4,SURPLUS
2026-03-23,Banten,Cabai Merah Keriting,49850.0,54781.818181818184,-4931.818181818184,-9.0,0.0,49142.857142857145,44233.333333333336,1218.068338062636,2026,3,13,0,SURPLUS
2026-03-24,Banten,Cabai Merah Keriting,49850.0,54672.72727272727,-4822.727272727272,-8.82,0.0,49535.71428571428,44536.666666666664,831.5218406204277,2026,3,13,1,SURPLUS
2026-03-25,Banten,Cabai Merah Keriting,40400.0,53190.90909090909,-12790.909090909088,-24.05,-9450.0,48500.0,44478.333333333336,3571.76426993722,2026,3,13,2,SURPLUS
2026-03-26,Banten,Cabai Merah Keriting,38100.0,51804.545454545456,-13704.545454545456,-26.45,-2300.0,46821.42857142857,44428.333333333336,5214.711332922882,2026,3,13,3,SURPLUS
2026-03-27,Banten,Cabai Merah Keriting,35750.0,50731.818181818184,-14981.818181818184,-29.53,-2350.0,44807.142857142855,44095.0,6431.2018428017855,2026,3,13,4,SURPLUS
2026-03-30,Banten,Cabai Merah Keriting,37400.0,46140.90909090909,-8740.909090909088,-18.94,1650.0,43028.57142857143,43816.666666666664,6525.006841813588,2026,3,14,0,SURPLUS
2026-03-31,Banten,Cabai Merah Keriting,36000.0,45778.78787878788,-9778.78787878788,-21.36,-1400.0,41050.0,43491.666666666664,6203.762299336299,2026,3,14,1,SURPLUS
2026-04-01,Banten,Cabai Merah Keriting,35250.0,45198.48484848485,-9948.484848484848,-22.01,-750.0,38964.28571428572,43225.0,5109.9343020657525,2026,4,14,2,SURPLUS
2026-04-02,Banten,Cabai Merah Keriting,36150.0,44396.969696969696,-8246.969696969696,-18.58,900.0,37007.142857142855,42741.666666666664,1792.444460187444,2026,4,14,3,SURPLUS
2026-04-03,Banten,Cabai Merah Keriting,36150.0,44231.818181818184,-8081.818181818184,-18.27,0.0,36400.0,42080.0,993.310961716496,2026,4,14,4,SURPLUS
2026-04-06,Banten,Cabai Merah Keriting,39500.0,44618.181818181816,-5118.181818181816,-11.47,3350.0,36600.0,41743.333333333336,1435.270009440556,2026,4,15,0,SURPLUS
2026-04-07,Banten,Cabai Merah Keriting,41250.0,44696.969696969696,-3446.969696969696,-7.71,1750.0,37385.71428571428,41576.666666666664,2196.1546480370566,2026,4,15,1,SURPLUS
2026-04-08,Banten,Cabai Merah Keriting,42750.0,44775.757575757576,-2025.757575757576,-4.52,1500.0,38150.0,41548.333333333336,2989.5651857752755,2026,4,15,2,NORMAL
2026-04-09,Banten,Cabai Merah Keriting,43750.0,45248.48484848485,-1498.484848484848,-3.31,1000.0,39257.142857142855,41678.333333333336,3458.856816375907,2026,4,15,3,NORMAL
2026-04-10,Banten,Cabai Merah Keriting,45100.0,44931.818181818184,168.1818181818162,0.37,1350.0,40664.28571428572,41943.333333333336,3559.1097067611677,2026,4,15,4,NORMAL
2026-04-13,Banten,Cabai Merah Keriting,44250.0,44707.57575757576,-457.5757575757598,-1.02,-850.0,41821.42857142857,42240.0,3138.717511826659,2026,4,16,0,NORMAL
2026-01-01,Bengkulu,Cabai Merah Keriting,49900.0,49296.969696969696,603.0303030303039,1.22,,49900.0,49900.0,,2026,1,1,3,NORMAL
2026-01-02,Bengkulu,Cabai Merah Keriting,51150.0,49380.30303030303,1769.6969696969682,3.58,1250.0,50525.0,50525.0,883.8834764831844,2026,1,1,4,NORMAL
2026-01-05,Bengkulu,Cabai Merah Keriting,46500.0,48063.63636363636,-1563.6363636363603,-3.25,-4650.0,49183.333333333336,49183.333333333336,2406.415037630321,2026,1,2,0,NORMAL
2026-01-06,Bengkulu,Cabai Merah Keriting,41500.0,47307.57575757576,-5807.57575757576,-12.28,-5000.0,47262.5,47262.5,4314.969099927987,2026,1,2,1,SURPLUS
2026-01-07,Bengkulu,Cabai Merah Keriting,39900.0,46007.57575757576,-6107.57575757576,-13.28,-1600.0,45790.0,45790.0,4980.512021870844,2026,1,2,2,SURPLUS
2026-01-08,Bengkulu,Cabai Merah Keriting,39400.0,44760.606060606064,-5360.606060606064,-11.98,-500.0,44725.0,44725.0,5162.339585885455,2026,1,2,3,SURPLUS
2026-01-09,Bengkulu,Cabai Merah Keriting,39400.0,43928.78787878788,-4528.78787878788,-10.31,0.0,43964.28571428572,43964.28571428572,5124.346648249762,2026,1,2,4,SURPLUS
2026-01-12,Bengkulu,Cabai Merah Keriting,38900.0,42260.606060606064,-3360.6060606060637,-7.95,-500.0,42392.857142857145,43331.25,4666.943019028318,2026,1,3,0,SURPLUS
2026-01-13,Bengkulu,Cabai Merah Keriting,38250.0,41421.21212121212,-3171.21212121212,-7.66,-650.0,40550.0,42766.666666666664,2810.2490992792827,2026,1,3,1,SURPLUS
2026-01-14,Bengkulu,Cabai Merah Keriting,37500.0,41259.09090909091,-3759.0909090909117,-9.11,-750.0,39264.28571428572,42240.0,1272.3712396264684,2026,1,3,2,SURPLUS
2026-01-15,Bengkulu,Cabai Merah Keriting,38150.0,40803.030303030304,-2653.030303030304,-6.5,650.0,38785.71428571428,41868.181818181816,851.818782426912,2026,1,3,3,SURPLUS
2026-01-16,Bengkulu,Cabai Merah Keriting,38150.0,40739.393939393936,-2589.3939393939363,-6.36,0.0,38535.71428571428,41558.333333333336,716.306664840744,2026,1,3,4,SURPLUS
2026-01-19,Bengkulu,Cabai Merah Keriting,36000.0,40203.030303030304,-4203.030303030304,-10.45,-2150.0,38050.0,41130.769230769234,1088.5770528538794,2026,1,4,0,SURPLUS
2026-01-20,Bengkulu,Cabai Merah Keriting,35250.0,39850.0,-4600.0,-11.54,-750.0,37457.142857142855,40710.71428571428,1333.363094905956,2026,1,4,1,SURPLUS
2026-01-21,Bengkulu,Cabai Merah Keriting,36400.0,39424.242424242424,-3024.242424242424,-7.67,1150.0,37100.0,40423.333333333336,1211.7480486195898,2026,1,4,2,SURPLUS
2026-01-22,Bengkulu,Cabai Merah Keriting,36400.0,39283.333333333336,-2883.3333333333358,-7.34,0.0,36835.71428571428,40171.875,1117.181828573708,2026,1,4,3,SURPLUS
2026-01-23,Bengkulu,Cabai Merah Keriting,36000.0,39050.0,-3050.0,-7.81,-400.0,36621.42857142857,39926.470588235294,1112.3762638518563,2026,1,4,4,SURPLUS
2026-01-26,Bengkulu,Cabai Merah Keriting,33650.0,39381.818181818184,-5731.818181818184,-14.55,-2350.0,35978.57142857143,39577.77777777778,1355.5002590855663,2026,1,5,0,SURPLUS
2026-01-27,Bengkulu,Cabai Merah Keriting,34250.0,39468.181818181816,-5218.181818181816,-13.22,600.0,35421.42857142857,39297.36842105263,1089.670111722377,2026,1,5,1,SURPLUS
2026-01-28,Bengkulu,Cabai Merah Keriting,35900.0,39837.878787878784,-3937.8787878787844,-9.88,1650.0,35407.142857142855,39127.5,1081.4452411120571,2026,1,5,2,SURPLUS
2026-01-29,Bengkulu,Cabai Merah Keriting,35650.0,39934.84848484849,-4284.848484848488,-10.73,-250.0,35464.28571428572,38961.90476190476,1082.3255385643802,2026,1,5,3,SURPLUS
2026-01-30,Bengkulu,Cabai Merah Keriting,35750.0,39937.878787878784,-4187.878787878784,-10.49,100.0,35371.42857142857,38815.90909090909,1014.4198435794358,2026,1,5,4,SURPLUS
2026-02-02,Bengkulu,Cabai Merah Keriting,40000.0,40795.454545454544,-795.4545454545441,-1.95,4250.0,35885.71428571428,38867.391304347824,2028.4875904875487,2026,2,6,0,NORMAL
2026-02-03,Bengkulu,Cabai Merah Keriting,41650.0,41516.666666666664,133.33333333333576,0.32,1650.0,36692.857142857145,38983.333333333336,2981.6701935085243,2026,2,6,1,NORMAL
2026-02-04,Bengkulu,Cabai Merah Keriting,44250.0,42300.0,1950.0,4.61,2600.0,38207.142857142855,39194.0,3767.0090447007224,2026,2,6,2,NORMAL
2026-02-05,Bengkulu,Cabai Merah Keriting,49000.0,42734.84848484849,6265.151515151512,14.66,4750.0,40314.28571428572,39571.153846153844,5080.8229554631835,2026,2,6,3,DEFISIT
2026-02-06,Bengkulu,Cabai Merah Keriting,51900.0,42913.63636363636,8986.36363636364,20.94,2900.0,42600.0,40027.77777777778,6232.442004008774,2026,2,6,4,DEFISIT
2026-02-09,Bengkulu,Cabai Merah Keriting,49650.0,45203.030303030304,4446.969696969696,9.84,-2250.0,44600.0,40371.42857142857,5866.0037504249385,2026,2,7,0,DEFISIT
2026-02-10,Bengkulu,Cabai Merah Keriting,48000.0,45727.27272727273,2272.727272727272,4.97,-1650.0,46350.0,40634.48275862069,4439.594576084546,2026,2,7,1,NORMAL
2026-02-11,Bengkulu,Cabai Merah Keriting,45750.0,46425.757575757576,-675.757575757576,-1.46,-2250.0,47171.42857142857,40805.0,3501.7682608048494,2026,2,7,2,NORMAL
2026-02-12,Bengkulu,Cabai Merah Keriting,44150.0,46254.545454545456,-2104.545454545456,-4.55,-1600.0,47528.57142857143,40613.333333333336,2924.730349800963,2026,2,7,3,NORMAL
2026-02-13,Bengkulu,Cabai Merah Keriting,44900.0,46590.90909090909,-1690.9090909090883,-3.63,750.0,47621.42857142857,40405.0,2811.4138114206617,2026,2,7,4,NORMAL
2026-02-16,Bengkulu,Cabai Merah Keriting,44900.0,46657.57575757576,-1757.5757575757598,-3.77,0.0,47035.71428571428,40351.666666666664,2901.969774382193,2026,2,8,0,NORMAL
2026-02-17,Bengkulu,Cabai Merah Keriting,44900.0,46695.454545454544,-1795.4545454545441,-3.85,0.0,46035.71428571428,40465.0,2017.7781274034805,2026,2,8,1,NORMAL
2026-02-18,Bengkulu,Cabai Merah Keriting,49000.0,50175.757575757576,-1175.757575757576,-2.34,4100.0,45942.857142857145,40768.333333333336,1829.9427521618834,2026,2,8,2,NORMAL
2026-02-19,Bengkulu,Cabai Merah Keriting,48500.0,50419.69696969697,-1919.6969696969682,-3.81,-500.0,46014.28571428572,41071.666666666664,1930.6117954579145,2026,2,8,3,NORMAL
2026-02-20,Bengkulu,Cabai Merah Keriting,47250.0,51990.90909090909,-4740.909090909088,-9.12,-1250.0,46228.57142857143,41333.333333333336,1979.0269374232712,2026,2,8,4,SURPLUS
2026-02-23,Bengkulu,Cabai Merah Keriting,47000.0,50343.93939393939,-3343.939393939392,-6.64,-250.0,46635.71428571428,41603.333333333336,1761.323906827246,2026,2,9,0,SURPLUS
2026-02-24,Bengkulu,Cabai Merah Keriting,46650.0,49315.15151515151,-2665.1515151515123,-5.4,-350.0,46885.71428571428,41883.333333333336,1589.7364261918322,2026,2,9,1,SURPLUS
2026-02-25,Bengkulu,Cabai Merah Keriting,42000.0,47557.57575757576,-5557.57575757576,-11.69,-4650.0,46471.42857142857,42033.333333333336,2376.5972072931477,2026,2,9,2,SURPLUS
2026-02-26,Bengkulu,Cabai Merah Keriting,37750.0,46383.333333333336,-8633.333333333336,-18.61,-4250.0,45450.0,42020.0,4086.1554873335467,2026,2,9,3,SURPLUS
2026-02-27,Bengkulu,Cabai Merah Keriting,36750.0,45580.30303030303,-8830.303030303032,-19.37,-1000.0,43700.0,41973.333333333336,4861.926915671694,2026,2,9,4,SURPLUS
2026-03-02,Bengkulu,Cabai Merah Keriting,36400.0,44621.21212121212,-8221.21212121212,-18.42,-350.0,41971.42857142857,41986.666666666664,5019.36725285641,2026,3,10,0,SURPLUS
2026-03-03,Bengkulu,Cabai Merah Keriting,35000.0,44218.181818181816,-9218.181818181816,-20.85,-1400.0,40221.42857142857,41978.333333333336,5007.732116675251,2026,3,10,1,SURPLUS
2026-03-04,Bengkulu,Cabai Merah Keriting,34000.0,44030.30303030303,-10030.303030303032,-22.78,-1000.0,38364.28571428572,41898.333333333336,4454.933060263483,2026,3,10,2,SURPLUS
2026-03-05,Bengkulu,Cabai Merah Keriting,33500.0,43909.09090909091,-10409.090909090912,-23.71,-500.0,36485.71428571428,41801.666666666664,2868.9013991588085,2026,3,10,3,SURPLUS
2026-03-06,Bengkulu,Cabai Merah Keriting,32900.0,43951.51515151515,-11051.515151515152,-25.14,-600.0,35185.71428571428,41698.333333333336,1825.9048637398405,2026,3,10,4,SURPLUS
2026-03-09,Bengkulu,Cabai Merah Keriting,33250.0,43463.63636363636,-10213.63636363636,-23.5,350.0,34542.857142857145,41685.0,1542.840608377102,2026,3,11,0,SURPLUS
2026-03-10,Bengkulu,Cabai Merah Keriting,34250.0,43716.666666666664,-9466.666666666664,-21.65,1000.0,34185.71428571428,41685.0,1197.467565919378,2026,3,11,1,SURPLUS
2026-03-11,Bengkulu,Cabai Merah Keriting,34650.0,44330.30303030303,-9680.303030303032,-21.84,400.0,33935.71428571428,41643.333333333336,761.4209773589337,2026,3,11,2,SURPLUS
2026-03-12,Bengkulu,Cabai Merah Keriting,34650.0,45590.90909090909,-10940.909090909088,-24.0,0.0,33885.71428571428,41610.0,687.8191899733323,2026,3,11,3,SURPLUS
2026-03-13,Bengkulu,Cabai Merah Keriting,43000.0,47233.333333333336,-4233.333333333336,-8.96,8350.0,35171.42857142857,41851.666666666664,3519.571131882573,2026,3,11,4,SURPLUS
2026-03-16,Bengkulu,Cabai Merah Keriting,45000.0,51990.90909090909,-6990.909090909088,-13.45,2000.0,36814.28571428572,42018.333333333336,4987.293377985228,2026,3,12,0,SURPLUS
2026-03-17,Bengkulu,Cabai Merah Keriting,45250.0,54706.06060606061,-9456.060606060608,-17.29,250.0,38578.57142857143,42138.333333333336,5527.04390119295,2026,3,12,1,SURPLUS
2026-03-18,Bengkulu,Cabai Merah Keriting,45250.0,54866.666666666664,-9616.666666666664,-17.53,0.0,40292.857142857145,42171.666666666664,5459.428279852835,2026,3,12,2,SURPLUS
2026-03-19,Bengkulu,Cabai Merah Keriting,45250.0,54840.90909090909,-9590.909090909088,-17.49,0.0,41864.28571428572,42046.666666666664,4993.388485930989,2026,3,12,3,SURPLUS
2026-03-20,Bengkulu,Cabai Merah Keriting,45250.0,54828.78787878788,-9578.78787878788,-17.47,0.0,43378.57142857143,41825.0,3936.3537636219144,2026,3,12,4,SURPLUS
2026-03-23,Bengkulu,Cabai Merah Keriting,45250.0,54781.818181818184,-9531.818181818184,-17.4,0.0,44892.857142857145,41678.333333333336,839.8554297356452,2026,3,13,0,SURPLUS
2026-03-24,Bengkulu,Cabai Merah Keriting,45250.0,54672.72727272727,-9422.727272727272,-17.23,0.0,45214.28571428572,41586.666666666664,94.49111824843416,2026,3,13,1,SURPLUS
2026-03-25,Bengkulu,Cabai Merah Keriting,43500.0,53190.90909090909,-9690.909090909088,-18.22,-1750.0,45000.0,41511.666666666664,661.4378277661476,2026,3,13,2,SURPLUS
2026-03-26,Bengkulu,Cabai Merah Keriting,37250.0,51804.545454545456,-14554.545454545456,-28.1,-6250.0,43857.142857142855,41281.666666666664,2985.5804253428655,2026,3,13,3,SURPLUS
2026-03-27,Bengkulu,Cabai Merah Keriting,30400.0,50731.818181818184,-20331.818181818184,-40.08,-6850.0,41735.71428571428,40798.333333333336,5789.841267665456,2026,3,13,4,SURPLUS
2026-03-30,Bengkulu,Cabai Merah Keriting,33000.0,46140.90909090909,-13140.909090909088,-28.48,2600.0,39985.71428571428,40401.666666666664,6372.578905338243,2026,3,14,0,SURPLUS
2026-03-31,Bengkulu,Cabai Merah Keriting,33500.0,45778.78787878788,-12278.78787878788,-26.82,500.0,38307.142857142855,40021.666666666664,6301.946033529951,2026,3,14,1,SURPLUS
2026-04-01,Bengkulu,Cabai Merah Keriting,33000.0,45198.48484848485,-12198.484848484848,-26.99,-500.0,36557.142857142855,39488.333333333336,5727.3051088207185,2026,4,14,2,SURPLUS
2026-04-02,Bengkulu,Cabai Merah Keriting,31400.0,44396.969696969696,-12996.969696969696,-29.27,-1600.0,34578.57142857143,38918.333333333336,4480.314083377907,2026,4,14,3,SURPLUS
2026-04-03,Bengkulu,Cabai Merah Keriting,31400.0,44231.818181818184,-12831.818181818184,-29.01,0.0,32850.0,38390.0,2237.3719702663393,2026,4,14,4,SURPLUS
2026-04-06,Bengkulu,Cabai Merah Keriting,32150.0,44618.181818181816,-12468.181818181816,-27.94,750.0,32121.428571428572,37895.0,1114.2475573443185,2026,4,15,0,SURPLUS
2026-04-07,Bengkulu,Cabai Merah Keriting,31900.0,44696.969696969696,-12796.969696969696,-28.63,-250.0,32335.714285714286,37403.333333333336,838.0106829641624,2026,4,15,1,SURPLUS
2026-04-08,Bengkulu,Cabai Merah Keriting,32650.0,44775.757575757576,-12125.757575757576,-27.08,750.0,32285.714285714286,37091.666666666664,801.4124436032065,2026,4,15,2,SURPLUS
2026-04-09,Bengkulu,Cabai Merah Keriting,34400.0,45248.48484848485,-10848.484848484848,-23.98,1750.0,32414.285714285714,36980.0,1059.3686349718216,2026,4,15,3,SURPLUS
2026-04-10,Bengkulu,Cabai Merah Keriting,33900.0,44931.818181818184,-11031.818181818184,-24.55,-500.0,32542.85714285714,36885.0,1188.9871640142421,2026,4,15,4,SURPLUS
2026-04-13,Bengkulu,Cabai Merah Keriting,33900.0,44707.57575757576,-10807.57575757576,-24.17,0.0,32900.0,36801.666666666664,1163.6866703141427,2026,4,16,0,SURPLUS
2026-01-01,DI Yogyakarta,Cabai Merah Keriting,45000.0,49296.969696969696,-4296.969696969696,-8.72,,45000.0,45000.0,,2026,1,1,3,SURPLUS
2026-01-02,DI Yogyakarta,Cabai Merah Keriting,42500.0,49380.30303030303,-6880.303030303032,-13.93,-2500.0,43750.0,43750.0,1767.7669529663688,2026,1,1,4,SURPLUS
2026-01-05,DI Yogyakarta,Cabai Merah Keriting,39250.0,48063.63636363636,-8813.63636363636,-18.34,-3250.0,42250.0,42250.0,2883.1406486676988,2026,1,2,0,SURPLUS
2026-01-06,DI Yogyakarta,Cabai Merah Keriting,39250.0,47307.57575757576,-8057.57575757576,-17.03,0.0,41500.0,41500.0,2791.355704074038,2026,1,2,1,SURPLUS
2026-01-07,DI Yogyakarta,Cabai Merah Keriting,39250.0,46007.57575757576,-6757.57575757576,-14.69,0.0,41050.0,41050.0,2618.4441945552326,2026,1,2,2,SURPLUS
2026-01-08,DI Yogyakarta,Cabai Merah Keriting,38750.0,44760.606060606064,-6010.606060606064,-13.43,-500.0,40666.666666666664,40666.666666666664,2523.2254490367413,2026,1,2,3,SURPLUS
2026-01-09,DI Yogyakarta,Cabai Merah Keriting,37500.0,43928.78787878788,-6428.78787878788,-14.63,-1250.0,40214.28571428572,40214.28571428572,2595.784127791684,2026,1,2,4,SURPLUS
2026-01-12,DI Yogyakarta,Cabai Merah Keriting,32500.0,42260.606060606064,-9760.606060606064,-23.1,-5000.0,38428.57142857143,39250.0,3019.776087568018,2026,1,3,0,SURPLUS
2026-01-13,DI Yogyakarta,Cabai Merah Keriting,32500.0,41421.21212121212,-8921.21212121212,-21.54,0.0,37000.0,38500.0,3135.8146203711276,2026,1,3,1,SURPLUS
2026-01-14,DI Yogyakarta,Cabai Merah Keriting,31250.0,41259.09090909091,-10009.090909090912,-24.26,-1250.0,35857.142857142855,37775.0,3602.247975388488,2026,1,3,2,SURPLUS
2026-01-15,DI Yogyakarta,Cabai Merah Keriting,31250.0,40803.030303030304,-9553.030303030304,-23.41,0.0,34714.28571428572,37181.818181818184,3615.443067098215,2026,1,3,3,SURPLUS
2026-01-16,DI Yogyakarta,Cabai Merah Keriting,31250.0,40739.393939393936,-9489.393939393936,-23.29,0.0,33571.42857142857,36687.5,3181.045051401754,2026,1,3,4,SURPLUS
2026-01-19,DI Yogyakarta,Cabai Merah Keriting,31250.0,40203.030303030304,-8953.030303030304,-22.27,0.0,32500.0,36269.230769230766,2282.177322938181,2026,1,4,0,SURPLUS
2026-01-20,DI Yogyakarta,Cabai Merah Keriting,31250.0,39850.0,-8600.0,-21.58,0.0,31607.14285714286,35910.71428571428,609.9375455927786,2026,1,4,1,SURPLUS
2026-01-21,DI Yogyakarta,Cabai Merah Keriting,31250.0,39424.242424242424,-8174.242424242424,-20.73,0.0,31428.571428571428,35600.0,472.4555912614591,2026,1,4,2,SURPLUS
2026-01-22,DI Yogyakarta,Cabai Merah Keriting,31250.0,39283.333333333336,-8033.333333333336,-20.45,0.0,31250.0,35328.125,0.0,2026,1,4,3,SURPLUS
2026-01-23,DI Yogyakarta,Cabai Merah Keriting,31250.0,39050.0,-7800.0,-19.97,0.0,31250.0,35088.23529411765,0.0,2026,1,4,4,SURPLUS
2026-01-26,DI Yogyakarta,Cabai Merah Keriting,31250.0,39381.818181818184,-8131.818181818184,-20.65,0.0,31250.0,34875.0,0.0,2026,1,5,0,SURPLUS
2026-01-27,DI Yogyakarta,Cabai Merah Keriting,32500.0,39468.181818181816,-6968.181818181816,-17.66,1250.0,31428.571428571428,34750.0,472.45559126153427,2026,1,5,1,SURPLUS
2026-01-28,DI Yogyakarta,Cabai Merah Keriting,32500.0,39837.878787878784,-7337.878787878784,-18.42,0.0,31607.14285714286,34637.5,609.9375455928339,2026,1,5,2,SURPLUS
2026-01-29,DI Yogyakarta,Cabai Merah Keriting,32500.0,39934.84848484849,-7434.848484848488,-18.62,0.0,31785.714285714286,34535.71428571428,668.1531047810623,2026,1,5,3,SURPLUS
2026-01-30,DI Yogyakarta,Cabai Merah Keriting,32500.0,39937.878787878784,-7437.878787878784,-18.62,0.0,31964.285714285714,34443.181818181816,668.1531047810633,2026,1,5,4,SURPLUS
2026-02-02,DI Yogyakarta,Cabai Merah Keriting,33000.0,40795.454545454544,-7795.454545454544,-19.11,500.0,32214.285714285714,34380.434782608696,683.5655819026514,2026,2,6,0,SURPLUS
2026-02-03,DI Yogyakarta,Cabai Merah Keriting,33000.0,41516.666666666664,-8516.666666666664,-20.51,0.0,32464.285714285714,34322.916666666664,585.0315416812264,2026,2,6,1,SURPLUS
2026-02-04,DI Yogyakarta,Cabai Merah Keriting,33000.0,42300.0,-9300.0,-21.99,0.0,32714.285714285714,34270.0,267.26124191244406,2026,2,6,2,SURPLUS
2026-02-05,DI Yogyakarta,Cabai Merah Keriting,36250.0,42734.84848484849,-6484.848484848488,-15.17,3250.0,33250.0,34346.153846153844,1346.2912017836309,2026,2,6,3,SURPLUS
2026-02-06,DI Yogyakarta,Cabai Merah Keriting,36250.0,42913.63636363636,-6663.63636363636,-15.53,0.0,33785.71428571428,34416.666666666664,1698.2133468526815,2026,2,6,4,SURPLUS
2026-02-09,DI Yogyakarta,Cabai Merah Keriting,38750.0,45203.030303030304,-6453.030303030304,-14.28,2500.0,34678.57142857143,34571.42857142857,2405.3511772118227,2026,2,7,0,SURPLUS
2026-02-10,DI Yogyakarta,Cabai Merah Keriting,38750.0,45727.27272727273,-6977.272727272728,-15.26,0.0,35571.42857142857,34715.51724137931,2612.925745669205,2026,2,7,1,SURPLUS
2026-02-11,DI Yogyakarta,Cabai Merah Keriting,40000.0,46425.757575757576,-6425.757575757576,-13.84,1250.0,36571.42857142857,34891.666666666664,2797.745691155822,2026,2,7,2,SURPLUS
2026-02-12,DI Yogyakarta,Cabai Merah Keriting,40000.0,46254.545454545456,-6254.545454545456,-13.52,0.0,37571.42857142857,34725.0,2548.342131474428,2026,2,7,3,SURPLUS
2026-02-13,DI Yogyakarta,Cabai Merah Keriting,40000.0,46590.90909090909,-6590.909090909088,-14.15,0.0,38571.42857142857,34641.666666666664,1681.481772836375,2026,2,7,4,SURPLUS
2026-02-16,DI Yogyakarta,Cabai Merah Keriting,40000.0,46657.57575757576,-6657.57575757576,-14.27,0.0,39107.142857142855,34666.666666666664,1390.8716006604684,2026,2,8,0,SURPLUS
2026-02-17,DI Yogyakarta,Cabai Merah Keriting,40000.0,46695.454545454544,-6695.454545454544,-14.34,0.0,39642.857142857145,34691.666666666664,609.9375455928296,2026,2,8,1,SURPLUS
2026-02-18,DI Yogyakarta,Cabai Merah Keriting,40000.0,50175.757575757576,-10175.757575757576,-20.28,0.0,39821.42857142857,34716.666666666664,472.4555912615249,2026,2,8,2,SURPLUS
2026-02-19,DI Yogyakarta,Cabai Merah Keriting,40000.0,50419.69696969697,-10419.696969696968,-20.67,0.0,40000.0,34758.333333333336,0.0,2026,2,8,3,SURPLUS
2026-02-20,DI Yogyakarta,Cabai Merah Keriting,42500.0,51990.90909090909,-9490.909090909088,-18.25,2500.0,40357.142857142855,34925.0,944.9111825230685,2026,2,8,4,SURPLUS
2026-02-23,DI Yogyakarta,Cabai Merah Keriting,40500.0,50343.93939393939,-9843.939393939392,-19.55,-2000.0,40428.57142857143,35191.666666666664,932.227235735805,2026,2,9,0,SURPLUS
2026-02-24,DI Yogyakarta,Cabai Merah Keriting,40500.0,49315.15151515151,-8815.151515151512,-17.88,0.0,40500.0,35458.333333333336,912.8709291752775,2026,2,9,1,SURPLUS
2026-02-25,DI Yogyakarta,Cabai Merah Keriting,37500.0,47557.57575757576,-10057.57575757576,-21.15,-3000.0,40142.857142857145,35666.666666666664,1463.8501094228009,2026,2,9,2,SURPLUS
2026-02-26,DI Yogyakarta,Cabai Merah Keriting,36250.0,46383.333333333336,-10133.333333333336,-21.85,-1250.0,39607.142857142855,35833.333333333336,2080.951018851033,2026,2,9,3,SURPLUS
2026-02-27,DI Yogyakarta,Cabai Merah Keriting,34500.0,45580.30303030303,-11080.303030303032,-24.31,-1750.0,38821.42857142857,35941.666666666664,2816.3003424790536,2026,2,9,4,SURPLUS
2026-03-02,DI Yogyakarta,Cabai Merah Keriting,36250.0,44621.21212121212,-8371.21212121212,-18.76,1750.0,38285.71428571428,36108.333333333336,2909.85599381858,2026,3,10,0,SURPLUS
2026-03-03,DI Yogyakarta,Cabai Merah Keriting,36250.0,44218.181818181816,-7968.181818181816,-18.02,0.0,37392.857142857145,36275.0,2295.181287579948,2026,3,10,1,SURPLUS
2026-03-04,DI Yogyakarta,Cabai Merah Keriting,36250.0,44030.30303030303,-7780.303030303032,-17.67,0.0,36785.71428571428,36441.666666666664,1856.455916909574,2026,3,10,2,SURPLUS
2026-03-05,DI Yogyakarta,Cabai Merah Keriting,36250.0,43909.09090909091,-7659.090909090912,-17.44,0.0,36178.57142857143,36608.333333333336,874.5747265848382,2026,3,10,3,SURPLUS
2026-03-06,DI Yogyakarta,Cabai Merah Keriting,37500.0,43951.51515151515,-6451.515151515152,-14.68,1250.0,36178.57142857143,36816.666666666664,874.5747265848382,2026,3,10,4,SURPLUS
2026-03-09,DI Yogyakarta,Cabai Merah Keriting,37500.0,43463.63636363636,-5963.63636363636,-13.72,0.0,36357.142857142855,37025.0,1008.8890637018204,2026,3,11,0,SURPLUS
2026-03-10,DI Yogyakarta,Cabai Merah Keriting,38750.0,43716.666666666664,-4966.666666666664,-11.36,1250.0,36964.28571428572,37233.333333333336,983.4947405868022,2026,3,11,1,SURPLUS
2026-03-11,DI Yogyakarta,Cabai Merah Keriting,41250.0,44330.30303030303,-3080.303030303032,-6.95,2500.0,37678.57142857143,37525.0,1829.8126367785,2026,3,11,2,SURPLUS
2026-03-12,DI Yogyakarta,Cabai Merah Keriting,42500.0,45590.90909090909,-3090.9090909090883,-6.78,1250.0,38571.42857142857,37858.333333333336,2439.7501823713337,2026,3,11,3,SURPLUS
2026-03-13,DI Yogyakarta,Cabai Merah Keriting,41250.0,47233.333333333336,-5983.333333333336,-12.67,-1250.0,39285.71428571428,38150.0,2377.9743280283546,2026,3,11,4,SURPLUS
2026-03-16,DI Yogyakarta,Cabai Merah Keriting,44250.0,51990.90909090909,-7740.909090909088,-14.89,3000.0,40428.57142857143,38525.0,2588.895701333088,2026,3,12,0,SURPLUS
2026-03-17,DI Yogyakarta,Cabai Merah Keriting,55000.0,54706.06060606061,293.9393939393922,0.54,10750.0,42928.57142857143,39258.333333333336,5776.594811742259,2026,3,12,1,NORMAL
2026-03-18,DI Yogyakarta,Cabai Merah Keriting,55000.0,54866.666666666664,133.33333333333576,0.24,0.0,45428.57142857143,39991.666666666664,6741.838098944595,2026,3,12,2,NORMAL
2026-03-19,DI Yogyakarta,Cabai Merah Keriting,55000.0,54840.90909090909,159.09090909091174,0.29,0.0,47750.0,40616.666666666664,6855.654600401035,2026,3,12,3,NORMAL
2026-03-20,DI Yogyakarta,Cabai Merah Keriting,55000.0,54828.78787878788,171.2121212121201,0.31,0.0,49714.28571428572,41241.666666666664,6649.606146589566,2026,3,12,4,NORMAL
2026-03-23,DI Yogyakarta,Cabai Merah Keriting,55000.0,54781.818181818184,218.1818181818162,0.4,0.0,51500.0,41783.333333333336,6039.7985617623435,2026,3,13,0,NORMAL
2026-03-24,DI Yogyakarta,Cabai Merah Keriting,55000.0,54672.72727272727,327.27272727272793,0.6,0.0,53464.28571428572,42325.0,4063.1180848491636,2026,3,13,1,NORMAL
2026-03-25,DI Yogyakarta,Cabai Merah Keriting,40000.0,53190.90909090909,-13190.909090909088,-24.8,-15000.0,52857.142857142855,42325.0,5669.467095138408,2026,3,13,2,SURPLUS
2026-03-26,DI Yogyakarta,Cabai Merah Keriting,36250.0,51804.545454545456,-15554.545454545456,-30.03,-3750.0,50178.57142857143,42200.0,8305.01139588106,2026,3,13,3,SURPLUS
2026-03-27,DI Yogyakarta,Cabai Merah Keriting,38750.0,50731.818181818184,-11981.818181818184,-23.62,2500.0,47857.142857142855,42158.333333333336,8976.656233969146,2026,3,13,4,SURPLUS
2026-03-30,DI Yogyakarta,Cabai Merah Keriting,40000.0,46140.90909090909,-6140.909090909088,-13.31,1250.0,45714.28571428572,42158.333333333336,8775.473125218296,2026,3,14,0,SURPLUS
2026-03-31,DI Yogyakarta,Cabai Merah Keriting,40000.0,45778.78787878788,-5778.78787878788,-12.62,0.0,43571.42857142857,42158.333333333336,7919.798879120242,2026,3,14,1,SURPLUS
2026-04-01,DI Yogyakarta,Cabai Merah Keriting,40000.0,45198.48484848485,-5198.484848484848,-11.5,0.0,41428.57142857143,42158.333333333336,6141.92268639994,2026,4,14,2,SURPLUS
2026-04-02,DI Yogyakarta,Cabai Merah Keriting,40000.0,44396.969696969696,-4396.969696969696,-9.9,0.0,39285.71428571428,42158.333333333336,1417.366773784604,2026,4,14,3,SURPLUS
2026-04-03,DI Yogyakarta,Cabai Merah Keriting,40000.0,44231.818181818184,-4231.818181818184,-9.57,0.0,39285.71428571428,42075.0,1417.366773784604,2026,4,14,4,SURPLUS
2026-04-06,DI Yogyakarta,Cabai Merah Keriting,41500.0,44618.181818181816,-3118.181818181816,-6.99,1500.0,40035.71428571428,42108.333333333336,796.1963146288542,2026,4,15,0,SURPLUS
2026-04-07,DI Yogyakarta,Cabai Merah Keriting,41500.0,44696.969696969696,-3196.969696969696,-7.15,0.0,40428.57142857143,42141.666666666664,731.925054711395,2026,4,15,1,SURPLUS
2026-04-08,DI Yogyakarta,Cabai Merah Keriting,41250.0,44775.757575757576,-3525.757575757576,-7.87,-250.0,40607.142857142855,42266.666666666664,761.8117502750488,2026,4,15,2,SURPLUS
2026-04-09,DI Yogyakarta,Cabai Merah Keriting,40000.0,45248.48484848485,-5248.484848484848,-11.6,-1250.0,40607.142857142855,42391.666666666664,761.8117502750488,2026,4,15,3,SURPLUS
2026-04-10,DI Yogyakarta,Cabai Merah Keriting,40000.0,44931.818181818184,-4931.818181818184,-10.98,0.0,40607.142857142855,42575.0,761.8117502750488,2026,4,15,4,SURPLUS
2026-04-13,DI Yogyakarta,Cabai Merah Keriting,40000.0,44707.57575757576,-4707.57575757576,-10.53,0.0,40607.142857142855,42700.0,761.8117502750488,2026,4,16,0,SURPLUS
2026-01-01,DKI Jakarta,Cabai Merah Keriting,47700.0,49296.969696969696,-1596.969696969696,-3.24,,47700.0,47700.0,,2026,1,1,3,NORMAL
2026-01-02,DKI Jakarta,Cabai Merah Keriting,48600.0,49380.30303030303,-780.3030303030318,-1.58,900.0,48150.0,48150.0,636.3961030678928,2026,1,1,4,NORMAL
2026-01-05,DKI Jakarta,Cabai Merah Keriting,46100.0,48063.63636363636,-1963.6363636363603,-4.09,-2500.0,47466.666666666664,47466.666666666664,1266.2279942148377,2026,1,2,0,NORMAL
2026-01-06,DKI Jakarta,Cabai Merah Keriting,46100.0,47307.57575757576,-1207.5757575757598,-2.55,0.0,47125.0,47125.0,1239.287429668086,2026,1,2,1,NORMAL
2026-01-07,DKI Jakarta,Cabai Merah Keriting,46100.0,46007.57575757576,92.42424242424022,0.2,0.0,46920.0,46920.0,1167.047556871612,2026,1,2,2,NORMAL
2026-01-08,DKI Jakarta,Cabai Merah Keriting,46100.0,44760.606060606064,1339.3939393939363,2.99,0.0,46783.333333333336,46783.333333333336,1096.2055768270227,2026,1,2,3,NORMAL
2026-01-09,DKI Jakarta,Cabai Merah Keriting,46100.0,43928.78787878788,2171.21212121212,4.94,0.0,46685.71428571428,46685.71428571428,1033.4869317486498,2026,1,2,4,NORMAL
2026-01-12,DKI Jakarta,Cabai Merah Keriting,45300.0,42260.606060606064,3039.3939393939363,7.19,-800.0,46342.857142857145,46512.5,1039.0013520317539,2026,1,3,0,DEFISIT
2026-01-13,DKI Jakarta,Cabai Merah Keriting,43000.0,41421.21212121212,1578.78787878788,3.81,-2300.0,45542.857142857145,46122.22222222222,1160.2544876838379,2026,1,3,1,NORMAL
2026-01-14,DKI Jakarta,Cabai Merah Keriting,43000.0,41259.09090909091,1740.9090909090883,4.22,0.0,45100.0,45810.0,1464.012750399853,2026,1,3,2,NORMAL
2026-01-15,DKI Jakarta,Cabai Merah Keriting,40400.0,40803.030303030304,-403.0303030303039,-0.99,-2600.0,44285.71428571428,45318.181818181816,2210.1497471352295,2026,1,3,3,NORMAL
2026-01-16,DKI Jakarta,Cabai Merah Keriting,40400.0,40739.393939393936,-339.3939393939363,-0.83,0.0,43471.42857142857,44908.333333333336,2465.572472884875,2026,1,3,4,NORMAL
2026-01-19,DKI Jakarta,Cabai Merah Keriting,41150.0,40203.030303030304,946.9696969696961,2.36,750.0,42764.28571428572,44619.230769230766,2289.5986339884826,2026,1,4,0,NORMAL
2026-01-20,DKI Jakarta,Cabai Merah Keriting,41150.0,39850.0,1300.0,3.26,0.0,42057.142857142855,44371.42857142857,1799.636206623578,2026,1,4,1,NORMAL
2026-01-21,DKI Jakarta,Cabai Merah Keriting,40300.0,39424.242424242424,875.757575757576,2.22,-850.0,41342.857142857145,44100.0,1185.477601162154,2026,1,4,2,NORMAL
2026-01-22,DKI Jakarta,Cabai Merah Keriting,40300.0,39283.333333333336,1016.6666666666642,2.59,0.0,40957.142857142855,43862.5,977.4237273860188,2026,1,4,3,NORMAL
2026-01-23,DKI Jakarta,Cabai Merah Keriting,40300.0,39050.0,1250.0,3.2,0.0,40571.42857142857,43652.94117647059,397.7615940665024,2026,1,4,4,NORMAL
2026-01-26,DKI Jakarta,Cabai Merah Keriting,38650.0,39381.818181818184,-731.8181818181838,-1.86,-1650.0,40321.42857142857,43375.0,834.0948901140238,2026,1,5,0,NORMAL
2026-01-27,DKI Jakarta,Cabai Merah Keriting,38650.0,39468.181818181816,-818.1818181818162,-2.07,0.0,40071.42857142857,43126.31578947369,1042.7756002040865,2026,1,5,1,NORMAL
2026-01-28,DKI Jakarta,Cabai Merah Keriting,40200.0,39837.878787878784,362.12121212121565,0.91,1550.0,39935.71428571428,42980.0,935.2870707766391,2026,1,5,2,NORMAL
2026-01-29,DKI Jakarta,Cabai Merah Keriting,40200.0,39934.84848484849,265.1515151515123,0.66,0.0,39800.0,42847.619047619046,786.8714422742188,2026,1,5,3,NORMAL
2026-01-30,DKI Jakarta,Cabai Merah Keriting,40200.0,39937.878787878784,262.12121212121565,0.66,0.0,39785.71428571428,42727.27272727273,777.1284137313563,2026,1,5,4,NORMAL
2026-02-02,DKI Jakarta,Cabai Merah Keriting,40200.0,40795.454545454544,-595.4545454545441,-1.46,0.0,39771.42857142857,42617.391304347824,766.9512929217397,2026,2,6,0,NORMAL
2026-02-03,DKI Jakarta,Cabai Merah Keriting,40200.0,41516.666666666664,-1316.6666666666642,-3.17,0.0,39757.142857142855,42516.666666666664,756.322556535141,2026,2,6,1,NORMAL
2026-02-04,DKI Jakarta,Cabai Merah Keriting,40200.0,42300.0,-2100.0,-4.96,0.0,39978.57142857143,42424.0,585.844933164336,2026,2,6,2,NORMAL
2026-02-05,DKI Jakarta,Cabai Merah Keriting,41100.0,42734.84848484849,-1634.8484848484877,-3.83,900.0,40328.57142857143,42373.07692307692,340.16802570830475,2026,2,6,3,NORMAL
2026-02-06,DKI Jakarta,Cabai Merah Keriting,41100.0,42913.63636363636,-1813.6363636363603,-4.23,0.0,40457.142857142855,42325.92592592593,439.15503282684045,2026,2,6,4,NORMAL
2026-02-09,DKI Jakarta,Cabai Merah Keriting,45350.0,45203.030303030304,146.9696969696961,0.33,4250.0,41192.857142857145,42433.92857142857,1881.5836794724655,2026,2,7,0,NORMAL
2026-02-10,DKI Jakarta,Cabai Merah Keriting,45350.0,45727.27272727273,-377.27272727272793,-0.83,0.0,41928.57142857143,42534.48275862069,2371.6831475517447,2026,2,7,1,NORMAL
2026-02-11,DKI Jakarta,Cabai Merah Keriting,48800.0,46425.757575757576,2374.242424242424,5.11,3450.0,43157.142857142855,42743.333333333336,3351.9184272379225,2026,2,7,2,DEFISIT
2026-02-12,DKI Jakarta,Cabai Merah Keriting,49600.0,46254.545454545456,3345.454545454544,7.23,800.0,44500.0,42806.666666666664,3820.013088982812,2026,2,7,3,DEFISIT
2026-02-13,DKI Jakarta,Cabai Merah Keriting,51300.0,46590.90909090909,4709.090909090912,10.11,1700.0,46085.71428571428,42896.666666666664,4035.335001140374,2026,2,7,4,DEFISIT
2026-02-16,DKI Jakarta,Cabai Merah Keriting,51300.0,46657.57575757576,4642.42424242424,9.95,0.0,47542.857142857145,43070.0,3767.672642740763,2026,2,8,0,DEFISIT
2026-02-17,DKI Jakarta,Cabai Merah Keriting,51300.0,46695.454545454544,4604.545454545456,9.86,0.0,49000.0,43243.333333333336,2674.4158240632746,2026,2,8,1,DEFISIT
2026-02-18,DKI Jakarta,Cabai Merah Keriting,50450.0,50175.757575757576,274.242424242424,0.55,-850.0,49728.57142857143,43388.333333333336,2159.44768070781,2026,2,8,2,NORMAL
2026-02-19,DKI Jakarta,Cabai Merah Keriting,50450.0,50419.69696969697,30.303030303031846,0.06,0.0,50457.142857142855,43533.333333333336,967.1386368340376,2026,2,8,3,NORMAL
2026-02-20,DKI Jakarta,Cabai Merah Keriting,58900.0,51990.90909090909,6909.090909090912,13.29,8450.0,51900.0,43960.0,3151.0580233735373,2026,2,8,4,DEFISIT
2026-02-23,DKI Jakarta,Cabai Merah Keriting,52900.0,50343.93939393939,2556.060606060608,5.08,-6000.0,52371.42857142857,44213.333333333336,2992.4707103631,2026,2,9,0,DEFISIT
2026-02-24,DKI Jakarta,Cabai Merah Keriting,51250.0,49315.15151515151,1934.8484848484877,3.92,-1650.0,52364.28571428572,44488.333333333336,2995.5125167649226,2026,2,9,1,NORMAL
2026-02-25,DKI Jakarta,Cabai Merah Keriting,46950.0,47557.57575757576,-607.5757575757598,-1.28,-4300.0,51742.857142857145,44620.0,3635.866307982719,2026,2,9,2,NORMAL
2026-02-26,DKI Jakarta,Cabai Merah Keriting,46100.0,46383.333333333336,-283.33333333333576,-0.61,-850.0,51000.0,44810.0,4224.926034855529,2026,2,9,3,NORMAL
2026-02-27,DKI Jakarta,Cabai Merah Keriting,46100.0,45580.30303030303,519.6969696969682,1.14,0.0,50378.57142857143,45000.0,4620.683313722586,2026,2,9,4,NORMAL
2026-03-02,DKI Jakarta,Cabai Merah Keriting,45000.0,44621.21212121212,378.7878787878799,0.85,-1100.0,49600.0,45128.333333333336,5046.203193160844,2026,3,10,0,NORMAL
2026-03-03,DKI Jakarta,Cabai Merah Keriting,43600.0,44218.181818181816,-618.1818181818162,-1.4,-1400.0,47414.28571428572,45210.0,3387.5647946711274,2026,3,10,1,NORMAL
2026-03-04,DKI Jakarta,Cabai Merah Keriting,44450.0,44030.30303030303,419.69696969696815,0.95,850.0,46207.142857142855,45348.333333333336,2494.8995590050904,2026,3,10,2,NORMAL
2026-03-05,DKI Jakarta,Cabai Merah Keriting,46100.0,43909.09090909091,2190.9090909090883,4.99,1650.0,45471.42857142857,45541.666666666664,1164.7092422779124,2026,3,10,3,NORMAL
2026-03-06,DKI Jakarta,Cabai Merah Keriting,46100.0,43951.51515151515,2148.484848484848,4.89,0.0,45350.0,45735.0,1020.2123961868439,2026,3,10,4,NORMAL
2026-03-09,DKI Jakarta,Cabai Merah Keriting,45300.0,43463.63636363636,1836.3636363636397,4.23,-800.0,45235.71428571428,45956.666666666664,965.5371068798295,2026,3,11,0,NORMAL
2026-03-10,DKI Jakarta,Cabai Merah Keriting,45300.0,43716.666666666664,1583.3333333333358,3.62,0.0,45121.42857142857,46178.333333333336,890.6257832076564,2026,3,11,1,NORMAL
2026-03-11,DKI Jakarta,Cabai Merah Keriting,45300.0,44330.30303030303,969.6969696969682,2.19,0.0,45164.28571428572,46348.333333333336,891.0266951267716,2026,3,11,2,NORMAL
2026-03-12,DKI Jakarta,Cabai Merah Keriting,46950.0,45590.90909090909,1359.0909090909117,2.98,1650.0,45642.857142857145,46573.333333333336,806.4472350111362,2026,3,11,3,NORMAL
2026-03-13,DKI Jakarta,Cabai Merah Keriting,50400.0,47233.333333333336,3166.6666666666642,6.7,3450.0,46492.857142857145,46913.333333333336,1828.1202940517255,2026,3,11,4,DEFISIT
2026-03-16,DKI Jakarta,Cabai Merah Keriting,56000.0,51990.90909090909,4009.0909090909117,7.71,5600.0,47907.142857142855,47440.0,4005.873663699812,2026,3,12,0,DEFISIT
2026-03-17,DKI Jakarta,Cabai Merah Keriting,59350.0,54706.06060606061,4643.939393939392,8.49,3350.0,49800.0,48078.333333333336,5757.24181647195,2026,3,12,1,DEFISIT
2026-03-18,DKI Jakarta,Cabai Merah Keriting,59350.0,54866.666666666664,4483.333333333336,8.17,0.0,51807.142857142855,48716.666666666664,6345.958593954924,2026,3,12,2,DEFISIT
2026-03-19,DKI Jakarta,Cabai Merah Keriting,59350.0,54840.90909090909,4509.090909090912,8.22,0.0,53814.28571428572,49325.0,6164.124315053065,2026,3,12,3,DEFISIT
2026-03-20,DKI Jakarta,Cabai Merah Keriting,59350.0,54828.78787878788,4521.21212121212,8.25,0.0,55821.42857142857,49933.333333333336,5130.452964314892,2026,3,12,4,DEFISIT
2026-03-23,DKI Jakarta,Cabai Merah Keriting,59350.0,54781.818181818184,4568.181818181816,8.34,0.0,57592.857142857145,50400.0,3408.6200251993937,2026,3,13,0,DEFISIT
2026-03-24,DKI Jakarta,Cabai Merah Keriting,59350.0,54672.72727272727,4677.272727272728,8.56,0.0,58871.42857142857,50866.666666666664,1266.1809845808446,2026,3,13,1,DEFISIT
2026-03-25,DKI Jakarta,Cabai Merah Keriting,52900.0,53190.90909090909,-290.90909090908826,-0.55,-6450.0,58428.57142857143,51003.333333333336,2437.8708509095154,2026,3,13,2,NORMAL
2026-03-26,DKI Jakarta,Cabai Merah Keriting,51250.0,51804.545454545456,-554.5454545454559,-1.07,-1650.0,57271.42857142857,51058.333333333336,3581.6496598235685,2026,3,13,3,NORMAL
2026-03-27,DKI Jakarta,Cabai Merah Keriting,51250.0,50731.818181818184,518.1818181818162,1.02,0.0,56114.28571428572,51056.666666666664,4072.95084323744,2026,3,13,4,NORMAL
2026-03-30,DKI Jakarta,Cabai Merah Keriting,44450.0,46140.90909090909,-1690.9090909090883,-3.66,-6800.0,53985.71428571428,50828.333333333336,5677.493159082498,2026,3,14,0,NORMAL
2026-03-31,DKI Jakarta,Cabai Merah Keriting,44450.0,45778.78787878788,-1328.78787878788,-2.9,0.0,51857.142857142855,50600.0,6107.947593875033,2026,3,14,1,NORMAL
2026-04-01,DKI Jakarta,Cabai Merah Keriting,44450.0,45198.48484848485,-748.484848484848,-1.66,0.0,49728.57142857143,50400.0,5639.877151650934,2026,4,14,2,NORMAL
2026-04-02,DKI Jakarta,Cabai Merah Keriting,44450.0,44396.969696969696,53.03030303030391,0.12,0.0,47600.0,50200.0,3967.0518020313234,2026,4,14,3,NORMAL
2026-04-03,DKI Jakarta,Cabai Merah Keriting,44450.0,44231.818181818184,218.1818181818162,0.49,0.0,46392.857142857145,49718.333333333336,3318.0602480250077,2026,4,14,4,NORMAL
2026-04-06,DKI Jakarta,Cabai Merah Keriting,44450.0,44618.181818181816,-168.1818181818162,-0.38,0.0,45421.42857142857,49436.666666666664,2570.158416462736,2026,4,15,0,NORMAL
2026-04-07,DKI Jakarta,Cabai Merah Keriting,44450.0,44696.969696969696,-246.9696969696961,-0.55,0.0,44450.0,49210.0,0.0,2026,4,15,1,NORMAL
2026-04-08,DKI Jakarta,Cabai Merah Keriting,44450.0,44775.757575757576,-325.757575757576,-0.73,0.0,44450.0,49126.666666666664,0.0,2026,4,15,2,NORMAL
2026-04-09,DKI Jakarta,Cabai Merah Keriting,44450.0,45248.48484848485,-798.484848484848,-1.76,0.0,44450.0,49071.666666666664,0.0,2026,4,15,3,NORMAL
2026-04-10,DKI Jakarta,Cabai Merah Keriting,44450.0,44931.818181818184,-481.8181818181838,-1.07,0.0,44450.0,49016.666666666664,0.0,2026,4,15,4,NORMAL
2026-04-13,DKI Jakarta,Cabai Merah Keriting,44450.0,44707.57575757576,-257.5757575757598,-0.58,0.0,44450.0,48998.333333333336,0.0,2026,4,16,0,NORMAL
2026-01-01,Gorontalo,Cabai Merah Keriting,29400.0,49296.969696969696,-19896.969696969696,-40.36,,29400.0,29400.0,,2026,1,1,3,SURPLUS
2026-01-02,Gorontalo,Cabai Merah Keriting,36900.0,49380.30303030303,-12480.303030303032,-25.27,7500.0,33150.0,33150.0,5303.300858899106,2026,1,1,4,SURPLUS
2026-01-05,Gorontalo,Cabai Merah Keriting,35650.0,48063.63636363636,-12413.63636363636,-25.83,-1250.0,33983.333333333336,33983.333333333336,4018.1878170803975,2026,1,2,0,SURPLUS
2026-01-06,Gorontalo,Cabai Merah Keriting,29400.0,47307.57575757576,-17907.57575757576,-37.85,-6250.0,32837.5,32837.5,4001.9526483955306,2026,1,2,1,SURPLUS
2026-01-07,Gorontalo,Cabai Merah Keriting,30000.0,46007.57575757576,-16007.57575757576,-34.79,600.0,32270.0,32270.0,3690.799371409939,2026,1,2,2,SURPLUS
2026-01-08,Gorontalo,Cabai Merah Keriting,25000.0,44760.606060606064,-19760.606060606064,-44.15,-5000.0,31058.333333333332,31058.333333333332,4439.190992361859,2026,1,2,3,SURPLUS
2026-01-09,Gorontalo,Cabai Merah Keriting,25000.0,43928.78787878788,-18928.78787878788,-43.09,0.0,30192.85714285714,30192.85714285714,4654.6060137091235,2026,1,2,4,SURPLUS
2026-01-12,Gorontalo,Cabai Merah Keriting,26900.0,42260.606060606064,-15360.606060606064,-36.35,1900.0,29835.714285714286,29781.25,4818.602346264793,2026,1,3,0,SURPLUS
2026-01-13,Gorontalo,Cabai Merah Keriting,28750.0,41421.21212121212,-12671.21212121212,-30.59,1850.0,28671.428571428572,29666.666666666668,3676.485770276776,2026,1,3,1,SURPLUS
2026-01-14,Gorontalo,Cabai Merah Keriting,29400.0,41259.09090909091,-11859.090909090912,-28.74,650.0,27778.571428571428,29640.0,2134.9974907981245,2026,1,3,2,SURPLUS
2026-01-15,Gorontalo,Cabai Merah Keriting,28150.0,40803.030303030304,-12653.030303030304,-31.01,-1250.0,27600.0,29504.545454545456,2026.2856001396588,2026,1,3,3,SURPLUS
2026-01-16,Gorontalo,Cabai Merah Keriting,28150.0,40739.393939393936,-12589.393939393936,-30.9,0.0,27335.714285714286,29391.666666666668,1764.8688066714508,2026,1,3,4,SURPLUS
2026-01-19,Gorontalo,Cabai Merah Keriting,23150.0,40203.030303030304,-17053.030303030304,-42.42,-5000.0,27071.428571428572,28911.53846153846,2245.895727554516,2026,1,4,0,SURPLUS
2026-01-20,Gorontalo,Cabai Merah Keriting,23750.0,39850.0,-16100.0,-40.4,600.0,26892.85714285714,28542.85714285714,2475.9558038981945,2026,1,4,1,SURPLUS
2026-01-21,Gorontalo,Cabai Merah Keriting,26250.0,39424.242424242424,-13174.242424242424,-33.42,2500.0,26800.0,28390.0,2487.8035828149054,2026,1,4,2,SURPLUS
2026-01-22,Gorontalo,Cabai Merah Keriting,26900.0,39283.333333333336,-12383.333333333336,-31.52,650.0,26535.714285714286,28296.875,2339.9989824987642,2026,1,4,3,SURPLUS
2026-01-23,Gorontalo,Cabai Merah Keriting,25650.0,39050.0,-13400.0,-34.31,-1250.0,26000.0,28141.176470588234,1975.896421036965,2026,1,4,4,SURPLUS
2026-01-26,Gorontalo,Cabai Merah Keriting,26250.0,39381.818181818184,-13131.818181818184,-33.34,600.0,25728.571428571428,28036.11111111111,1748.7750815111442,2026,1,5,0,SURPLUS
2026-01-27,Gorontalo,Cabai Merah Keriting,23750.0,39468.181818181816,-15718.181818181816,-39.82,-2500.0,25100.0,27810.526315789473,1507.4813431681428,2026,1,5,1,SURPLUS
2026-01-28,Gorontalo,Cabai Merah Keriting,23750.0,39837.878787878784,-16087.878787878784,-40.38,0.0,25185.714285714286,27607.5,1390.6576039516697,2026,1,5,2,SURPLUS
2026-01-29,Gorontalo,Cabai Merah Keriting,24400.0,39934.84848484849,-15534.848484848488,-38.9,650.0,25278.571428571428,27454.761904761905,1297.3874847994766,2026,1,5,3,SURPLUS
2026-01-30,Gorontalo,Cabai Merah Keriting,24400.0,39937.878787878784,-15537.878787878784,-38.91,0.0,25014.285714285714,27315.909090909092,1254.230934914008,2026,1,5,4,SURPLUS
2026-02-02,Gorontalo,Cabai Merah Keriting,29400.0,40795.454545454544,-11395.454545454544,-27.93,5000.0,25371.428571428572,27406.521739130436,2009.3235061534958,2026,2,6,0,SURPLUS
2026-02-03,Gorontalo,Cabai Merah Keriting,29400.0,41516.666666666664,-12116.666666666664,-29.19,0.0,25907.14285714286,27489.583333333332,2528.739569335646,2026,2,6,1,SURPLUS
2026-02-04,Gorontalo,Cabai Merah Keriting,30000.0,42300.0,-12300.0,-29.08,600.0,26442.85714285714,27590.0,2971.8721051760995,2026,2,6,2,SURPLUS
2026-02-05,Gorontalo,Cabai Merah Keriting,33750.0,42734.84848484849,-8984.848484848488,-21.02,3750.0,27871.428571428572,27826.923076923078,3760.5249127013662,2026,2,6,3,SURPLUS
2026-02-06,Gorontalo,Cabai Merah Keriting,36250.0,42913.63636363636,-6663.63636363636,-15.53,2500.0,29657.14285714286,28138.88888888889,4392.078908997096,2026,2,6,4,SURPLUS
2026-02-09,Gorontalo,Cabai Merah Keriting,32500.0,45203.030303030304,-12703.030303030304,-28.1,-3750.0,30814.285714285714,28294.64285714286,3803.8044864883022,2026,2,7,0,SURPLUS
2026-02-10,Gorontalo,Cabai Merah Keriting,29400.0,45727.27272727273,-16327.272727272728,-35.71,-3100.0,31528.571428571428,28332.758620689656,2711.0663865683746,2026,2,7,1,SURPLUS
2026-02-11,Gorontalo,Cabai Merah Keriting,31900.0,46425.757575757576,-14525.757575757576,-31.29,2500.0,31885.714285714286,28451.666666666668,2543.408848657352,2026,2,7,2,SURPLUS
2026-02-12,Gorontalo,Cabai Merah Keriting,30650.0,46254.545454545456,-15604.545454545456,-33.74,-1250.0,32064.285714285714,28493.333333333332,2378.324740532401,2026,2,7,3,SURPLUS
2026-02-13,Gorontalo,Cabai Merah Keriting,34400.0,46590.90909090909,-12190.909090909088,-26.17,3750.0,32692.85714285714,28410.0,2322.6114202603367,2026,2,7,4,SURPLUS
2026-02-16,Gorontalo,Cabai Merah Keriting,34400.0,46657.57575757576,-12257.57575757576,-26.27,0.0,32785.71428571428,28368.333333333332,2384.0991110749774,2026,2,8,0,SURPLUS
2026-02-17,Gorontalo,Cabai Merah Keriting,34400.0,46695.454545454544,-12295.454545454544,-26.33,0.0,32521.428571428572,28535.0,2009.1161288107644,2026,2,8,1,SURPLUS
2026-02-18,Gorontalo,Cabai Merah Keriting,42500.0,50175.757575757576,-7675.757575757576,-15.3,8100.0,33950.0,28951.666666666668,4272.099405834702,2026,2,8,2,SURPLUS
2026-02-19,Gorontalo,Cabai Merah Keriting,47500.0,50419.69696969697,-2919.696969696968,-5.79,5000.0,36535.71428571428,29701.666666666668,6131.93242282521,2026,2,8,3,SURPLUS
2026-02-20,Gorontalo,Cabai Merah Keriting,51900.0,51990.90909090909,-90.90909090908826,-0.17,4400.0,39392.857142857145,30598.333333333332,7989.911794018143,2026,2,8,4,NORMAL
2026-02-23,Gorontalo,Cabai Merah Keriting,50000.0,50343.93939393939,-343.9393939393922,-0.68,-1900.0,42157.142857142855,31368.333333333332,7806.163620895359,2026,2,9,0,NORMAL
2026-02-24,Gorontalo,Cabai Merah Keriting,45000.0,49315.15151515151,-4315.151515151512,-8.75,-5000.0,43671.42857142857,31910.0,7041.239068448623,2026,2,9,1,SURPLUS
2026-02-25,Gorontalo,Cabai Merah Keriting,39400.0,47557.57575757576,-8157.57575757576,-17.15,-5600.0,44385.71428571428,32243.333333333332,6139.8774611627905,2026,2,9,2,SURPLUS
2026-02-26,Gorontalo,Cabai Merah Keriting,40000.0,46383.333333333336,-6383.333333333336,-13.76,600.0,45185.71428571428,32638.333333333332,4851.607490110345,2026,2,9,3,SURPLUS
2026-02-27,Gorontalo,Cabai Merah Keriting,35000.0,45580.30303030303,-10580.303030303032,-23.21,-5000.0,44114.28571428572,32866.666666666664,6187.737489429787,2026,2,9,4,SURPLUS
2026-03-02,Gorontalo,Cabai Merah Keriting,35650.0,44621.21212121212,-8971.21212121212,-20.11,650.0,42421.42857142857,33283.333333333336,6706.331407884689,2026,3,10,0,SURPLUS
2026-03-03,Gorontalo,Cabai Merah Keriting,35000.0,44218.181818181816,-9218.181818181816,-20.85,-650.0,40007.142857142855,33658.333333333336,5690.374077585489,2026,3,10,1,SURPLUS
2026-03-04,Gorontalo,Cabai Merah Keriting,32500.0,44030.30303030303,-11530.303030303032,-26.19,-2500.0,37507.142857142855,33866.666666666664,4223.587394169836,2026,3,10,2,SURPLUS
2026-03-05,Gorontalo,Cabai Merah Keriting,30650.0,43909.09090909091,-13259.090909090912,-30.2,-1850.0,35457.142857142855,33991.666666666664,3378.6620344238504,2026,3,10,3,SURPLUS
2026-03-06,Gorontalo,Cabai Merah Keriting,31250.0,43951.51515151515,-12701.515151515152,-28.9,600.0,34292.857142857145,34178.333333333336,3192.625431029635,2026,3,10,4,SURPLUS
2026-03-09,Gorontalo,Cabai Merah Keriting,28150.0,43463.63636363636,-15313.63636363636,-35.23,-3100.0,32600.0,34241.666666666664,2776.68867538298,2026,3,11,0,SURPLUS
2026-03-10,Gorontalo,Cabai Merah Keriting,30650.0,43716.666666666664,-13066.666666666664,-29.89,2500.0,31978.571428571428,34471.666666666664,2633.0997485310727,2026,3,11,1,SURPLUS
2026-03-11,Gorontalo,Cabai Merah Keriting,30000.0,44330.30303030303,-14330.303030303032,-32.33,-650.0,31171.428571428572,34680.0,2139.870935137856,2026,3,11,2,SURPLUS
2026-03-12,Gorontalo,Cabai Merah Keriting,36250.0,45590.90909090909,-9340.909090909088,-20.49,6250.0,31350.0,35075.0,2529.327973988375,2026,3,11,3,SURPLUS
2026-03-13,Gorontalo,Cabai Merah Keriting,38150.0,47233.333333333336,-9083.333333333336,-19.23,1900.0,32157.14285714286,35533.333333333336,3622.663450583091,2026,3,11,4,SURPLUS
2026-03-16,Gorontalo,Cabai Merah Keriting,57500.0,51990.90909090909,5509.090909090912,10.6,19350.0,35992.857142857145,36470.0,10130.335161098592,2026,3,12,0,DEFISIT
2026-03-17,Gorontalo,Cabai Merah Keriting,60000.0,54706.06060606061,5293.939393939392,9.68,2500.0,40100.0,37490.0,13238.265243855272,2026,3,12,1,DEFISIT
2026-03-18,Gorontalo,Cabai Merah Keriting,60000.0,54866.666666666664,5133.333333333336,9.36,0.0,44650.0,38490.0,13903.237033151656,2026,3,12,2,DEFISIT
2026-03-19,Gorontalo,Cabai Merah Keriting,60000.0,54840.90909090909,5159.090909090912,9.41,0.0,48842.857142857145,39365.0,13393.792983176572,2026,3,12,3,DEFISIT
2026-03-20,Gorontalo,Cabai Merah Keriting,60000.0,54828.78787878788,5171.21212121212,9.43,0.0,53128.57142857143,40156.666666666664,10933.277075929567,2026,3,12,4,DEFISIT
2026-03-23,Gorontalo,Cabai Merah Keriting,60000.0,54781.818181818184,5218.181818181816,9.53,0.0,56521.42857142857,41073.333333333336,8154.439340161911,2026,3,13,0,DEFISIT
2026-03-24,Gorontalo,Cabai Merah Keriting,60000.0,54672.72727272727,5327.272727272728,9.74,0.0,59642.857142857145,42093.333333333336,944.9111825226237,2026,3,13,1,DEFISIT
2026-03-25,Gorontalo,Cabai Merah Keriting,52500.0,53190.90909090909,-690.9090909090883,-1.3,-7500.0,58928.57142857143,42780.0,2834.733547569204,2026,3,13,2,NORMAL
2026-03-26,Gorontalo,Cabai Merah Keriting,43750.0,51804.545454545456,-8054.545454545456,-15.55,-8750.0,56607.142857142855,43216.666666666664,6321.025007295663,2026,3,13,3,SURPLUS
2026-03-27,Gorontalo,Cabai Merah Keriting,46250.0,50731.818181818184,-4481.818181818184,-8.83,2500.0,54642.857142857145,43611.666666666664,7170.334056108575,2026,3,13,4,SURPLUS
2026-03-30,Gorontalo,Cabai Merah Keriting,51900.0,46140.90909090909,5759.090909090912,12.48,5650.0,53485.71428571428,44195.0,6806.0459816814255,2026,3,14,0,DEFISIT
2026-03-31,Gorontalo,Cabai Merah Keriting,53150.0,45778.78787878788,7371.21212121212,16.1,1250.0,52507.142857142855,44820.0,6176.66499627351,2026,3,14,1,DEFISIT
2026-04-01,Gorontalo,Cabai Merah Keriting,55000.0,45198.48484848485,9801.515151515152,21.69,1850.0,51792.857142857145,45236.666666666664,5406.895949574374,2026,4,14,2,DEFISIT
2026-04-02,Gorontalo,Cabai Merah Keriting,57500.0,44396.969696969696,13103.030303030304,29.51,2500.0,51435.71428571428,45570.0,4825.774055847951,2026,4,14,3,DEFISIT
2026-04-03,Gorontalo,Cabai Merah Keriting,57500.0,44231.818181818184,13268.181818181816,30.0,0.0,52150.0,45756.666666666664,5351.0123652756865,2026,4,14,4,DEFISIT
2026-04-06,Gorontalo,Cabai Merah Keriting,53150.0,44618.181818181816,8531.818181818184,19.12,-4350.0,53492.857142857145,45861.666666666664,3864.7367926147904,2026,4,15,0,DEFISIT
2026-04-07,Gorontalo,Cabai Merah Keriting,53750.0,44696.969696969696,9053.030303030304,20.25,600.0,54564.28571428572,46153.333333333336,2205.620526011195,2026,4,15,1,DEFISIT
2026-04-08,Gorontalo,Cabai Merah Keriting,55000.0,44775.757575757576,10224.242424242424,22.83,1250.0,55007.142857142855,46673.333333333336,1866.6879250490183,2026,4,15,2,DEFISIT
2026-04-09,Gorontalo,Cabai Merah Keriting,56250.0,45248.48484848485,11001.515151515152,24.31,1250.0,55450.0,47215.0,1714.1567411801452,2026,4,15,3,DEFISIT
2026-04-10,Gorontalo,Cabai Merah Keriting,55000.0,44931.818181818184,10068.181818181816,22.41,-1250.0,55450.0,47881.666666666664,1714.1567411801452,2026,4,15,4,DEFISIT
2026-04-13,Gorontalo,Cabai Merah Keriting,49400.0,44707.57575757576,4692.42424242424,10.5,-5600.0,54292.857142857145,48340.0,2603.1116910709925,2026,4,16,0,DEFISIT
2026-01-01,Jambi,Cabai Merah Keriting,40900.0,49296.969696969696,-8396.969696969696,-17.03,,40900.0,40900.0,,2026,1,1,3,SURPLUS
2026-01-02,Jambi,Cabai Merah Keriting,40650.0,49380.30303030303,-8730.303030303032,-17.68,-250.0,40775.0,40775.0,176.7766952966369,2026,1,1,4,SURPLUS
2026-01-05,Jambi,Cabai Merah Keriting,36900.0,48063.63636363636,-11163.63636363636,-23.23,-3750.0,39483.333333333336,39483.333333333336,2240.7216099581265,2026,1,2,0,SURPLUS
2026-01-06,Jambi,Cabai Merah Keriting,36500.0,47307.57575757576,-10807.57575757576,-22.85,-400.0,38737.5,38737.5,2360.5701994786496,2026,1,2,1,SURPLUS
2026-01-07,Jambi,Cabai Merah Keriting,33650.0,46007.57575757576,-12357.57575757576,-26.86,-2850.0,37720.0,37720.0,3058.7170513141623,2026,1,2,2,SURPLUS
2026-01-08,Jambi,Cabai Merah Keriting,31750.0,44760.606060606064,-13010.606060606064,-29.07,-1900.0,36725.0,36725.0,3663.9800763650455,2026,1,2,3,SURPLUS
2026-01-09,Jambi,Cabai Merah Keriting,28750.0,43928.78787878788,-15178.78787878788,-34.55,-3000.0,35585.71428571428,35585.71428571428,4502.565406309523,2026,1,2,4,SURPLUS
2026-01-12,Jambi,Cabai Merah Keriting,31400.0,42260.606060606064,-10860.606060606064,-25.7,2650.0,34228.57142857143,35062.5,4041.95261629586,2026,1,3,0,SURPLUS
2026-01-13,Jambi,Cabai Merah Keriting,29250.0,41421.21212121212,-12171.21212121212,-29.38,-2150.0,32600.0,34416.666666666664,3240.6275112494263,2026,1,3,1,SURPLUS
2026-01-14,Jambi,Cabai Merah Keriting,29400.0,41259.09090909091,-11859.090909090912,-28.74,150.0,31528.571428571428,33915.0,2790.58792235273,2026,1,3,2,SURPLUS
2026-01-15,Jambi,Cabai Merah Keriting,28150.0,40803.030303030304,-12653.030303030304,-31.01,-1250.0,30335.714285714286,33390.90909090909,1977.522500022489,2026,1,3,3,SURPLUS
2026-01-16,Jambi,Cabai Merah Keriting,28150.0,40739.393939393936,-12589.393939393936,-30.9,0.0,29550.0,32954.166666666664,1468.275632615783,2026,1,3,4,SURPLUS
2026-01-19,Jambi,Cabai Merah Keriting,29000.0,40203.030303030304,-11203.030303030304,-27.87,850.0,29157.14285714286,32650.0,1104.3205193800154,2026,1,4,0,SURPLUS
2026-01-20,Jambi,Cabai Merah Keriting,28500.0,39850.0,-11350.0,-28.48,-500.0,29121.428571428572,32353.571428571428,1123.5572759681143,2026,1,4,1,SURPLUS
2026-01-21,Jambi,Cabai Merah Keriting,28500.0,39424.242424242424,-10924.242424242424,-27.71,0.0,28707.14285714286,32096.666666666668,511.06797609555576,2026,1,4,2,SURPLUS
2026-01-22,Jambi,Cabai Merah Keriting,28250.0,39283.333333333336,-11033.333333333336,-28.09,-250.0,28564.285714285714,31856.25,472.32958630088774,2026,1,4,3,SURPLUS
2026-01-23,Jambi,Cabai Merah Keriting,27900.0,39050.0,-11150.0,-28.55,-350.0,28350.0,31623.529411764706,355.9026084009424,2026,1,4,4,SURPLUS
2026-01-26,Jambi,Cabai Merah Keriting,28750.0,39381.818181818184,-10631.818181818184,-27.0,850.0,28435.714285714286,31463.88888888889,371.61167647850726,2026,1,5,0,SURPLUS
2026-01-27,Jambi,Cabai Merah Keriting,29900.0,39468.181818181816,-9568.181818181816,-24.24,1150.0,28685.714285714286,31381.57894736842,639.4752312861713,2026,1,5,1,SURPLUS
2026-01-28,Jambi,Cabai Merah Keriting,31500.0,39837.878787878784,-8337.878787878784,-20.93,1600.0,29042.85714285714,31387.5,1250.4760998077536,2026,1,5,2,SURPLUS
2026-01-29,Jambi,Cabai Merah Keriting,33650.0,39934.84848484849,-6284.848484848488,-15.74,2150.0,29778.571428571428,31495.238095238095,2102.5494728339277,2026,1,5,3,SURPLUS
2026-01-30,Jambi,Cabai Merah Keriting,30250.0,39937.878787878784,-9687.878787878784,-24.26,-3400.0,30028.571428571428,31438.636363636364,2027.900626850561,2026,1,5,4,SURPLUS
2026-02-02,Jambi,Cabai Merah Keriting,36400.0,40795.454545454544,-4395.454545454544,-10.77,6150.0,31192.85714285714,31654.347826086956,2961.3381788515426,2026,2,6,0,SURPLUS
2026-02-03,Jambi,Cabai Merah Keriting,36650.0,41516.666666666664,-4866.666666666664,-11.72,250.0,32442.85714285714,31862.5,3178.4991966110542,2026,2,6,1,SURPLUS
2026-02-04,Jambi,Cabai Merah Keriting,45150.0,42300.0,2850.0,6.74,8500.0,34785.71428571428,32394.0,5323.353758496164,2026,2,6,2,DEFISIT
2026-02-05,Jambi,Cabai Merah Keriting,45000.0,42734.84848484849,2265.1515151515123,5.3,-150.0,36942.857142857145,32878.846153846156,6026.568161858273,2026,2,6,3,DEFISIT
2026-02-06,Jambi,Cabai Merah Keriting,38150.0,42913.63636363636,-4763.63636363636,-11.1,-6850.0,37892.857142857145,33074.07407407407,5529.197392888394,2026,2,6,4,SURPLUS
2026-02-09,Jambi,Cabai Merah Keriting,37400.0,45203.030303030304,-7803.030303030304,-17.26,-750.0,38428.57142857143,33228.57142857143,5222.775215570831,2026,2,7,0,SURPLUS
2026-02-10,Jambi,Cabai Merah Keriting,38500.0,45727.27272727273,-7227.272727272728,-15.81,1100.0,39607.142857142855,33410.34482758621,3809.136885112401,2026,2,7,1,SURPLUS
2026-02-11,Jambi,Cabai Merah Keriting,49250.0,46425.757575757576,2824.242424242424,6.08,10750.0,41442.857142857145,33938.333333333336,4935.705671551991,2026,2,7,2,DEFISIT
2026-02-12,Jambi,Cabai Merah Keriting,43250.0,46254.545454545456,-3004.545454545456,-6.5,-6000.0,42385.71428571428,34016.666666666664,4476.579263764011,2026,2,7,3,SURPLUS
2026-02-13,Jambi,Cabai Merah Keriting,42500.0,46590.90909090909,-4090.9090909090883,-8.78,-750.0,42007.142857142855,34078.333333333336,4312.909745889716,2026,2,7,4,SURPLUS
2026-02-16,Jambi,Cabai Merah Keriting,42500.0,46657.57575757576,-4157.57575757576,-8.91,0.0,41650.0,34265.0,4123.105625617662,2026,2,8,0,SURPLUS
2026-02-17,Jambi,Cabai Merah Keriting,42500.0,46695.454545454544,-4195.454545454544,-8.98,0.0,42271.42857142857,34465.0,3824.6848609675417,2026,2,8,1,SURPLUS
2026-02-18,Jambi,Cabai Merah Keriting,41500.0,50175.757575757576,-8675.757575757576,-17.29,-1000.0,42857.142857142855,34726.666666666664,3220.5626541838674,2026,2,8,2,SURPLUS
2026-02-19,Jambi,Cabai Merah Keriting,44400.0,50419.69696969697,-6019.696969696968,-11.94,2900.0,43700.0,35148.333333333336,2603.0430909482398,2026,2,8,3,SURPLUS
2026-02-20,Jambi,Cabai Merah Keriting,54900.0,51990.90909090909,2909.0909090909117,5.6,10500.0,44507.142857142855,36020.0,4667.835737918647,2026,2,8,4,DEFISIT
2026-02-23,Jambi,Cabai Merah Keriting,38650.0,50343.93939393939,-11693.939393939392,-23.23,-16250.0,43850.0,36261.666666666664,5170.992812474864,2026,2,9,0,SURPLUS
2026-02-24,Jambi,Cabai Merah Keriting,32000.0,49315.15151515151,-17315.151515151512,-35.11,-6650.0,42350.0,36353.333333333336,6871.256556603507,2026,2,9,1,SURPLUS
2026-02-25,Jambi,Cabai Merah Keriting,31400.0,47557.57575757576,-16157.57575757576,-33.97,-600.0,40764.28571428572,36420.0,8016.270656489541,2026,2,9,2,SURPLUS
2026-02-26,Jambi,Cabai Merah Keriting,32500.0,46383.333333333336,-13883.333333333336,-29.93,1100.0,39335.71428571428,36565.0,8529.982135860264,2026,2,9,3,SURPLUS
2026-02-27,Jambi,Cabai Merah Keriting,32500.0,45580.30303030303,-13080.303030303032,-28.7,0.0,38050.0,36710.0,8822.650773246476,2026,2,9,4,SURPLUS
2026-03-02,Jambi,Cabai Merah Keriting,30500.0,44621.21212121212,-14121.21212121212,-31.65,-2000.0,36064.28571428572,36760.0,8718.883447519444,2026,3,10,0,SURPLUS
2026-03-03,Jambi,Cabai Merah Keriting,30000.0,44218.181818181816,-14218.181818181816,-32.15,-500.0,32507.14285714286,36810.0,2873.213730799898,2026,3,10,1,SURPLUS
2026-03-04,Jambi,Cabai Merah Keriting,29400.0,44030.30303030303,-14630.303030303032,-33.23,-600.0,31185.714285714286,36840.0,1240.1996767033718,2026,3,10,2,SURPLUS
2026-03-05,Jambi,Cabai Merah Keriting,29250.0,43909.09090909091,-14659.090909090912,-33.39,-150.0,30792.85714285714,36873.333333333336,1368.2192110636793,2026,3,10,3,SURPLUS
2026-03-06,Jambi,Cabai Merah Keriting,30750.0,43951.51515151515,-13201.515151515152,-30.04,1500.0,30700.0,36968.333333333336,1341.9513155600096,2026,3,10,4,SURPLUS
2026-03-09,Jambi,Cabai Merah Keriting,32000.0,43463.63636363636,-11463.63636363636,-26.38,1250.0,30628.571428571428,37076.666666666664,1239.5755802078088,2026,3,11,0,SURPLUS
2026-03-10,Jambi,Cabai Merah Keriting,30900.0,43716.666666666664,-12816.666666666664,-29.32,-1100.0,30400.0,37110.0,950.8767883730103,2026,3,11,1,SURPLUS
2026-03-11,Jambi,Cabai Merah Keriting,34400.0,44330.30303030303,-9930.303030303032,-22.4,3500.0,30957.14285714286,37206.666666666664,1790.8165203402946,2026,3,11,2,SURPLUS
2026-03-12,Jambi,Cabai Merah Keriting,42900.0,45590.90909090909,-2690.9090909090883,-5.9,8500.0,32800.0,37515.0,4781.648948497434,2026,3,11,3,SURPLUS
2026-03-13,Jambi,Cabai Merah Keriting,43400.0,47233.333333333336,-3833.3333333333358,-8.12,500.0,34800.0,37953.333333333336,5915.868490762788,2026,3,11,4,SURPLUS
2026-03-16,Jambi,Cabai Merah Keriting,40500.0,51990.90909090909,-11490.909090909088,-22.1,-2900.0,36407.142857142855,38090.0,5680.260305906512,2026,3,12,0,SURPLUS
2026-03-17,Jambi,Cabai Merah Keriting,43750.0,54706.06060606061,-10956.060606060608,-20.03,3250.0,38264.28571428572,38326.666666666664,5647.470988985125,2026,3,12,1,SURPLUS
2026-03-18,Jambi,Cabai Merah Keriting,43750.0,54866.666666666664,-11116.666666666664,-20.26,0.0,39942.857142857145,38280.0,5204.039182166474,2026,3,12,2,SURPLUS
2026-03-19,Jambi,Cabai Merah Keriting,43750.0,54840.90909090909,-11090.909090909088,-20.22,0.0,41778.57142857143,38238.333333333336,3455.0515122615907,2026,3,12,3,SURPLUS
2026-03-20,Jambi,Cabai Merah Keriting,43750.0,54828.78787878788,-11078.78787878788,-20.21,0.0,43114.28571428572,38425.0,1195.7265175457594,2026,3,12,4,SURPLUS
2026-03-23,Jambi,Cabai Merah Keriting,43750.0,54781.818181818184,-11031.818181818184,-20.14,0.0,43235.71428571428,38636.666666666664,1213.368000551405,2026,3,13,0,SURPLUS
2026-03-24,Jambi,Cabai Merah Keriting,43750.0,54672.72727272727,-10922.727272727272,-19.98,0.0,43285.71428571428,38811.666666666664,1228.3845372800747,2026,3,13,1,SURPLUS
2026-03-25,Jambi,Cabai Merah Keriting,33000.0,53190.90909090909,-20190.90909090909,-37.96,-10750.0,42214.28571428572,38270.0,4063.118084849193,2026,3,13,2,SURPLUS
2026-03-26,Jambi,Cabai Merah Keriting,29150.0,51804.545454545456,-22654.545454545456,-43.73,-3850.0,40128.57142857143,37800.0,6283.832239887347,2026,3,13,3,SURPLUS
2026-03-27,Jambi,Cabai Merah Keriting,27650.0,50731.818181818184,-23081.818181818184,-45.5,-1500.0,37828.57142857143,37305.0,7555.233128040962,2026,3,13,4,SURPLUS
2026-03-30,Jambi,Cabai Merah Keriting,29650.0,46140.90909090909,-16490.90909090909,-35.74,2000.0,35814.28571428572,36876.666666666664,7592.908659055625,2026,3,14,0,SURPLUS
2026-03-31,Jambi,Cabai Merah Keriting,31250.0,45778.78787878788,-14528.78787878788,-31.74,1600.0,34028.57142857143,36501.666666666664,6848.957167752932,2026,3,14,1,SURPLUS
2026-04-01,Jambi,Cabai Merah Keriting,28650.0,45198.48484848485,-16548.484848484848,-36.61,-2600.0,31871.428571428572,36073.333333333336,5527.194672922324,2026,4,14,2,SURPLUS
2026-04-02,Jambi,Cabai Merah Keriting,24150.0,44396.969696969696,-20246.969696969696,-45.6,-4500.0,29071.428571428572,35398.333333333336,2797.0009448897645,2026,4,14,3,SURPLUS
2026-04-03,Jambi,Cabai Merah Keriting,24150.0,44231.818181818184,-20081.818181818184,-45.4,0.0,27807.14285714286,34373.333333333336,2724.492088969444,2026,4,14,4,SURPLUS
2026-04-06,Jambi,Cabai Merah Keriting,26650.0,44618.181818181816,-17968.181818181816,-40.27,2500.0,27450.0,33973.333333333336,2682.660371099295,2026,4,15,0,SURPLUS
2026-04-07,Jambi,Cabai Merah Keriting,26750.0,44696.969696969696,-17946.969696969696,-40.15,100.0,27321.428571428572,33798.333333333336,2693.024499030949,2026,4,15,1,SURPLUS
2026-04-08,Jambi,Cabai Merah Keriting,25900.0,44775.757575757576,-18875.757575757576,-42.16,-850.0,26785.714285714286,33615.0,2520.038737419562,2026,4,15,2,SURPLUS
2026-04-09,Jambi,Cabai Merah Keriting,24150.0,45248.48484848485,-21098.484848484848,-46.63,-1750.0,25771.428571428572,33336.666666666664,1728.1630765201423,2026,4,15,3,SURPLUS
2026-04-10,Jambi,Cabai Merah Keriting,23500.0,44931.818181818184,-21431.818181818184,-47.7,-650.0,25035.714285714286,33036.666666666664,1354.2261891680125,2026,4,15,4,SURPLUS
2026-04-13,Jambi,Cabai Merah Keriting,23500.0,44707.57575757576,-21207.57575757576,-47.44,0.0,24942.85714285714,32803.333333333336,1444.3650771845819,2026,4,16,0,SURPLUS
2026-01-01,Jawa Barat,Cabai Merah Keriting,44800.0,49296.969696969696,-4496.969696969696,-9.12,,44800.0,44800.0,,2026,1,1,3,SURPLUS
2026-01-02,Jawa Barat,Cabai Merah Keriting,44400.0,49380.30303030303,-4980.303030303032,-10.09,-400.0,44600.0,44600.0,282.842712474619,2026,1,1,4,SURPLUS
2026-01-05,Jawa Barat,Cabai Merah Keriting,41650.0,48063.63636363636,-6413.63636363636,-13.34,-2750.0,43616.666666666664,43616.666666666664,1714.8858076657261,2026,1,2,0,SURPLUS
2026-01-06,Jawa Barat,Cabai Merah Keriting,40950.0,47307.57575757576,-6357.57575757576,-13.44,-700.0,42950.0,42950.0,1933.4770061558347,2026,1,2,1,SURPLUS
2026-01-07,Jawa Barat,Cabai Merah Keriting,40250.0,46007.57575757576,-5757.57575757576,-12.51,-700.0,42410.0,42410.0,2064.4006394108674,2026,1,2,2,SURPLUS
2026-01-08,Jawa Barat,Cabai Merah Keriting,40200.0,44760.606060606064,-4560.606060606064,-10.19,-50.0,42041.666666666664,42041.666666666664,2055.0952938164846,2026,1,2,3,SURPLUS
2026-01-09,Jawa Barat,Cabai Merah Keriting,39750.0,43928.78787878788,-4178.78787878788,-9.51,-450.0,41714.28571428572,41714.28571428572,2066.3402199932857,2026,1,2,4,SURPLUS
2026-01-12,Jawa Barat,Cabai Merah Keriting,39450.0,42260.606060606064,-2810.6060606060637,-6.65,-300.0,40950.0,41431.25,1689.9211026948326,2026,1,3,0,SURPLUS
2026-01-13,Jawa Barat,Cabai Merah Keriting,39100.0,41421.21212121212,-2321.21212121212,-5.6,-350.0,40192.857142857145,41172.22222222222,879.5967690882281,2026,1,3,1,SURPLUS
2026-01-14,Jawa Barat,Cabai Merah Keriting,38250.0,41259.09090909091,-3009.0909090909117,-7.29,-850.0,39707.142857142855,40880.0,879.5967690882238,2026,1,3,2,SURPLUS
2026-01-15,Jawa Barat,Cabai Merah Keriting,37950.0,40803.030303030304,-2853.030303030304,-6.99,-300.0,39278.57142857143,40613.63636363636,903.630244650749,2026,1,3,3,SURPLUS
2026-01-16,Jawa Barat,Cabai Merah Keriting,37950.0,40739.393939393936,-2789.3939393939363,-6.85,0.0,38950.0,40391.666666666664,909.6702699329808,2026,1,3,4,SURPLUS
2026-01-19,Jawa Barat,Cabai Merah Keriting,37950.0,40203.030303030304,-2253.030303030304,-5.6,0.0,38628.57142857143,40203.846153846156,783.0799995621245,2026,1,4,0,SURPLUS
2026-01-20,Jawa Barat,Cabai Merah Keriting,38400.0,39850.0,-1450.0,-3.64,450.0,38435.71428571428,40075.0,607.3949056655774,2026,1,4,1,NORMAL
2026-01-21,Jawa Barat,Cabai Merah Keriting,37950.0,39424.242424242424,-1474.242424242424,-3.74,-450.0,38221.42857142857,39933.333333333336,428.03537904500394,2026,1,4,2,NORMAL
2026-01-22,Jawa Barat,Cabai Merah Keriting,37650.0,39283.333333333336,-1633.3333333333358,-4.16,-300.0,38014.28571428572,39790.625,242.75207811361062,2026,1,4,3,NORMAL
2026-01-23,Jawa Barat,Cabai Merah Keriting,37400.0,39050.0,-1650.0,-4.23,-250.0,37892.857142857145,39650.0,308.7995188743703,2026,1,4,4,NORMAL
2026-01-26,Jawa Barat,Cabai Merah Keriting,38400.0,39381.818181818184,-981.8181818181838,-2.49,1000.0,37957.142857142855,39580.555555555555,364.4957377762393,2026,1,5,0,NORMAL
2026-01-27,Jawa Barat,Cabai Merah Keriting,38450.0,39468.181818181816,-1018.1818181818162,-2.58,50.0,38028.57142857143,39521.05263157895,409.12217292742423,2026,1,5,1,NORMAL
2026-01-28,Jawa Barat,Cabai Merah Keriting,38950.0,39837.878787878784,-887.8787878787844,-2.23,500.0,38171.42857142857,39492.5,532.9611796815304,2026,1,5,2,NORMAL
2026-01-29,Jawa Barat,Cabai Merah Keriting,39850.0,39934.84848484849,-84.84848484848771,-0.21,900.0,38378.57142857143,39509.52380952381,833.5951969516558,2026,1,5,3,NORMAL
2026-01-30,Jawa Barat,Cabai Merah Keriting,39900.0,39937.878787878784,-37.87878787878435,-0.09,50.0,38657.142857142855,39527.27272727273,979.5528620364164,2026,1,5,4,NORMAL
2026-02-02,Jawa Barat,Cabai Merah Keriting,40150.0,40795.454545454544,-645.4545454545441,-1.58,250.0,39014.28571428572,39554.34782608696,1006.5263226042192,2026,2,6,0,NORMAL
2026-02-03,Jawa Barat,Cabai Merah Keriting,39900.0,41516.666666666664,-1616.6666666666642,-3.89,-250.0,39371.42857142857,39568.75,748.8085774844126,2026,2,6,1,NORMAL
2026-02-04,Jawa Barat,Cabai Merah Keriting,40100.0,42300.0,-2200.0,-5.2,200.0,39614.28571428572,39590.0,650.4577143021604,2026,2,6,2,SURPLUS
2026-02-05,Jawa Barat,Cabai Merah Keriting,40350.0,42734.84848484849,-2384.8484848484877,-5.58,250.0,39885.71428571428,39619.230769230766,448.8079449258172,2026,2,6,3,SURPLUS
2026-02-06,Jawa Barat,Cabai Merah Keriting,41400.0,42913.63636363636,-1513.6363636363603,-3.53,1050.0,40235.71428571428,39685.18518518518,542.9197958832266,2026,2,6,4,NORMAL
2026-02-09,Jawa Barat,Cabai Merah Keriting,43550.0,45203.030303030304,-1653.030303030304,-3.66,2150.0,40764.28571428572,39823.21428571428,1332.2019009001253,2026,2,7,0,NORMAL
2026-02-10,Jawa Barat,Cabai Merah Keriting,44150.0,45727.27272727273,-1577.272727272728,-3.45,600.0,41371.42857142857,39972.41379310345,1769.3824588579798,2026,2,7,1,NORMAL
2026-02-11,Jawa Barat,Cabai Merah Keriting,44400.0,46425.757575757576,-2025.757575757576,-4.36,250.0,41978.57142857143,40120.0,1995.172745832884,2026,2,7,2,NORMAL
2026-02-12,Jawa Barat,Cabai Merah Keriting,45050.0,46254.545454545456,-1204.5454545454559,-2.6,650.0,42714.28571428572,40128.333333333336,2049.738659299921,2026,2,7,3,NORMAL
2026-02-13,Jawa Barat,Cabai Merah Keriting,45700.0,46590.90909090909,-890.9090909090883,-1.91,650.0,43514.28571428572,40171.666666666664,1949.725255370269,2026,2,7,4,NORMAL
2026-02-16,Jawa Barat,Cabai Merah Keriting,45700.0,46657.57575757576,-957.5757575757598,-2.05,0.0,44278.57142857143,40306.666666666664,1499.1267299268125,2026,2,8,0,NORMAL
2026-02-17,Jawa Barat,Cabai Merah Keriting,45700.0,46695.454545454544,-995.4545454545441,-2.13,0.0,44892.857142857145,40465.0,873.4169352933699,2026,2,8,1,NORMAL
2026-02-18,Jawa Barat,Cabai Merah Keriting,52900.0,50175.757575757576,2724.242424242424,5.43,7200.0,46228.57142857143,40886.666666666664,3011.0708425820512,2026,2,8,2,DEFISIT
2026-02-19,Jawa Barat,Cabai Merah Keriting,53300.0,50419.69696969697,2880.303030303032,5.71,400.0,47535.71428571428,41323.333333333336,3832.3963658215353,2026,2,8,3,DEFISIT
2026-02-20,Jawa Barat,Cabai Merah Keriting,54850.0,51990.90909090909,2859.0909090909117,5.5,1550.0,49028.57142857143,41826.666666666664,4400.554618724916,2026,2,8,4,DEFISIT
2026-02-23,Jawa Barat,Cabai Merah Keriting,53050.0,50343.93939393939,2706.060606060608,5.38,-1800.0,50171.42857142857,42280.0,4230.628119524871,2026,2,9,0,DEFISIT
2026-02-24,Jawa Barat,Cabai Merah Keriting,52450.0,49315.15151515151,3134.8484848484877,6.36,-600.0,51135.71428571428,42725.0,3787.6679595007863,2026,2,9,1,DEFISIT
2026-02-25,Jawa Barat,Cabai Merah Keriting,48400.0,47557.57575757576,842.4242424242402,1.77,-4050.0,51521.42857142857,43063.333333333336,3239.708981639335,2026,2,9,2,NORMAL
2026-02-26,Jawa Barat,Cabai Merah Keriting,46400.0,46383.333333333336,16.66666666666424,0.04,-2000.0,51621.42857142857,43345.0,3034.3666476517374,2026,2,9,3,NORMAL
2026-02-27,Jawa Barat,Cabai Merah Keriting,45150.0,45580.30303030303,-430.30303030303185,-0.94,-1250.0,50514.28571428572,43585.0,3805.8851670488148,2026,2,9,4,NORMAL
2026-03-02,Jawa Barat,Cabai Merah Keriting,43550.0,44621.21212121212,-1071.21212121212,-2.4,-1600.0,49121.42857142857,43771.666666666664,4360.223345087712,2026,3,10,0,NORMAL
2026-03-03,Jawa Barat,Cabai Merah Keriting,42850.0,44218.181818181816,-1368.1818181818162,-3.09,-700.0,47407.142857142855,43920.0,4082.730762148137,2026,3,10,1,NORMAL
2026-03-04,Jawa Barat,Cabai Merah Keriting,42350.0,44030.30303030303,-1680.3030303030318,-3.82,-500.0,45878.57142857143,44066.666666666664,3591.4083986250416,2026,3,10,2,NORMAL
2026-03-05,Jawa Barat,Cabai Merah Keriting,42400.0,43909.09090909091,-1509.0909090909117,-3.44,50.0,44442.857142857145,44225.0,2304.963588184705,2026,3,10,3,NORMAL
2026-03-06,Jawa Barat,Cabai Merah Keriting,42350.0,43951.51515151515,-1601.515151515152,-3.64,-50.0,43578.57142857143,44390.0,1600.483557881106,2026,3,10,4,NORMAL
2026-03-09,Jawa Barat,Cabai Merah Keriting,42550.0,43463.63636363636,-913.6363636363603,-2.1,200.0,43028.57142857143,44528.333333333336,1028.6954290335007,2026,3,11,0,NORMAL
2026-03-10,Jawa Barat,Cabai Merah Keriting,43600.0,43716.666666666664,-116.66666666666424,-0.27,1050.0,42807.142857142855,44700.0,552.5912982098721,2026,3,11,1,NORMAL
2026-03-11,Jawa Barat,Cabai Merah Keriting,45950.0,44330.30303030303,1619.6969696969682,3.65,2350.0,43150.0,44933.333333333336,1312.4404748407205,2026,3,11,2,NORMAL
2026-03-12,Jawa Barat,Cabai Merah Keriting,47700.0,45590.90909090909,2109.0909090909117,4.63,1750.0,43842.857142857145,45195.0,2144.2614446138064,2026,3,11,3,NORMAL
2026-03-13,Jawa Barat,Cabai Merah Keriting,50550.0,47233.333333333336,3316.6666666666642,7.02,2850.0,45014.28571428572,45550.0,3181.681196803886,2026,3,11,4,DEFISIT
2026-03-16,Jawa Barat,Cabai Merah Keriting,53150.0,51990.90909090909,1159.0909090909117,2.23,2600.0,46550.0,45983.333333333336,4155.017047698708,2026,3,12,0,NORMAL
2026-03-17,Jawa Barat,Cabai Merah Keriting,55000.0,54706.06060606061,293.9393939393922,0.54,1850.0,48357.142857142855,46486.666666666664,4734.3979352737215,2026,3,12,1,NORMAL
2026-03-18,Jawa Barat,Cabai Merah Keriting,55000.0,54866.666666666664,133.33333333333576,0.24,0.0,50135.71428571428,46983.333333333336,4523.062594978711,2026,3,12,2,NORMAL
2026-03-19,Jawa Barat,Cabai Merah Keriting,55000.0,54840.90909090909,159.09090909091174,0.29,0.0,51764.28571428572,47471.666666666664,3766.708807181091,2026,3,12,3,NORMAL
2026-03-20,Jawa Barat,Cabai Merah Keriting,55000.0,54828.78787878788,171.2121212121201,0.31,0.0,53057.142857142855,47925.0,2889.410056774716,2026,3,12,4,NORMAL
2026-03-23,Jawa Barat,Cabai Merah Keriting,55000.0,54781.818181818184,218.1818181818162,0.4,0.0,54100.0,48306.666666666664,1710.5067475265191,2026,3,13,0,NORMAL
2026-03-24,Jawa Barat,Cabai Merah Keriting,55000.0,54672.72727272727,327.27272727272793,0.6,0.0,54735.71428571428,48668.333333333336,699.2342750673846,2026,3,13,1,NORMAL
2026-03-25,Jawa Barat,Cabai Merah Keriting,53500.0,53190.90909090909,309.09090909091174,0.58,-1500.0,54785.71428571428,48971.666666666664,566.9467095142304,2026,3,13,2,NORMAL
2026-03-26,Jawa Barat,Cabai Merah Keriting,50300.0,51804.545454545456,-1504.5454545454559,-2.9,-3200.0,54114.28571428572,49146.666666666664,1772.407563578136,2026,3,13,3,NORMAL
2026-03-27,Jawa Barat,Cabai Merah Keriting,45750.0,50731.818181818184,-4981.818181818184,-9.82,-4550.0,52792.857142857145,49148.333333333336,3554.390310051898,2026,3,13,4,SURPLUS
2026-03-30,Jawa Barat,Cabai Merah Keriting,43000.0,46140.90909090909,-3140.9090909090883,-6.81,-2750.0,51078.57142857143,49058.333333333336,4937.261145518626,2026,3,14,0,SURPLUS
2026-03-31,Jawa Barat,Cabai Merah Keriting,43700.0,45778.78787878788,-2078.78787878788,-4.54,700.0,49464.28571428572,48991.666666666664,5277.050492913834,2026,3,14,1,NORMAL
2026-04-01,Jawa Barat,Cabai Merah Keriting,42750.0,45198.48484848485,-2448.484848484848,-5.42,-950.0,47714.28571428572,48653.333333333336,5165.326247014358,2026,4,14,2,SURPLUS
2026-04-02,Jawa Barat,Cabai Merah Keriting,42250.0,44396.969696969696,-2146.969696969696,-4.84,-500.0,45892.857142857145,48285.0,4351.956319808823,2026,4,14,3,NORMAL
2026-04-03,Jawa Barat,Cabai Merah Keriting,42250.0,44231.818181818184,-1981.8181818181838,-4.48,0.0,44285.71428571428,47865.0,2914.2915499474884,2026,4,14,4,NORMAL
2026-04-06,Jawa Barat,Cabai Merah Keriting,41950.0,44618.181818181816,-2668.181818181816,-5.98,-300.0,43092.857142857145,47495.0,1309.080011378427,2026,4,15,0,SURPLUS
2026-04-07,Jawa Barat,Cabai Merah Keriting,42600.0,44696.969696969696,-2096.969696969696,-4.69,650.0,42642.857142857145,47166.666666666664,584.1151223778828,2026,4,15,1,NORMAL
2026-04-08,Jawa Barat,Cabai Merah Keriting,42950.0,44775.757575757576,-1825.757575757576,-4.08,350.0,42635.71428571428,46985.0,579.3058243236388,2026,4,15,2,NORMAL
2026-04-09,Jawa Barat,Cabai Merah Keriting,42850.0,45248.48484848485,-2398.484848484848,-5.3,-100.0,42514.28571428572,46866.666666666664,370.48873769921056,2026,4,15,3,SURPLUS
2026-04-10,Jawa Barat,Cabai Merah Keriting,43000.0,44931.818181818184,-1931.8181818181838,-4.3,150.0,42550.0,46795.0,407.22639076241643,2026,4,15,4,NORMAL
2026-04-13,Jawa Barat,Cabai Merah Keriting,45000.0,44707.57575757576,292.4242424242402,0.65,2000.0,42942.857142857145,46843.333333333336,985.4899675747788,2026,4,16,0,NORMAL
2026-01-01,Jawa Tengah,Cabai Merah Keriting,38400.0,49296.969696969696,-10896.969696969696,-22.1,,38400.0,38400.0,,2026,1,1,3,SURPLUS
2026-01-02,Jawa Tengah,Cabai Merah Keriting,38250.0,49380.30303030303,-11130.303030303032,-22.54,-150.0,38325.0,38325.0,106.06601717798213,2026,1,1,4,SURPLUS
2026-01-05,Jawa Tengah,Cabai Merah Keriting,35800.0,48063.63636363636,-12263.63636363636,-25.52,-2450.0,37483.333333333336,37483.333333333336,1459.7374193098346,2026,1,2,0,SURPLUS
2026-01-06,Jawa Tengah,Cabai Merah Keriting,36000.0,47307.57575757576,-11307.57575757576,-23.9,200.0,37112.5,37112.5,1403.7895141366469,2026,1,2,1,SURPLUS
2026-01-07,Jawa Tengah,Cabai Merah Keriting,35400.0,46007.57575757576,-10607.57575757576,-23.06,-600.0,36770.0,36770.0,1436.8368035375493,2026,1,2,2,SURPLUS
2026-01-08,Jawa Tengah,Cabai Merah Keriting,35150.0,44760.606060606064,-9610.606060606064,-21.47,-250.0,36500.0,36500.0,1445.337330867781,2026,1,2,3,SURPLUS
2026-01-09,Jawa Tengah,Cabai Merah Keriting,34500.0,43928.78787878788,-9428.78787878788,-21.46,-650.0,36214.28571428572,36214.28571428572,1520.6123453273378,2026,1,2,4,SURPLUS
2026-01-12,Jawa Tengah,Cabai Merah Keriting,29900.0,42260.606060606064,-12360.606060606064,-29.25,-4600.0,35000.0,35425.0,2537.879692446696,2026,1,3,0,SURPLUS
2026-01-13,Jawa Tengah,Cabai Merah Keriting,29400.0,41421.21212121212,-12021.21212121212,-29.02,-500.0,33735.71428571428,34755.555555555555,2835.8882038546435,2026,1,3,1,SURPLUS
2026-01-14,Jawa Tengah,Cabai Merah Keriting,29250.0,41259.09090909091,-12009.090909090912,-29.11,-150.0,32800.0,34205.0,3108.724282831575,2026,1,3,2,SURPLUS
2026-01-15,Jawa Tengah,Cabai Merah Keriting,28900.0,40803.030303030304,-11903.030303030304,-29.17,-350.0,31785.714285714286,33722.72727272727,3048.3211616825984,2026,1,3,3,SURPLUS
2026-01-16,Jawa Tengah,Cabai Merah Keriting,29050.0,40739.393939393936,-11689.393939393936,-28.69,150.0,30878.571428571428,33333.333333333336,2720.73169430229,2026,1,3,4,SURPLUS
2026-01-19,Jawa Tengah,Cabai Merah Keriting,29700.0,40203.030303030304,-10503.030303030304,-26.12,650.0,30100.0,33053.846153846156,1971.2517173951705,2026,1,4,0,SURPLUS
2026-01-20,Jawa Tengah,Cabai Merah Keriting,30050.0,39850.0,-9800.0,-24.59,350.0,29464.285714285714,32839.28571428572,433.6994790120572,2026,1,4,1,SURPLUS
2026-01-21,Jawa Tengah,Cabai Merah Keriting,30050.0,39424.242424242424,-9374.242424242424,-23.78,0.0,29485.714285714286,32653.333333333332,461.622397740111,2026,1,4,2,SURPLUS
2026-01-22,Jawa Tengah,Cabai Merah Keriting,29800.0,39283.333333333336,-9483.333333333336,-24.14,-250.0,29542.85714285714,32475.0,473.839434327599,2026,1,4,3,SURPLUS
2026-01-23,Jawa Tengah,Cabai Merah Keriting,29800.0,39050.0,-9250.0,-23.69,0.0,29621.428571428572,32317.647058823528,462.65280615998233,2026,1,4,4,SURPLUS
2026-01-26,Jawa Tengah,Cabai Merah Keriting,29850.0,39381.818181818184,-9531.818181818184,-24.2,50.0,29757.14285714286,32180.555555555555,338.4136662782594,2026,1,5,0,SURPLUS
2026-01-27,Jawa Tengah,Cabai Merah Keriting,30400.0,39468.181818181816,-9068.181818181816,-22.98,550.0,29950.0,32086.842105263157,238.04761428492833,2026,1,5,1,SURPLUS
2026-01-28,Jawa Tengah,Cabai Merah Keriting,30600.0,39837.878787878784,-9237.878787878784,-23.19,200.0,30078.571428571428,32012.5,312.0592129404749,2026,1,5,2,SURPLUS
2026-01-29,Jawa Tengah,Cabai Merah Keriting,30900.0,39934.84848484849,-9034.848484848488,-22.62,300.0,30200.0,31959.52380952381,438.7482193696905,2026,1,5,3,SURPLUS
2026-01-30,Jawa Tengah,Cabai Merah Keriting,31150.0,39937.878787878784,-8787.878787878784,-22.0,250.0,30357.14285714286,31922.727272727272,557.0970677155057,2026,1,5,4,SURPLUS
2026-02-02,Jawa Tengah,Cabai Merah Keriting,32050.0,40795.454545454544,-8745.454545454544,-21.44,900.0,30678.571428571428,31928.260869565216,784.6746368491549,2026,2,6,0,SURPLUS
2026-02-03,Jawa Tengah,Cabai Merah Keriting,32500.0,41516.666666666664,-9016.666666666664,-21.72,450.0,31064.285714285714,31952.083333333332,930.8214498112046,2026,2,6,1,SURPLUS
2026-02-04,Jawa Tengah,Cabai Merah Keriting,33100.0,42300.0,-9200.0,-21.75,600.0,31528.571428571428,31998.0,1029.5051978406939,2026,2,6,2,SURPLUS
2026-02-05,Jawa Tengah,Cabai Merah Keriting,34250.0,42734.84848484849,-8484.848484848488,-19.85,1150.0,32078.571428571428,32084.615384615383,1314.932553041282,2026,2,6,3,SURPLUS
2026-02-06,Jawa Tengah,Cabai Merah Keriting,35150.0,42913.63636363636,-7763.63636363636,-18.09,900.0,32728.571428571428,32198.14814814815,1563.3450096020567,2026,2,6,4,SURPLUS
2026-02-09,Jawa Tengah,Cabai Merah Keriting,36900.0,45203.030303030304,-8303.030303030304,-18.37,1750.0,33585.71428571428,32366.071428571428,1982.3627076702999,2026,2,7,0,SURPLUS
2026-02-10,Jawa Tengah,Cabai Merah Keriting,38350.0,45727.27272727273,-7377.272727272728,-16.13,1450.0,34614.28571428572,32572.41379310345,2343.0240939354203,2026,2,7,1,SURPLUS
2026-02-11,Jawa Tengah,Cabai Merah Keriting,39350.0,46425.757575757576,-7075.757575757576,-15.24,1000.0,35657.142857142855,32798.333333333336,2619.705545067443,2026,2,7,2,SURPLUS
2026-02-12,Jawa Tengah,Cabai Merah Keriting,40400.0,46254.545454545456,-5854.545454545456,-12.66,1050.0,36785.71428571428,32865.0,2732.171646284661,2026,2,7,3,SURPLUS
2026-02-13,Jawa Tengah,Cabai Merah Keriting,40900.0,46590.90909090909,-5690.909090909088,-12.21,500.0,37900.0,32953.333333333336,2563.851269737235,2026,2,7,4,SURPLUS
2026-02-16,Jawa Tengah,Cabai Merah Keriting,40900.0,46657.57575757576,-5757.57575757576,-12.34,0.0,38850.0,33123.333333333336,2190.8902300206337,2026,2,8,0,SURPLUS
2026-02-17,Jawa Tengah,Cabai Merah Keriting,40900.0,46695.454545454544,-5795.454545454544,-12.41,0.0,39671.42857142857,33286.666666666664,1559.3420468413767,2026,2,8,1,SURPLUS
2026-02-18,Jawa Tengah,Cabai Merah Keriting,41550.0,50175.757575757576,-8625.757575757576,-17.19,650.0,40335.71428571428,33491.666666666664,1106.6896153672526,2026,2,8,2,SURPLUS
2026-02-19,Jawa Tengah,Cabai Merah Keriting,43000.0,50419.69696969697,-7419.696969696968,-14.72,1450.0,41000.0,33753.333333333336,1111.680409710062,2026,2,8,3,SURPLUS
2026-02-20,Jawa Tengah,Cabai Merah Keriting,46550.0,51990.90909090909,-5440.909090909088,-10.47,3550.0,42028.57142857143,34155.0,2163.6884292909185,2026,2,8,4,SURPLUS
2026-02-23,Jawa Tengah,Cabai Merah Keriting,41150.0,50343.93939393939,-9193.939393939392,-18.26,-5400.0,42135.71428571428,34530.0,2086.8066285024315,2026,2,9,0,SURPLUS
2026-02-24,Jawa Tengah,Cabai Merah Keriting,38900.0,49315.15151515151,-10415.151515151512,-21.12,-2250.0,41850.0,34846.666666666664,2397.9157616563148,2026,2,9,1,SURPLUS
2026-02-25,Jawa Tengah,Cabai Merah Keriting,36550.0,47557.57575757576,-11007.57575757576,-23.15,-2350.0,41228.57142857143,35090.0,3135.396990129652,2026,2,9,2,SURPLUS
2026-02-26,Jawa Tengah,Cabai Merah Keriting,35250.0,46383.333333333336,-11133.333333333336,-24.0,-1300.0,40421.42857142857,35301.666666666664,3874.2587616705164,2026,2,9,3,SURPLUS
2026-02-27,Jawa Tengah,Cabai Merah Keriting,35000.0,45580.30303030303,-10580.303030303032,-23.21,-250.0,39485.71428571428,35500.0,4321.430539157344,2026,2,9,4,SURPLUS
2026-03-02,Jawa Tengah,Cabai Merah Keriting,35650.0,44621.21212121212,-8971.21212121212,-20.11,650.0,38435.71428571428,35698.333333333336,4216.901932077833,2026,3,10,0,SURPLUS
2026-03-03,Jawa Tengah,Cabai Merah Keriting,35150.0,44218.181818181816,-9068.181818181816,-20.51,-500.0,36807.142857142855,35868.333333333336,2348.124885135024,2026,3,10,1,SURPLUS
2026-03-04,Jawa Tengah,Cabai Merah Keriting,35850.0,44030.30303030303,-8180.303030303032,-18.58,700.0,36050.0,36061.666666666664,1361.677886530648,2026,3,10,2,SURPLUS
2026-03-05,Jawa Tengah,Cabai Merah Keriting,35600.0,43909.09090909091,-8309.090909090912,-18.92,-250.0,35578.57142857143,36255.0,524.2909043468767,2026,3,10,3,SURPLUS
2026-03-06,Jawa Tengah,Cabai Merah Keriting,35750.0,43951.51515151515,-8201.515151515152,-18.66,150.0,35464.28571428572,36453.333333333336,327.508633110365,2026,3,10,4,SURPLUS
2026-03-09,Jawa Tengah,Cabai Merah Keriting,35500.0,43463.63636363636,-7963.63636363636,-18.32,-250.0,35500.0,36641.666666666664,313.5814620369771,2026,3,11,0,SURPLUS
2026-03-10,Jawa Tengah,Cabai Merah Keriting,35800.0,43716.666666666664,-7916.666666666664,-18.11,300.0,35614.28571428572,36821.666666666664,237.54698783290397,2026,3,11,1,SURPLUS
2026-03-11,Jawa Tengah,Cabai Merah Keriting,36900.0,44330.30303030303,-7430.303030303032,-16.76,1100.0,35792.857142857145,37031.666666666664,542.700478647037,2026,3,11,2,SURPLUS
2026-03-12,Jawa Tengah,Cabai Merah Keriting,39250.0,45590.90909090909,-6340.909090909088,-13.91,2350.0,36378.57142857143,37310.0,1348.1027232302688,2026,3,11,3,SURPLUS
2026-03-13,Jawa Tengah,Cabai Merah Keriting,41150.0,47233.333333333336,-6083.333333333336,-12.88,1900.0,37135.71428571428,37643.333333333336,2212.7875115854413,2026,3,11,4,SURPLUS
2026-03-16,Jawa Tengah,Cabai Merah Keriting,42150.0,51990.90909090909,-9840.909090909088,-18.93,1000.0,38071.42857142857,37980.0,2769.9063075094928,2026,3,12,0,SURPLUS
2026-03-17,Jawa Tengah,Cabai Merah Keriting,48750.0,54706.06060606061,-5956.060606060608,-10.89,6600.0,39928.57142857143,38521.666666666664,4664.302122045076,2026,3,12,1,SURPLUS
2026-03-18,Jawa Tengah,Cabai Merah Keriting,49250.0,54866.666666666664,-5616.666666666664,-10.24,500.0,41892.857142857145,39060.0,5335.449728891065,2026,3,12,2,SURPLUS
2026-03-19,Jawa Tengah,Cabai Merah Keriting,50150.0,54840.90909090909,-4690.909090909088,-8.55,900.0,43942.857142857145,39590.0,5361.003370905217,2026,3,12,3,SURPLUS
2026-03-20,Jawa Tengah,Cabai Merah Keriting,49050.0,54828.78787878788,-5778.78787878788,-10.54,-1100.0,45678.57142857143,40053.333333333336,4615.811335584923,2026,3,12,4,SURPLUS
2026-03-23,Jawa Tengah,Cabai Merah Keriting,49250.0,54781.818181818184,-5531.818181818184,-10.1,200.0,47107.142857142855,40465.0,3763.357163870731,2026,3,13,0,SURPLUS
2026-03-24,Jawa Tengah,Cabai Merah Keriting,49250.0,54672.72727272727,-5422.727272727272,-9.92,0.0,48264.28571428572,40828.333333333336,2729.7304942848496,2026,3,13,1,SURPLUS
2026-03-25,Jawa Tengah,Cabai Merah Keriting,38450.0,53190.90909090909,-14740.909090909088,-27.71,-10800.0,47735.71428571428,40798.333333333336,4116.806436802108,2026,3,13,2,SURPLUS
2026-03-26,Jawa Tengah,Cabai Merah Keriting,35000.0,51804.545454545456,-16804.545454545456,-32.44,-3450.0,45771.42857142857,40618.333333333336,6269.626327438843,2026,3,13,3,SURPLUS
2026-03-27,Jawa Tengah,Cabai Merah Keriting,35300.0,50731.818181818184,-15431.818181818184,-30.42,300.0,43778.57142857143,40431.666666666664,7136.750961446969,2026,3,13,4,SURPLUS
2026-03-30,Jawa Tengah,Cabai Merah Keriting,34300.0,46140.90909090909,-11840.909090909088,-25.66,-1000.0,41514.28571428572,40211.666666666664,7291.07412558409,2026,3,14,0,SURPLUS
2026-03-31,Jawa Tengah,Cabai Merah Keriting,35150.0,45778.78787878788,-10628.78787878788,-23.22,850.0,39528.57142857143,40020.0,6770.946336053339,2026,3,14,1,SURPLUS
2026-04-01,Jawa Tengah,Cabai Merah Keriting,34500.0,45198.48484848485,-10698.484848484848,-23.67,-650.0,37421.42857142857,39785.0,5397.133277865892,2026,4,14,2,SURPLUS
2026-04-02,Jawa Tengah,Cabai Merah Keriting,33850.0,44396.969696969696,-10546.969696969696,-23.76,-650.0,35221.42857142857,39480.0,1512.9598867938828,2026,4,14,3,SURPLUS
2026-04-03,Jawa Tengah,Cabai Merah Keriting,34150.0,44231.818181818184,-10081.818181818184,-22.79,300.0,34607.142857142855,39066.666666666664,550.3245795499785,2026,4,14,4,SURPLUS
2026-04-06,Jawa Tengah,Cabai Merah Keriting,35450.0,44618.181818181816,-9168.181818181816,-20.55,1300.0,34671.42857142857,38876.666666666664,625.071424490038,2026,4,15,0,SURPLUS
2026-04-07,Jawa Tengah,Cabai Merah Keriting,35700.0,44696.969696969696,-8996.969696969696,-20.13,250.0,34728.57142857143,38770.0,705.2524033143554,2026,4,15,1,SURPLUS
2026-04-08,Jawa Tengah,Cabai Merah Keriting,36650.0,44775.757575757576,-8125.757575757576,-18.15,950.0,35064.28571428572,38773.333333333336,974.9847373651393,2026,4,15,2,SURPLUS
2026-04-09,Jawa Tengah,Cabai Merah Keriting,36200.0,45248.48484848485,-9048.484848484848,-20.0,-450.0,35214.28571428572,38805.0,1066.8154658116716,2026,4,15,3,SURPLUS
2026-04-10,Jawa Tengah,Cabai Merah Keriting,36000.0,44931.818181818184,-8931.818181818184,-19.88,-200.0,35428.57142857143,38838.333333333336,1049.9433091270657,2026,4,15,4,SURPLUS
2026-04-13,Jawa Tengah,Cabai Merah Keriting,34800.0,44707.57575757576,-9907.57575757576,-22.16,-1200.0,35564.28571428572,38810.0,855.2359741196078,2026,4,16,0,SURPLUS
2026-01-01,Jawa Timur,Cabai Merah Keriting,36900.0,49296.969696969696,-12396.969696969696,-25.15,,36900.0,36900.0,,2026,1,1,3,SURPLUS
2026-01-02,Jawa Timur,Cabai Merah Keriting,37000.0,49380.30303030303,-12380.303030303032,-25.07,100.0,36950.0,36950.0,70.71067811865476,2026,1,1,4,SURPLUS
2026-01-05,Jawa Timur,Cabai Merah Keriting,35150.0,48063.63636363636,-12913.63636363636,-26.87,-1850.0,36350.0,36350.0,1040.4326023342405,2026,1,2,0,SURPLUS
2026-01-06,Jawa Timur,Cabai Merah Keriting,36100.0,47307.57575757576,-11207.57575757576,-23.69,950.0,36287.5,36287.5,858.6568969423507,2026,1,2,1,SURPLUS
2026-01-07,Jawa Timur,Cabai Merah Keriting,35300.0,46007.57575757576,-10707.57575757576,-23.27,-800.0,36090.0,36090.0,864.8699324175861,2026,1,2,2,SURPLUS
2026-01-08,Jawa Timur,Cabai Merah Keriting,34150.0,44760.606060606064,-10610.606060606064,-23.71,-1150.0,35766.666666666664,35766.666666666664,1107.0983093956315,2026,1,2,3,SURPLUS
2026-01-09,Jawa Timur,Cabai Merah Keriting,34400.0,43928.78787878788,-9528.78787878788,-21.69,250.0,35571.42857142857,35571.42857142857,1134.9952800405315,2026,1,2,4,SURPLUS
2026-01-12,Jawa Timur,Cabai Merah Keriting,29400.0,42260.606060606064,-12860.606060606064,-30.43,-5000.0,34500.0,34800.0,2450.0,2026,1,3,0,SURPLUS
2026-01-13,Jawa Timur,Cabai Merah Keriting,29300.0,41421.21212121212,-12121.21212121212,-29.26,-100.0,33400.0,34188.88888888889,2838.27999558418,2026,1,3,1,SURPLUS
2026-01-14,Jawa Timur,Cabai Merah Keriting,28450.0,41259.09090909091,-12809.090909090912,-31.05,-850.0,32442.85714285714,33615.0,3249.6703129482453,2026,1,3,2,SURPLUS
2026-01-15,Jawa Timur,Cabai Merah Keriting,27950.0,40803.030303030304,-12853.030303030304,-31.5,-500.0,31278.571428571428,33100.0,3180.2590490473617,2026,1,3,3,SURPLUS
2026-01-16,Jawa Timur,Cabai Merah Keriting,26200.0,40739.393939393936,-14539.393939393936,-35.69,-1750.0,29978.571428571428,32525.0,3121.8126602527423,2026,1,3,4,SURPLUS
2026-01-19,Jawa Timur,Cabai Merah Keriting,28900.0,40203.030303030304,-11303.030303030304,-28.11,2700.0,29228.571428571428,32246.153846153848,2526.502381893654,2026,1,4,0,SURPLUS
2026-01-20,Jawa Timur,Cabai Merah Keriting,29450.0,39850.0,-10400.0,-26.1,550.0,28521.428571428572,32046.428571428572,1162.2023428449593,2026,1,4,1,SURPLUS
2026-01-21,Jawa Timur,Cabai Merah Keriting,28550.0,39424.242424242424,-10874.242424242424,-27.58,-900.0,28400.0,31813.333333333332,1097.7249200050203,2026,1,4,2,SURPLUS
2026-01-22,Jawa Timur,Cabai Merah Keriting,29500.0,39283.333333333336,-9783.333333333336,-24.9,950.0,28428.571428571428,31668.75,1127.2596354497546,2026,1,4,3,SURPLUS
2026-01-23,Jawa Timur,Cabai Merah Keriting,28900.0,39050.0,-10150.0,-25.99,-600.0,28492.85714285714,31505.882352941175,1141.4276774536222,2026,1,4,4,SURPLUS
2026-01-26,Jawa Timur,Cabai Merah Keriting,30350.0,39381.818181818184,-9031.818181818184,-22.93,1450.0,28835.714285714286,31441.666666666668,1300.5493344846993,2026,1,5,0,SURPLUS
2026-01-27,Jawa Timur,Cabai Merah Keriting,30350.0,39468.181818181816,-9118.181818181816,-23.1,0.0,29428.571428571428,31384.21052631579,711.1359122659353,2026,1,5,1,SURPLUS
2026-01-28,Jawa Timur,Cabai Merah Keriting,30950.0,39837.878787878784,-8887.878787878784,-22.31,600.0,29721.428571428572,31362.5,863.0648598923304,2026,1,5,2,SURPLUS
2026-01-29,Jawa Timur,Cabai Merah Keriting,31100.0,39934.84848484849,-8834.848484848488,-22.12,150.0,29957.14285714286,31350.0,992.2317317662355,2026,1,5,3,SURPLUS
2026-01-30,Jawa Timur,Cabai Merah Keriting,30850.0,39937.878787878784,-9087.878787878784,-22.76,-250.0,30285.714285714286,31327.272727272728,813.2825901423078,2026,1,5,4,SURPLUS
2026-02-02,Jawa Timur,Cabai Merah Keriting,31900.0,40795.454545454544,-8895.454545454544,-21.81,1050.0,30628.571428571428,31352.17391304348,925.048261289265,2026,2,6,0,SURPLUS
2026-02-03,Jawa Timur,Cabai Merah Keriting,31250.0,41516.666666666664,-10266.666666666664,-24.73,-650.0,30964.285714285714,31347.916666666668,539.068862108768,2026,2,6,1,SURPLUS
2026-02-04,Jawa Timur,Cabai Merah Keriting,31450.0,42300.0,-10850.0,-25.65,200.0,31121.428571428572,31352.0,488.07200873875996,2026,2,6,2,SURPLUS
2026-02-05,Jawa Timur,Cabai Merah Keriting,31650.0,42734.84848484849,-11084.848484848488,-25.94,200.0,31307.14285714286,31363.46153846154,381.25731843092916,2026,2,6,3,SURPLUS
2026-02-06,Jawa Timur,Cabai Merah Keriting,32550.0,42913.63636363636,-10363.63636363636,-24.15,900.0,31535.714285714286,31407.40740740741,566.2113016314986,2026,2,6,4,SURPLUS
2026-02-09,Jawa Timur,Cabai Merah Keriting,33800.0,45203.030303030304,-11403.030303030304,-25.23,1250.0,31921.428571428572,31492.85714285714,984.8253410534,2026,2,7,0,SURPLUS
2026-02-10,Jawa Timur,Cabai Merah Keriting,34900.0,45727.27272727273,-10827.272727272728,-23.68,1100.0,32500.0,31610.344827586207,1366.2601021279409,2026,2,7,1,SURPLUS
2026-02-11,Jawa Timur,Cabai Merah Keriting,35250.0,46425.757575757576,-11175.757575757576,-24.07,350.0,32978.57142857143,31731.666666666668,1673.28448040999,2026,2,7,2,SURPLUS
2026-02-12,Jawa Timur,Cabai Merah Keriting,35600.0,46254.545454545456,-10654.545454545456,-23.03,350.0,33600.0,31688.333333333332,1731.0882896798294,2026,2,7,3,SURPLUS
2026-02-13,Jawa Timur,Cabai Merah Keriting,35650.0,46590.90909090909,-10940.909090909088,-23.48,50.0,34200.0,31643.333333333332,1583.2456116050428,2026,2,7,4,SURPLUS
2026-02-16,Jawa Timur,Cabai Merah Keriting,35650.0,46657.57575757576,-11007.57575757576,-23.59,0.0,34771.42857142857,31660.0,1179.9919289473562,2026,2,8,0,SURPLUS
2026-02-17,Jawa Timur,Cabai Merah Keriting,35650.0,46695.454545454544,-11045.454545454544,-23.65,0.0,35214.28571428572,31645.0,685.3917892430907,2026,2,8,1,SURPLUS
2026-02-18,Jawa Timur,Cabai Merah Keriting,41650.0,50175.757575757576,-8525.757575757576,-16.99,6000.0,36335.71428571428,31856.666666666668,2360.563895505016,2026,2,8,2,SURPLUS
2026-02-19,Jawa Timur,Cabai Merah Keriting,41650.0,50419.69696969697,-8769.696969696968,-17.39,0.0,37300.0,32106.666666666668,2975.0350137995374,2026,2,8,3,SURPLUS
2026-02-20,Jawa Timur,Cabai Merah Keriting,43750.0,51990.90909090909,-8240.909090909088,-15.85,2100.0,38514.28571428572,32418.333333333332,3655.670741659922,2026,2,8,4,SURPLUS
2026-02-23,Jawa Timur,Cabai Merah Keriting,39900.0,50343.93939393939,-10443.939393939392,-20.75,-3850.0,39128.57142857143,32768.333333333336,3439.2171036028085,2026,2,9,0,SURPLUS
2026-02-24,Jawa Timur,Cabai Merah Keriting,38550.0,49315.15151515151,-10765.151515151512,-21.83,-1350.0,39542.857142857145,33076.666666666664,3109.1837850991687,2026,2,9,1,SURPLUS
2026-02-25,Jawa Timur,Cabai Merah Keriting,36650.0,47557.57575757576,-10907.57575757576,-22.94,-1900.0,39685.71428571428,33350.0,2917.5780888883987,2026,2,9,2,SURPLUS
2026-02-26,Jawa Timur,Cabai Merah Keriting,36400.0,46383.333333333336,-9983.333333333336,-21.52,-250.0,39792.857142857145,33631.666666666664,2753.8501186866083,2026,2,9,3,SURPLUS
2026-02-27,Jawa Timur,Cabai Merah Keriting,36900.0,45580.30303030303,-8680.303030303032,-19.04,500.0,39114.28571428572,33988.333333333336,2804.7154171909087,2026,2,9,4,SURPLUS
2026-03-02,Jawa Timur,Cabai Merah Keriting,35700.0,44621.21212121212,-8921.21212121212,-19.99,-1200.0,38264.28571428572,34215.0,2809.7618946739494,2026,3,10,0,SURPLUS
2026-03-03,Jawa Timur,Cabai Merah Keriting,34800.0,44218.181818181816,-9418.181818181816,-21.3,-900.0,36985.71428571428,34393.333333333336,1724.0249141940485,2026,3,10,1,SURPLUS
2026-03-04,Jawa Timur,Cabai Merah Keriting,33800.0,44030.30303030303,-10230.303030303032,-23.23,-1000.0,36114.28571428572,34568.333333333336,1536.9651605556433,2026,3,10,2,SURPLUS
2026-03-05,Jawa Timur,Cabai Merah Keriting,35600.0,43909.09090909091,-8309.090909090912,-18.92,1800.0,35692.857142857145,34771.666666666664,1100.1623256852106,2026,3,10,3,SURPLUS
2026-03-06,Jawa Timur,Cabai Merah Keriting,35400.0,43951.51515151515,-8551.515151515152,-19.46,-200.0,35514.28571428572,34988.333333333336,1017.2324733126948,2026,3,10,4,SURPLUS
2026-03-09,Jawa Timur,Cabai Merah Keriting,36350.0,43463.63636363636,-7113.63636363636,-16.37,950.0,35507.142857142855,35188.333333333336,1010.1272904228954,2026,3,11,0,SURPLUS
2026-03-10,Jawa Timur,Cabai Merah Keriting,36400.0,43716.666666666664,-7316.666666666664,-16.74,50.0,35435.71428571428,35390.0,907.7051125935847,2026,3,11,1,SURPLUS
2026-03-11,Jawa Timur,Cabai Merah Keriting,36400.0,44330.30303030303,-7930.303030303032,-17.89,0.0,35535.71428571428,35571.666666666664,977.5455171475111,2026,3,11,2,SURPLUS
2026-03-12,Jawa Timur,Cabai Merah Keriting,37450.0,45590.90909090909,-8140.909090909088,-17.86,1050.0,35914.28571428572,35783.333333333336,1144.0841627382624,2026,3,11,3,SURPLUS
2026-03-13,Jawa Timur,Cabai Merah Keriting,37950.0,47233.333333333336,-9283.333333333336,-19.65,500.0,36507.142857142855,36020.0,918.9797655681679,2026,3,11,4,SURPLUS
2026-03-16,Jawa Timur,Cabai Merah Keriting,39150.0,51990.90909090909,-12840.909090909088,-24.7,1200.0,37014.28571428572,36261.666666666664,1253.5663410559744,2026,3,12,0,SURPLUS
2026-03-17,Jawa Timur,Cabai Merah Keriting,43450.0,54706.06060606061,-11256.060606060608,-20.58,4300.0,38164.28571428572,36668.333333333336,2548.9727155781297,2026,3,12,1,SURPLUS
2026-03-18,Jawa Timur,Cabai Merah Keriting,43450.0,54866.666666666664,-11416.666666666664,-20.81,0.0,39178.57142857143,37068.333333333336,3066.737835613073,2026,3,12,2,SURPLUS
2026-03-19,Jawa Timur,Cabai Merah Keriting,43450.0,54840.90909090909,-11390.909090909088,-20.77,0.0,40185.71428571428,37461.666666666664,3158.416571336815,2026,3,12,3,SURPLUS
2026-03-20,Jawa Timur,Cabai Merah Keriting,43450.0,54828.78787878788,-11378.78787878788,-20.75,0.0,41192.857142857145,37825.0,2859.9866799556135,2026,3,12,4,SURPLUS
2026-03-23,Jawa Timur,Cabai Merah Keriting,43450.0,54781.818181818184,-11331.818181818184,-20.69,0.0,42050.0,38146.666666666664,2415.9194247048795,2026,3,13,0,SURPLUS
2026-03-24,Jawa Timur,Cabai Merah Keriting,43450.0,54672.72727272727,-11222.727272727272,-20.53,0.0,42835.71428571428,38431.666666666664,1625.2472339395736,2026,3,13,1,SURPLUS
2026-03-25,Jawa Timur,Cabai Merah Keriting,38750.0,53190.90909090909,-14440.909090909088,-27.15,-4700.0,42778.57142857143,38548.333333333336,1776.4330231433678,2026,3,13,2,SURPLUS
2026-03-26,Jawa Timur,Cabai Merah Keriting,38150.0,51804.545454545456,-13654.545454545456,-26.36,-600.0,42021.42857142857,38633.333333333336,2445.890625596523,2026,3,13,3,SURPLUS
2026-03-27,Jawa Timur,Cabai Merah Keriting,36950.0,50731.818181818184,-13781.818181818184,-27.17,-1200.0,41092.857142857145,38676.666666666664,2987.1151874102784,2026,3,13,4,SURPLUS
2026-03-30,Jawa Timur,Cabai Merah Keriting,35600.0,46140.90909090909,-10540.909090909088,-22.85,-1350.0,39971.42857142857,38675.0,3399.7373848158168,2026,3,14,0,SURPLUS
2026-03-31,Jawa Timur,Cabai Merah Keriting,35800.0,45778.78787878788,-9978.78787878788,-21.8,200.0,38878.57142857143,38680.0,3323.88542006404,2026,3,14,1,SURPLUS
2026-04-01,Jawa Timur,Cabai Merah Keriting,34950.0,45198.48484848485,-10248.484848484848,-22.67,-850.0,37664.28571428572,38456.666666666664,2901.251782379794,2026,4,14,2,SURPLUS
2026-04-02,Jawa Timur,Cabai Merah Keriting,34100.0,44396.969696969696,-10296.969696969696,-23.19,-850.0,36328.57142857143,38205.0,1695.301630698103,2026,4,14,3,SURPLUS
2026-04-03,Jawa Timur,Cabai Merah Keriting,33400.0,44231.818181818184,-10831.818181818184,-24.49,-700.0,35564.28571428572,37860.0,1626.2723956219431,2026,4,14,4,SURPLUS
2026-04-06,Jawa Timur,Cabai Merah Keriting,32850.0,44618.181818181816,-11768.181818181816,-26.38,-550.0,34807.142857142855,37625.0,1445.5185261780093,2026,4,15,0,SURPLUS
2026-04-07,Jawa Timur,Cabai Merah Keriting,33850.0,44696.969696969696,-10846.969696969696,-24.27,1000.0,34364.28571428572,37468.333333333336,1117.181828573701,2026,4,15,1,SURPLUS
2026-04-08,Jawa Timur,Cabai Merah Keriting,35000.0,44775.757575757576,-9775.757575757576,-21.83,1150.0,34278.57142857143,37413.333333333336,1025.8562045340436,2026,4,15,2,SURPLUS
2026-04-09,Jawa Timur,Cabai Merah Keriting,35000.0,45248.48484848485,-10248.484848484848,-22.65,0.0,34164.28571428572,37366.666666666664,859.1246929842482,2026,4,15,3,SURPLUS
2026-04-10,Jawa Timur,Cabai Merah Keriting,35250.0,44931.818181818184,-9681.818181818184,-21.55,250.0,34207.142857142855,37311.666666666664,910.7819769428079,2026,4,15,4,SURPLUS
2026-04-13,Jawa Timur,Cabai Merah Keriting,35250.0,44707.57575757576,-9457.57575757576,-21.15,0.0,34371.42857142857,37296.666666666664,988.6257898623674,2026,4,16,0,SURPLUS
2026-01-01,Kalimantan Barat,Cabai Merah Keriting,84150.0,49296.969696969696,34853.030303030304,70.7,,84150.0,84150.0,,2026,1,1,3,DEFISIT
2026-01-02,Kalimantan Barat,Cabai Merah Keriting,84450.0,49380.30303030303,35069.69696969697,71.02,300.0,84300.0,84300.0,212.13203435596427,2026,1,1,4,DEFISIT
2026-01-05,Kalimantan Barat,Cabai Merah Keriting,102900.0,48063.63636363636,54836.36363636364,114.09,18450.0,90500.0,90500.0,10739.7625672079,2026,1,2,0,DEFISIT
2026-01-06,Kalimantan Barat,Cabai Merah Keriting,102900.0,47307.57575757576,55592.42424242424,117.51,0.0,93600.0,93600.0,10739.413391801249,2026,1,2,1,DEFISIT
2026-01-07,Kalimantan Barat,Cabai Merah Keriting,101850.0,46007.57575757576,55842.42424242424,121.38,-1050.0,95250.0,95250.0,10005.68588353642,2026,1,2,2,DEFISIT
2026-01-08,Kalimantan Barat,Cabai Merah Keriting,99350.0,44760.606060606064,54589.393939393936,121.96,-2500.0,95933.33333333333,95933.33333333333,9104.540991541895,2026,1,2,3,DEFISIT
2026-01-09,Kalimantan Barat,Cabai Merah Keriting,99400.0,43928.78787878788,55471.21212121212,126.28,50.0,96428.57142857143,96428.57142857143,8413.91987239287,2026,1,2,4,DEFISIT
2026-01-12,Kalimantan Barat,Cabai Merah Keriting,86900.0,42260.606060606064,44639.393939393936,105.63,-12500.0,96821.42857142857,95237.5,7785.823502947369,2026,1,3,0,DEFISIT
2026-01-13,Kalimantan Barat,Cabai Merah Keriting,82200.0,41421.21212121212,40778.78787878788,98.45,-4700.0,96500.0,93788.88888888889,8403.620251613787,2026,1,3,1,DEFISIT
2026-01-14,Kalimantan Barat,Cabai Merah Keriting,82450.0,41259.09090909091,41190.90909090909,99.83,250.0,93578.57142857143,92655.0,9313.29055449152,2026,1,3,2,DEFISIT
2026-01-15,Kalimantan Barat,Cabai Merah Keriting,79400.0,40803.030303030304,38596.969696969696,94.59,-3050.0,90221.42857142857,91450.0,9623.532664899147,2026,1,3,3,DEFISIT
2026-01-16,Kalimantan Barat,Cabai Merah Keriting,79400.0,40739.393939393936,38660.606060606064,94.9,0.0,87014.28571428571,90445.83333333333,8808.646996262354,2026,1,3,4,DEFISIT
2026-01-19,Kalimantan Barat,Cabai Merah Keriting,71600.0,40203.030303030304,31396.969696969696,78.1,-7800.0,83050.0,88996.15384615384,8572.97109136227,2026,1,4,0,DEFISIT
2026-01-20,Kalimantan Barat,Cabai Merah Keriting,64400.0,39850.0,24550.0,61.61,-7200.0,78050.0,87239.28571428571,7599.067925300655,2026,1,4,1,DEFISIT
2026-01-21,Kalimantan Barat,Cabai Merah Keriting,64400.0,39424.242424242424,24975.757575757576,63.35,0.0,74835.71428571429,85716.66666666667,7980.743192507936,2026,1,4,2,DEFISIT
2026-01-22,Kalimantan Barat,Cabai Merah Keriting,63750.0,39283.333333333336,24466.666666666664,62.28,-650.0,72200.0,84343.75,8187.236000832836,2026,1,4,3,DEFISIT
2026-01-23,Kalimantan Barat,Cabai Merah Keriting,61250.0,39050.0,22200.0,56.85,-2500.0,69171.42857142857,82985.29411764706,7668.325389921474,2026,1,4,4,DEFISIT
2026-01-26,Kalimantan Barat,Cabai Merah Keriting,58900.0,39381.818181818184,19518.181818181816,49.56,-2350.0,66242.85714285714,81647.22222222222,6995.976734966365,2026,1,5,0,DEFISIT
2026-01-27,Kalimantan Barat,Cabai Merah Keriting,59400.0,39468.181818181816,19931.818181818184,50.5,500.0,63385.71428571428,80476.31578947368,4286.287660057616,2026,1,5,1,DEFISIT
2026-01-28,Kalimantan Barat,Cabai Merah Keriting,58600.0,39837.878787878784,18762.121212121216,47.1,-800.0,61528.57142857143,79382.5,2630.5666599387505,2026,1,5,2,DEFISIT
2026-01-29,Kalimantan Barat,Cabai Merah Keriting,57950.0,39934.84848484849,18015.151515151512,45.11,-650.0,60607.142857142855,78361.90476190476,2586.411376700195,2026,1,5,3,DEFISIT
2026-01-30,Kalimantan Barat,Cabai Merah Keriting,57650.0,39937.878787878784,17712.121212121216,44.35,-300.0,59642.857142857145,77420.45454545454,2159.7508674669457,2026,1,5,4,DEFISIT
2026-02-02,Kalimantan Barat,Cabai Merah Keriting,54400.0,40795.454545454544,13604.545454545456,33.35,-3250.0,58307.142857142855,76419.56521739131,2086.350196601132,2026,2,6,0,DEFISIT
2026-02-03,Kalimantan Barat,Cabai Merah Keriting,53750.0,41516.666666666664,12233.333333333336,29.47,-650.0,57235.71428571428,75475.0,2243.0846108493147,2026,2,6,1,DEFISIT
2026-02-04,Kalimantan Barat,Cabai Merah Keriting,54150.0,42300.0,11850.0,28.01,400.0,56557.142857142855,74622.0,2370.5534816840277,2026,2,6,2,DEFISIT
2026-02-05,Kalimantan Barat,Cabai Merah Keriting,54150.0,42734.84848484849,11415.151515151512,26.71,0.0,55807.142857142855,73834.61538461539,2140.566235724622,2026,2,6,3,DEFISIT
2026-02-06,Kalimantan Barat,Cabai Merah Keriting,55400.0,42913.63636363636,12486.36363636364,29.1,1250.0,55350.0,73151.85185185185,1750.9521219421752,2026,2,6,4,DEFISIT
2026-02-09,Kalimantan Barat,Cabai Merah Keriting,69150.0,45203.030303030304,23946.969696969696,52.98,13750.0,56950.0,73008.92857142857,5540.081226841395,2026,2,7,0,DEFISIT
2026-02-10,Kalimantan Barat,Cabai Merah Keriting,72250.0,45727.27272727273,26522.727272727272,58.0,3100.0,59035.71428571428,72982.75862068965,8034.3385065664015,2026,2,7,1,DEFISIT
2026-02-11,Kalimantan Barat,Cabai Merah Keriting,68500.0,46425.757575757576,22074.242424242424,47.55,-3750.0,61050.0,72833.33333333333,8435.885648031688,2026,2,7,2,DEFISIT
2026-02-12,Kalimantan Barat,Cabai Merah Keriting,69700.0,46254.545454545456,23445.454545454544,50.69,1200.0,63328.57142857143,72351.66666666667,8288.287777684522,2026,2,7,3,DEFISIT
2026-02-13,Kalimantan Barat,Cabai Merah Keriting,64100.0,46590.90909090909,17509.09090909091,37.58,-5600.0,64750.0,71673.33333333333,7238.554183444852,2026,2,7,4,DEFISIT
2026-02-16,Kalimantan Barat,Cabai Merah Keriting,64100.0,46657.57575757576,17442.42424242424,37.38,0.0,66171.42857142857,70380.0,5602.072320643012,2026,2,8,0,DEFISIT
2026-02-17,Kalimantan Barat,Cabai Merah Keriting,64100.0,46695.454545454544,17404.545454545456,37.27,0.0,67414.28571428571,69086.66666666667,3310.427249076597,2026,2,8,1,DEFISIT
2026-02-18,Kalimantan Barat,Cabai Merah Keriting,73450.0,50175.757575757576,23274.242424242424,46.39,9350.0,68028.57142857143,68140.0,4011.011628718439,2026,2,8,2,DEFISIT
2026-02-19,Kalimantan Barat,Cabai Merah Keriting,72500.0,50419.69696969697,22080.303030303032,43.79,-950.0,68064.28571428571,67245.0,4055.727871964395,2026,2,8,3,DEFISIT
2026-02-20,Kalimantan Barat,Cabai Merah Keriting,73150.0,51990.90909090909,21159.09090909091,40.7,650.0,68728.57142857143,66370.0,4495.910840498794,2026,2,8,4,DEFISIT
2026-02-23,Kalimantan Barat,Cabai Merah Keriting,68450.0,50343.93939393939,18106.060606060608,35.96,-4700.0,68550.0,65755.0,4475.674995647801,2026,2,9,0,DEFISIT
2026-02-24,Kalimantan Barat,Cabai Merah Keriting,66900.0,49315.15151515151,17584.848484848488,35.66,-1550.0,68950.0,65245.0,4122.903507642838,2026,2,9,1,DEFISIT
2026-02-25,Kalimantan Barat,Cabai Merah Keriting,63250.0,47557.57575757576,15692.42424242424,33.0,-3650.0,68828.57142857143,64605.0,4298.338549453098,2026,2,9,2,DEFISIT
2026-02-26,Kalimantan Barat,Cabai Merah Keriting,62500.0,46383.333333333336,16116.666666666664,34.75,-750.0,68600.0,64041.666666666664,4622.048607850593,2026,2,9,3,DEFISIT
2026-02-27,Kalimantan Barat,Cabai Merah Keriting,62500.0,45580.30303030303,16919.696969696968,37.12,0.0,67035.71428571429,63478.333333333336,4559.5791368022265,2026,2,9,4,DEFISIT
2026-03-02,Kalimantan Barat,Cabai Merah Keriting,55650.0,44621.21212121212,11028.78787878788,24.72,-6850.0,64628.57142857143,62946.666666666664,5537.061280051701,2026,3,10,0,DEFISIT
2026-03-03,Kalimantan Barat,Cabai Merah Keriting,55000.0,44218.181818181816,10781.818181818184,24.38,-650.0,62035.71428571428,62633.333333333336,5115.150232863349,2026,3,10,1,DEFISIT
2026-03-04,Kalimantan Barat,Cabai Merah Keriting,54400.0,44030.30303030303,10369.696969696968,23.55,-600.0,60028.57142857143,62300.0,4932.026049442654,2026,3,10,2,DEFISIT
2026-03-05,Kalimantan Barat,Cabai Merah Keriting,54250.0,43909.09090909091,10340.909090909088,23.55,-150.0,58221.42857142857,61983.333333333336,4267.401350437307,2026,3,10,3,DEFISIT
2026-03-06,Kalimantan Barat,Cabai Merah Keriting,53000.0,43951.51515151515,9048.484848484848,20.59,-1250.0,56757.142857142855,61708.333333333336,4004.8333893172467,2026,3,10,4,DEFISIT
2026-03-09,Kalimantan Barat,Cabai Merah Keriting,51000.0,43463.63636363636,7536.36363636364,17.34,-2000.0,55114.28571428572,61445.0,3594.0592517043456,2026,3,11,0,DEFISIT
2026-03-10,Kalimantan Barat,Cabai Merah Keriting,54750.0,43716.666666666664,11033.333333333336,25.24,3750.0,54007.142857142855,61290.0,1554.9460257053195,2026,3,11,1,DEFISIT
2026-03-11,Kalimantan Barat,Cabai Merah Keriting,60600.0,44330.30303030303,16269.696969696968,36.7,5850.0,54714.28571428572,61356.666666666664,2937.503799389584,2026,3,11,2,DEFISIT
2026-03-12,Kalimantan Barat,Cabai Merah Keriting,64750.0,45590.90909090909,19159.09090909091,42.02,4150.0,56107.142857142855,61583.333333333336,4810.182651714683,2026,3,11,3,DEFISIT
2026-03-13,Kalimantan Barat,Cabai Merah Keriting,68850.0,47233.333333333336,21616.666666666664,45.77,4100.0,58171.42857142857,61956.666666666664,6689.0991634933525,2026,3,11,4,DEFISIT
2026-03-16,Kalimantan Barat,Cabai Merah Keriting,86900.0,51990.90909090909,34909.09090909091,67.14,18050.0,62835.71428571428,63040.0,12423.959187986813,2026,3,12,0,DEFISIT
2026-03-17,Kalimantan Barat,Cabai Merah Keriting,100350.0,54706.06060606061,45643.93939393939,83.43,13450.0,69600.0,64593.333333333336,17871.858698337273,2026,3,12,1,DEFISIT
2026-03-18,Kalimantan Barat,Cabai Merah Keriting,100350.0,54866.666666666664,45483.333333333336,82.9,0.0,76650.0,66133.33333333333,19009.230214117924,2026,3,12,2,DEFISIT
2026-03-19,Kalimantan Barat,Cabai Merah Keriting,100350.0,54840.90909090909,45509.09090909091,82.98,0.0,83164.28571428571,67673.33333333333,18042.235501865132,2026,3,12,3,DEFISIT
2026-03-20,Kalimantan Barat,Cabai Merah Keriting,100350.0,54828.78787878788,45521.21212121212,83.02,0.0,88842.85714285714,69171.66666666667,15882.968566240743,2026,3,12,4,DEFISIT
2026-03-23,Kalimantan Barat,Cabai Merah Keriting,100350.0,54781.818181818184,45568.181818181816,83.18,0.0,93928.57142857143,70211.66666666667,12141.590270047644,2026,3,13,0,DEFISIT
2026-03-24,Kalimantan Barat,Cabai Merah Keriting,97200.0,54672.72727272727,42527.27272727273,77.79,-3150.0,97978.57142857143,71043.33333333333,5024.262561383093,2026,3,13,1,DEFISIT
2026-03-25,Kalimantan Barat,Cabai Merah Keriting,96600.0,53190.90909090909,43409.09090909091,81.61,-600.0,99364.28571428571,71980.0,1692.3145604260935,2026,3,13,2,DEFISIT
2026-03-26,Kalimantan Barat,Cabai Merah Keriting,86900.0,51804.545454545456,35095.454545454544,67.75,-9700.0,97442.85714285714,72553.33333333333,4928.271212388642,2026,3,13,3,DEFISIT
2026-03-27,Kalimantan Barat,Cabai Merah Keriting,81600.0,50731.818181818184,30868.181818181816,60.85,-5300.0,94764.28571428571,73136.66666666667,7506.092763311006,2026,3,13,4,DEFISIT
2026-03-30,Kalimantan Barat,Cabai Merah Keriting,72500.0,46140.90909090909,26359.09090909091,57.13,-9100.0,90785.71428571429,73416.66666666667,10737.345819060512,2026,3,14,0,DEFISIT
2026-03-31,Kalimantan Barat,Cabai Merah Keriting,73150.0,45778.78787878788,27371.21212121212,59.79,650.0,86900.0,73718.33333333333,11587.313464877621,2026,3,14,1,DEFISIT
2026-04-01,Kalimantan Barat,Cabai Merah Keriting,72500.0,45198.48484848485,27301.515151515152,60.4,-650.0,82921.42857142857,73686.66666666667,10963.950669613349,2026,4,14,2,DEFISIT
2026-04-02,Kalimantan Barat,Cabai Merah Keriting,74700.0,44396.969696969696,30303.030303030304,68.25,2200.0,79707.14285714286,73760.0,9243.395325466594,2026,4,14,3,DEFISIT
2026-04-03,Kalimantan Barat,Cabai Merah Keriting,74700.0,44231.818181818184,30468.181818181816,68.88,0.0,76578.57142857143,73811.66666666667,5535.179697689561,2026,4,14,4,DEFISIT
2026-04-06,Kalimantan Barat,Cabai Merah Keriting,82850.0,44618.181818181816,38231.818181818184,85.69,8150.0,76000.0,74291.66666666667,4364.34416608044,2026,4,15,0,DEFISIT
2026-04-07,Kalimantan Barat,Cabai Merah Keriting,84100.0,44696.969696969696,39403.030303030304,88.16,1250.0,76357.14285714286,74865.0,4960.546724860494,2026,4,15,1,DEFISIT
2026-04-08,Kalimantan Barat,Cabai Merah Keriting,82200.0,44775.757575757576,37424.242424242424,83.58,-1900.0,77742.85714285714,75496.66666666667,5057.373212402282,2026,4,15,2,DEFISIT
2026-04-09,Kalimantan Barat,Cabai Merah Keriting,80000.0,45248.48484848485,34751.51515151515,76.8,-2200.0,78721.42857142857,76080.0,4668.32028525407,2026,4,15,3,DEFISIT
2026-04-10,Kalimantan Barat,Cabai Merah Keriting,76250.0,44931.818181818184,31318.181818181816,69.7,-3750.0,79257.14285714286,76538.33333333333,4003.1683880218534,2026,4,15,4,DEFISIT
2026-04-13,Kalimantan Barat,Cabai Merah Keriting,76250.0,44707.57575757576,31542.42424242424,70.55,0.0,79478.57142857143,77225.0,3743.5341081721103,2026,4,16,0,DEFISIT
2026-01-01,Kalimantan Selatan,Cabai Merah Keriting,45400.0,49296.969696969696,-3896.969696969696,-7.91,,45400.0,45400.0,,2026,1,1,3,SURPLUS
2026-01-02,Kalimantan Selatan,Cabai Merah Keriting,42900.0,49380.30303030303,-6480.303030303032,-13.12,-2500.0,44150.0,44150.0,1767.7669529663688,2026,1,1,4,SURPLUS
2026-01-05,Kalimantan Selatan,Cabai Merah Keriting,40850.0,48063.63636363636,-7213.63636363636,-15.01,-2050.0,43050.0,43050.0,2278.705773021168,2026,1,2,0,SURPLUS
2026-01-06,Kalimantan Selatan,Cabai Merah Keriting,40850.0,47307.57575757576,-6457.57575757576,-13.65,0.0,42500.0,42500.0,2161.403864775546,2026,1,2,1,SURPLUS
2026-01-07,Kalimantan Selatan,Cabai Merah Keriting,40850.0,46007.57575757576,-5157.57575757576,-11.21,0.0,42170.0,42170.0,2012.0263417758724,2026,1,2,2,SURPLUS
2026-01-08,Kalimantan Selatan,Cabai Merah Keriting,37100.0,44760.606060606064,-7660.606060606064,-17.11,-3750.0,41325.0,41325.0,2742.763205236646,2026,1,2,3,SURPLUS
2026-01-09,Kalimantan Selatan,Cabai Merah Keriting,36250.0,43928.78787878788,-7678.78787878788,-17.48,-850.0,40600.0,40600.0,3154.097863626513,2026,1,2,4,SURPLUS
2026-01-12,Kalimantan Selatan,Cabai Merah Keriting,32900.0,42260.606060606064,-9360.606060606064,-22.15,-3350.0,38814.28571428572,39637.5,3502.8219915893396,2026,1,3,0,SURPLUS
2026-01-13,Kalimantan Selatan,Cabai Merah Keriting,32900.0,41421.21212121212,-8521.21212121212,-20.57,0.0,37385.71428571428,38888.88888888889,3596.7247005336094,2026,1,3,1,SURPLUS
2026-01-14,Kalimantan Selatan,Cabai Merah Keriting,33750.0,41259.09090909091,-7509.090909090912,-18.2,850.0,36371.42857142857,38375.0,3455.2926965812367,2026,1,3,2,SURPLUS
2026-01-15,Kalimantan Selatan,Cabai Merah Keriting,34600.0,40803.030303030304,-6203.030303030304,-15.2,850.0,35478.57142857143,38031.818181818184,2861.6512049947028,2026,1,3,3,SURPLUS
2026-01-16,Kalimantan Selatan,Cabai Merah Keriting,34600.0,40739.393939393936,-6139.393939393936,-15.07,0.0,34585.71428571428,37745.833333333336,1605.9042846410812,2026,1,3,4,SURPLUS
2026-01-19,Kalimantan Selatan,Cabai Merah Keriting,34600.0,40203.030303030304,-5603.030303030304,-13.94,0.0,34228.57142857143,37503.846153846156,1173.2636613513728,2026,1,4,0,SURPLUS
2026-01-20,Kalimantan Selatan,Cabai Merah Keriting,34600.0,39850.0,-5250.0,-13.17,0.0,33992.857142857145,37296.42857142857,808.5112715296461,2026,1,4,1,SURPLUS
2026-01-21,Kalimantan Selatan,Cabai Merah Keriting,37100.0,39424.242424242424,-2324.242424242424,-5.9,2500.0,34592.857142857145,37283.333333333336,1282.064926667325,2026,1,4,2,SURPLUS
2026-01-22,Kalimantan Selatan,Cabai Merah Keriting,35000.0,39283.333333333336,-4283.333333333336,-10.9,-2100.0,34892.857142857145,37140.625,1043.4033142512521,2026,1,4,3,SURPLUS
2026-01-23,Kalimantan Selatan,Cabai Merah Keriting,34150.0,39050.0,-4900.0,-12.55,-850.0,34950.0,36964.705882352944,979.370546150275,2026,1,4,4,SURPLUS
2026-01-26,Kalimantan Selatan,Cabai Merah Keriting,32500.0,39381.818181818184,-6881.818181818184,-17.47,-1650.0,34650.0,36716.666666666664,1354.3140945388866,2026,1,5,0,SURPLUS
2026-01-27,Kalimantan Selatan,Cabai Merah Keriting,32500.0,39468.181818181816,-6968.181818181816,-17.66,0.0,34350.0,36494.73684210526,1580.875284981924,2026,1,5,1,SURPLUS
2026-01-28,Kalimantan Selatan,Cabai Merah Keriting,32500.0,39837.878787878784,-7337.878787878784,-18.42,0.0,34050.0,36295.0,1718.7689392895938,2026,1,5,2,SURPLUS
2026-01-29,Kalimantan Selatan,Cabai Merah Keriting,33350.0,39934.84848484849,-6584.848484848488,-16.49,850.0,33871.42857142857,36154.76190476191,1717.0364835128846,2026,1,5,3,SURPLUS
2026-01-30,Kalimantan Selatan,Cabai Merah Keriting,34150.0,39937.878787878784,-5787.878787878784,-14.49,800.0,33450.0,36063.63636363636,1008.2988974836124,2026,1,5,4,SURPLUS
2026-02-02,Kalimantan Selatan,Cabai Merah Keriting,28350.0,40795.454545454544,-12445.454545454544,-30.51,-5800.0,32500.0,35728.260869565216,1974.4197459844543,2026,2,6,0,SURPLUS
2026-02-03,Kalimantan Selatan,Cabai Merah Keriting,28350.0,41516.666666666664,-13166.666666666664,-31.71,0.0,31671.428571428572,35420.833333333336,2348.200932426267,2026,2,6,1,SURPLUS
2026-02-04,Kalimantan Selatan,Cabai Merah Keriting,31000.0,42300.0,-11300.0,-26.71,2650.0,31457.14285714286,35244.0,2328.3450079810864,2026,2,6,2,SURPLUS
2026-02-05,Kalimantan Selatan,Cabai Merah Keriting,32900.0,42734.84848484849,-9834.848484848488,-23.01,1900.0,31514.285714285714,35153.846153846156,2362.857430759462,2026,2,6,3,SURPLUS
2026-02-06,Kalimantan Selatan,Cabai Merah Keriting,33750.0,42913.63636363636,-9163.63636363636,-21.35,850.0,31692.85714285714,35101.851851851854,2493.3960394457554,2026,2,6,4,SURPLUS
2026-02-09,Kalimantan Selatan,Cabai Merah Keriting,42900.0,45203.030303030304,-2303.030303030304,-5.09,9150.0,33057.142857142855,35380.357142857145,4951.887566998109,2026,2,7,0,SURPLUS
2026-02-10,Kalimantan Selatan,Cabai Merah Keriting,42900.0,45727.27272727273,-2827.272727272728,-6.18,0.0,34307.142857142855,35639.65517241379,6216.606025492564,2026,2,7,1,SURPLUS
2026-02-11,Kalimantan Selatan,Cabai Merah Keriting,42900.0,46425.757575757576,-3525.757575757576,-7.59,0.0,36385.71428571428,35881.666666666664,6324.338851197166,2026,2,7,2,SURPLUS
2026-02-12,Kalimantan Selatan,Cabai Merah Keriting,42900.0,46254.545454545456,-3354.545454545456,-7.25,0.0,38464.28571428572,35798.333333333336,5591.713682294713,2026,2,7,3,SURPLUS
2026-02-13,Kalimantan Selatan,Cabai Merah Keriting,42100.0,46590.90909090909,-4490.909090909088,-9.64,-800.0,40050.0,35771.666666666664,4609.862615451063,2026,2,7,4,SURPLUS
2026-02-16,Kalimantan Selatan,Cabai Merah Keriting,42100.0,46657.57575757576,-4557.57575757576,-9.77,0.0,41364.28571428572,35813.333333333336,3378.697269376945,2026,2,8,0,SURPLUS
2026-02-17,Kalimantan Selatan,Cabai Merah Keriting,42100.0,46695.454545454544,-4595.454545454544,-9.84,0.0,42557.142857142855,35855.0,427.6179870598745,2026,2,8,1,SURPLUS
2026-02-18,Kalimantan Selatan,Cabai Merah Keriting,38750.0,50175.757575757576,-11425.757575757576,-22.77,-3350.0,41964.28571428572,35785.0,1472.7282748112666,2026,2,8,2,SURPLUS
2026-02-19,Kalimantan Selatan,Cabai Merah Keriting,37100.0,50419.69696969697,-13319.696969696968,-26.42,-1650.0,41135.71428571428,35785.0,2272.794587747701,2026,2,8,3,SURPLUS
2026-02-20,Kalimantan Selatan,Cabai Merah Keriting,40000.0,51990.90909090909,-11990.909090909088,-23.06,2900.0,40721.42857142857,35910.0,2159.061745075306,2026,2,8,4,SURPLUS
2026-02-23,Kalimantan Selatan,Cabai Merah Keriting,42500.0,50343.93939393939,-7843.939393939392,-15.58,2500.0,40664.28571428572,36230.0,2096.169976750115,2026,2,9,0,SURPLUS
2026-02-24,Kalimantan Selatan,Cabai Merah Keriting,42500.0,49315.15151515151,-6815.151515151512,-13.82,0.0,40721.42857142857,36550.0,2146.675170051187,2026,2,9,1,SURPLUS
2026-02-25,Kalimantan Selatan,Cabai Merah Keriting,42500.0,47557.57575757576,-5057.57575757576,-10.63,0.0,40778.57142857143,36841.666666666664,2194.2836991558215,2026,2,9,2,SURPLUS
2026-02-26,Kalimantan Selatan,Cabai Merah Keriting,40850.0,46383.333333333336,-5533.333333333336,-11.93,-1650.0,40600.0,37050.0,2118.3720164314877,2026,2,9,3,SURPLUS
2026-02-27,Kalimantan Selatan,Cabai Merah Keriting,40850.0,45580.30303030303,-4730.303030303032,-10.38,0.0,40900.0,37258.333333333336,1955.1214796017155,2026,2,9,4,SURPLUS
2026-03-02,Kalimantan Selatan,Cabai Merah Keriting,45850.0,44621.21212121212,1228.78787878788,2.75,5000.0,42150.0,37633.333333333336,1917.4636024359486,2026,3,10,0,NORMAL
2026-03-03,Kalimantan Selatan,Cabai Merah Keriting,45850.0,44218.181818181816,1631.8181818181838,3.69,0.0,42985.71428571428,38008.333333333336,2091.194691580676,2026,3,10,1,NORMAL
2026-03-04,Kalimantan Selatan,Cabai Merah Keriting,45850.0,44030.30303030303,1819.6969696969682,4.13,0.0,43464.28571428572,38300.0,2331.078842816888,2026,3,10,2,NORMAL
2026-03-05,Kalimantan Selatan,Cabai Merah Keriting,45000.0,43909.09090909091,1090.9090909090883,2.48,-850.0,43821.42857142857,38633.333333333336,2350.1519707700236,2026,3,10,3,NORMAL
2026-03-06,Kalimantan Selatan,Cabai Merah Keriting,43750.0,43951.51515151515,-201.51515151515196,-0.46,-1250.0,44000.0,38953.333333333336,2279.437065008215,2026,3,10,4,NORMAL
2026-03-09,Kalimantan Selatan,Cabai Merah Keriting,38350.0,43463.63636363636,-5113.63636363636,-11.77,-5400.0,43642.857142857145,39148.333333333336,2951.896081536478,2026,3,11,0,SURPLUS
2026-03-10,Kalimantan Selatan,Cabai Merah Keriting,38350.0,43716.666666666664,-5366.666666666664,-12.28,0.0,43285.71428571428,39343.333333333336,3454.551862605122,2026,3,11,1,SURPLUS
2026-03-11,Kalimantan Selatan,Cabai Merah Keriting,39150.0,44330.30303030303,-5180.303030303032,-11.69,800.0,42328.57142857143,39565.0,3552.4471779860314,2026,3,11,2,SURPLUS
2026-03-12,Kalimantan Selatan,Cabai Merah Keriting,37500.0,45590.90909090909,-8090.909090909088,-17.75,-1650.0,41135.71428571428,39703.333333333336,3574.76272938898,2026,3,11,3,SURPLUS
2026-03-13,Kalimantan Selatan,Cabai Merah Keriting,39600.0,47233.333333333336,-7633.333333333336,-16.16,2100.0,40242.857142857145,39885.0,2921.9611809291946,2026,3,11,4,SURPLUS
2026-03-16,Kalimantan Selatan,Cabai Merah Keriting,57500.0,51990.90909090909,5509.090909090912,10.6,17900.0,42028.57142857143,40856.666666666664,7119.03885968564,2026,3,12,0,DEFISIT
2026-03-17,Kalimantan Selatan,Cabai Merah Keriting,62500.0,54706.06060606061,7793.939393939392,14.25,5000.0,44707.142857142855,41995.0,10567.064736380531,2026,3,12,1,DEFISIT
2026-03-18,Kalimantan Selatan,Cabai Merah Keriting,62500.0,54866.666666666664,7633.333333333336,13.91,0.0,48157.142857142855,43045.0,11991.887138513972,2026,3,12,2,DEFISIT
2026-03-19,Kalimantan Selatan,Cabai Merah Keriting,62500.0,54840.90909090909,7659.090909090912,13.97,0.0,51607.142857142855,44031.666666666664,12172.730061200597,2026,3,12,3,DEFISIT
2026-03-20,Kalimantan Selatan,Cabai Merah Keriting,62500.0,54828.78787878788,7671.21212121212,13.99,0.0,54942.857142857145,44990.0,11362.490504998887,2026,3,12,4,DEFISIT
2026-03-23,Kalimantan Selatan,Cabai Merah Keriting,62500.0,54781.818181818184,7718.181818181816,14.09,0.0,58514.28571428572,45643.333333333336,8546.037789804177,2026,3,13,0,DEFISIT
2026-03-24,Kalimantan Selatan,Cabai Merah Keriting,62500.0,54672.72727272727,7827.272727272728,14.32,0.0,61785.71428571428,46296.666666666664,1889.8223650458629,2026,3,13,1,DEFISIT
2026-03-25,Kalimantan Selatan,Cabai Merah Keriting,69600.0,53190.90909090909,16409.09090909091,30.85,7100.0,63514.28571428572,47186.666666666664,2683.5477583655124,2026,3,13,2,DEFISIT
2026-03-26,Kalimantan Selatan,Cabai Merah Keriting,72100.0,51804.545454545456,20295.454545454544,39.18,2500.0,64885.71428571428,48160.0,4137.804801030198,2026,3,13,3,DEFISIT
2026-03-27,Kalimantan Selatan,Cabai Merah Keriting,67900.0,50731.818181818184,17168.181818181816,33.84,-4200.0,65657.14285714286,49020.0,4122.239335950439,2026,3,13,4,DEFISIT
2026-03-30,Kalimantan Selatan,Cabai Merah Keriting,49600.0,46140.90909090909,3459.0909090909117,7.5,-18300.0,63814.28571428572,49270.0,7371.663894361201,2026,3,14,0,DEFISIT
2026-03-31,Kalimantan Selatan,Cabai Merah Keriting,50000.0,45778.78787878788,4221.21212121212,9.22,400.0,62028.57142857143,49533.333333333336,9063.059506537931,2026,3,14,1,DEFISIT
2026-04-01,Kalimantan Selatan,Cabai Merah Keriting,48350.0,45198.48484848485,3151.515151515152,6.97,-1650.0,60007.142857142855,49853.333333333336,10417.230460933004,2026,4,14,2,DEFISIT
2026-04-02,Kalimantan Selatan,Cabai Merah Keriting,44150.0,44396.969696969696,-246.9696969696961,-0.56,-4200.0,57385.71428571428,50088.333333333336,11890.076895101583,2026,4,14,3,NORMAL
2026-04-03,Kalimantan Selatan,Cabai Merah Keriting,44150.0,44231.818181818184,-81.8181818181838,-0.18,0.0,53750.0,50226.666666666664,11414.245485357318,2026,4,14,4,NORMAL
2026-04-06,Kalimantan Selatan,Cabai Merah Keriting,45400.0,44618.181818181816,781.8181818181838,1.75,1250.0,49935.71428571428,50323.333333333336,8295.265431041282,2026,4,15,0,NORMAL
2026-04-07,Kalimantan Selatan,Cabai Merah Keriting,45400.0,44696.969696969696,703.0303030303039,1.57,0.0,46721.42857142857,50420.0,2529.96329730575,2026,4,15,1,NORMAL
2026-04-08,Kalimantan Selatan,Cabai Merah Keriting,45400.0,44775.757575757576,624.242424242424,1.39,0.0,46121.42857142857,50516.666666666664,2211.4959384349286,2026,4,15,2,NORMAL
2026-04-09,Kalimantan Selatan,Cabai Merah Keriting,46250.0,45248.48484848485,1001.515151515152,2.21,850.0,45585.71428571428,50696.666666666664,1432.2808982278837,2026,4,15,3,NORMAL
2026-04-10,Kalimantan Selatan,Cabai Merah Keriting,47100.0,44931.818181818184,2168.181818181816,4.83,850.0,45407.142857142855,50905.0,1059.649537751536,2026,4,15,4,NORMAL
2026-04-13,Kalimantan Selatan,Cabai Merah Keriting,47500.0,44707.57575757576,2792.42424242424,6.25,400.0,45885.71428571428,50960.0,1149.896475671531,2026,4,16,0,DEFISIT
2026-01-01,Kalimantan Tengah,Cabai Merah Keriting,88750.0,49296.969696969696,39453.030303030304,80.03,,88750.0,88750.0,,2026,1,1,3,DEFISIT
2026-01-02,Kalimantan Tengah,Cabai Merah Keriting,88750.0,49380.30303030303,39369.69696969697,79.73,0.0,88750.0,88750.0,0.0,2026,1,1,4,DEFISIT
2026-01-05,Kalimantan Tengah,Cabai Merah Keriting,72500.0,48063.63636363636,24436.36363636364,50.84,-16250.0,83333.33333333333,83333.33333333333,9381.941874331416,2026,1,2,0,DEFISIT
2026-01-06,Kalimantan Tengah,Cabai Merah Keriting,72500.0,47307.57575757576,25192.42424242424,53.25,0.0,80625.0,80625.0,9381.941874331416,2026,1,2,1,DEFISIT
2026-01-07,Kalimantan Tengah,Cabai Merah Keriting,65000.0,46007.57575757576,18992.42424242424,41.28,-7500.0,77500.0,77500.0,10716.517624676402,2026,1,2,2,DEFISIT
2026-01-08,Kalimantan Tengah,Cabai Merah Keriting,65000.0,44760.606060606064,20239.393939393936,45.22,0.0,75416.66666666667,75416.66666666667,10858.944086174615,2026,1,2,3,DEFISIT
2026-01-09,Kalimantan Tengah,Cabai Merah Keriting,65000.0,43928.78787878788,21071.21212121212,47.97,0.0,73928.57142857143,73928.57142857143,10666.062110843952,2026,1,2,4,DEFISIT
2026-01-12,Kalimantan Tengah,Cabai Merah Keriting,67500.0,42260.606060606064,25239.393939393936,59.72,2500.0,70892.85714285714,73125.0,8560.881407670038,2026,1,3,0,DEFISIT
2026-01-13,Kalimantan Tengah,Cabai Merah Keriting,63750.0,41421.21212121212,22328.78787878788,53.91,-3750.0,67321.42857142857,72083.33333333333,3710.1052481541597,2026,1,3,1,DEFISIT
2026-01-14,Kalimantan Tengah,Cabai Merah Keriting,63750.0,41259.09090909091,22490.90909090909,54.51,0.0,66071.42857142857,71250.0,3098.0984951602804,2026,1,3,2,DEFISIT
2026-01-15,Kalimantan Tengah,Cabai Merah Keriting,62500.0,40803.030303030304,21696.969696969696,53.17,-1250.0,64642.857142857145,70454.54545454546,1566.9579263200642,2026,1,3,3,DEFISIT
2026-01-16,Kalimantan Tengah,Cabai Merah Keriting,62500.0,40739.393939393936,21760.606060606064,53.41,0.0,64285.71428571428,69791.66666666667,1746.59532751447,2026,1,3,4,DEFISIT
2026-01-19,Kalimantan Tengah,Cabai Merah Keriting,61900.0,40203.030303030304,21696.969696969696,53.97,-600.0,63842.857142857145,69184.61538461539,1919.7284034095278,2026,1,4,0,DEFISIT
2026-01-20,Kalimantan Tengah,Cabai Merah Keriting,61900.0,39850.0,22050.0,55.33,0.0,63400.0,68664.28571428571,1965.3244007033963,2026,1,4,1,DEFISIT
2026-01-21,Kalimantan Tengah,Cabai Merah Keriting,61900.0,39424.242424242424,22475.757575757576,57.01,0.0,62600.0,68213.33333333333,830.1606270276013,2026,1,4,2,DEFISIT
2026-01-22,Kalimantan Tengah,Cabai Merah Keriting,63750.0,39283.333333333336,24466.666666666664,62.28,1850.0,62600.0,67934.375,830.1606270276013,2026,1,4,3,DEFISIT
2026-01-23,Kalimantan Tengah,Cabai Merah Keriting,63750.0,39050.0,24700.0,63.25,0.0,62600.0,67688.23529411765,830.1606270276013,2026,1,4,4,DEFISIT
2026-01-26,Kalimantan Tengah,Cabai Merah Keriting,63750.0,39381.818181818184,24368.181818181816,61.88,0.0,62778.57142857143,67469.44444444444,933.1207240836915,2026,1,5,0,DEFISIT
2026-01-27,Kalimantan Tengah,Cabai Merah Keriting,62500.0,39468.181818181816,23031.818181818184,58.36,-1250.0,62778.57142857143,67207.8947368421,933.1207240836915,2026,1,5,1,DEFISIT
2026-01-28,Kalimantan Tengah,Cabai Merah Keriting,63150.0,39837.878787878784,23312.121212121216,58.52,650.0,62957.142857142855,67005.0,853.1454406238861,2026,1,5,2,DEFISIT
2026-01-29,Kalimantan Tengah,Cabai Merah Keriting,63150.0,39934.84848484849,23215.151515151512,58.13,0.0,63135.71428571428,66821.42857142857,714.5594713495962,2026,1,5,3,DEFISIT
2026-01-30,Kalimantan Tengah,Cabai Merah Keriting,63150.0,39937.878787878784,23212.121212121216,58.12,0.0,63314.28571428572,66654.54545454546,467.89803529053535,2026,1,5,4,DEFISIT
2026-02-02,Kalimantan Tengah,Cabai Merah Keriting,61900.0,40795.454545454544,21104.545454545456,51.73,-1250.0,63050.0,66447.82608695653,662.6965117358352,2026,2,6,0,DEFISIT
2026-02-03,Kalimantan Tengah,Cabai Merah Keriting,61900.0,41516.666666666664,20383.333333333336,49.1,0.0,62785.71428571428,66258.33333333333,704.5768740377122,2026,2,6,1,DEFISIT
2026-02-04,Kalimantan Tengah,Cabai Merah Keriting,61900.0,42300.0,19600.0,46.34,0.0,62521.42857142857,66084.0,625.0714244904149,2026,2,6,2,DEFISIT
2026-02-05,Kalimantan Tengah,Cabai Merah Keriting,61900.0,42734.84848484849,19165.151515151512,44.85,0.0,62435.71428571428,65923.07692307692,668.1531047812053,2026,2,6,3,DEFISIT
2026-02-06,Kalimantan Tengah,Cabai Merah Keriting,62500.0,42913.63636363636,19586.36363636364,45.64,600.0,62342.857142857145,65796.29629629629,593.3159441006158,2026,2,6,4,DEFISIT
2026-02-09,Kalimantan Tengah,Cabai Merah Keriting,66250.0,45203.030303030304,21046.969696969696,46.56,3750.0,62785.71428571428,65812.5,1599.6651435312192,2026,2,7,0,DEFISIT
2026-02-10,Kalimantan Tengah,Cabai Merah Keriting,73750.0,45727.27272727273,28022.727272727272,61.28,7500.0,64300.0,66086.20689655172,4460.661385938204,2026,2,7,1,DEFISIT
2026-02-11,Kalimantan Tengah,Cabai Merah Keriting,73750.0,46425.757575757576,27324.242424242424,58.86,0.0,65992.85714285714,66341.66666666667,5520.675424516209,2026,2,7,2,DEFISIT
2026-02-12,Kalimantan Tengah,Cabai Merah Keriting,73750.0,46254.545454545456,27495.454545454544,59.44,0.0,67685.71428571429,65841.66666666667,5862.715119415969,2026,2,7,3,DEFISIT
2026-02-13,Kalimantan Tengah,Cabai Merah Keriting,71250.0,46590.90909090909,24659.09090909091,52.93,-2500.0,69021.42857142857,65258.333333333336,5369.191213368568,2026,2,7,4,DEFISIT
2026-02-16,Kalimantan Tengah,Cabai Merah Keriting,71250.0,46657.57575757576,24592.42424242424,52.71,0.0,70357.14285714286,65216.666666666664,4372.8736329242,2026,2,8,0,DEFISIT
2026-02-17,Kalimantan Tengah,Cabai Merah Keriting,71250.0,46695.454545454544,24554.545454545456,52.58,0.0,71607.14285714286,65175.0,2672.6124191242066,2026,2,8,1,DEFISIT
2026-02-18,Kalimantan Tengah,Cabai Merah Keriting,72500.0,50175.757575757576,22324.242424242424,44.49,1250.0,72500.0,65425.0,1249.999999999899,2026,2,8,2,DEFISIT
2026-02-19,Kalimantan Tengah,Cabai Merah Keriting,72500.0,50419.69696969697,22080.303030303032,43.79,0.0,72321.42857142857,65675.0,1124.6692635529398,2026,2,8,3,DEFISIT
2026-02-20,Kalimantan Tengah,Cabai Merah Keriting,72500.0,51990.90909090909,20509.09090909091,39.45,0.0,72142.85714285714,65925.0,944.9111825229459,2026,2,8,4,DEFISIT
2026-02-23,Kalimantan Tengah,Cabai Merah Keriting,71250.0,50343.93939393939,20906.060606060608,41.53,-1250.0,71785.71428571429,66050.0,668.1531047808974,2026,2,9,0,DEFISIT
2026-02-24,Kalimantan Tengah,Cabai Merah Keriting,71250.0,49315.15151515151,21934.848484848488,44.48,0.0,71785.71428571429,66300.0,668.1531047808974,2026,2,9,1,DEFISIT
2026-02-25,Kalimantan Tengah,Cabai Merah Keriting,71250.0,47557.57575757576,23692.42424242424,49.82,0.0,71785.71428571429,66550.0,668.1531047808974,2026,2,9,2,DEFISIT
2026-02-26,Kalimantan Tengah,Cabai Merah Keriting,71250.0,46383.333333333336,24866.666666666664,53.61,0.0,71785.71428571429,66841.66666666667,668.1531047808974,2026,2,9,3,DEFISIT
2026-02-27,Kalimantan Tengah,Cabai Merah Keriting,71250.0,45580.30303030303,25669.696969696968,56.32,0.0,71607.14285714286,67133.33333333333,609.9375455926597,2026,2,9,4,DEFISIT
2026-03-02,Kalimantan Tengah,Cabai Merah Keriting,72500.0,44621.21212121212,27878.78787878788,62.48,1250.0,71607.14285714286,67486.66666666667,609.9375455926597,2026,3,10,0,DEFISIT
2026-03-03,Kalimantan Tengah,Cabai Merah Keriting,72500.0,44218.181818181816,28281.818181818184,63.96,0.0,71607.14285714286,67840.0,609.9375455926597,2026,3,10,1,DEFISIT
2026-03-04,Kalimantan Tengah,Cabai Merah Keriting,72500.0,44030.30303030303,28469.696969696968,64.66,0.0,71785.71428571429,68193.33333333333,668.1531047808974,2026,3,10,2,DEFISIT
2026-03-05,Kalimantan Tengah,Cabai Merah Keriting,70000.0,43909.09090909091,26090.90909090909,59.42,-2500.0,71607.14285714286,68401.66666666667,944.9111825229586,2026,3,10,3,DEFISIT
2026-03-06,Kalimantan Tengah,Cabai Merah Keriting,70000.0,43951.51515151515,26048.484848484848,59.27,0.0,71428.57142857143,68610.0,1124.669263552961,2026,3,10,4,DEFISIT
2026-03-09,Kalimantan Tengah,Cabai Merah Keriting,70650.0,43463.63636363636,27186.36363636364,62.55,650.0,71342.85714285714,68840.0,1162.765586661225,2026,3,11,0,DEFISIT
2026-03-10,Kalimantan Tengah,Cabai Merah Keriting,70650.0,43716.666666666664,26933.333333333336,61.61,0.0,71257.14285714286,69111.66666666667,1192.4863980455411,2026,3,11,1,DEFISIT
2026-03-11,Kalimantan Tengah,Cabai Merah Keriting,70650.0,44330.30303030303,26319.696969696968,59.37,0.0,70992.85714285714,69361.66666666667,1069.8241956151699,2026,3,11,2,DEFISIT
2026-03-12,Kalimantan Tengah,Cabai Merah Keriting,70650.0,45590.90909090909,25059.09090909091,54.97,0.0,70728.57142857143,69611.66666666667,839.0754549189681,2026,3,11,3,DEFISIT
2026-03-13,Kalimantan Tengah,Cabai Merah Keriting,73150.0,47233.333333333336,25916.666666666664,54.87,2500.0,70821.42857142857,69945.0,1071.5476124345253,2026,3,11,4,DEFISIT
2026-03-16,Kalimantan Tengah,Cabai Merah Keriting,80650.0,51990.90909090909,28659.09090909091,55.12,7500.0,72342.85714285714,70570.0,3799.38904863096,2026,3,12,0,DEFISIT
2026-03-17,Kalimantan Tengah,Cabai Merah Keriting,80650.0,54706.06060606061,25943.939393939392,47.42,0.0,73864.28571428571,71195.0,4724.555912615298,2026,3,12,1,DEFISIT
2026-03-18,Kalimantan Tengah,Cabai Merah Keriting,80650.0,54866.666666666664,25783.333333333336,46.99,0.0,75292.85714285714,71820.0,5088.502445991024,2026,3,12,2,DEFISIT
2026-03-19,Kalimantan Tengah,Cabai Merah Keriting,80650.0,54840.90909090909,25809.09090909091,47.06,0.0,76721.42857142857,72445.0,4970.148986939964,2026,3,12,3,DEFISIT
2026-03-20,Kalimantan Tengah,Cabai Merah Keriting,80650.0,54828.78787878788,25821.21212121212,47.09,0.0,78150.0,73050.0,4330.127018922115,2026,3,12,4,DEFISIT
2026-03-23,Kalimantan Tengah,Cabai Merah Keriting,80650.0,54781.818181818184,25868.181818181816,47.22,0.0,79578.57142857143,73530.0,2834.7335475690775,2026,3,13,0,DEFISIT
2026-03-24,Kalimantan Tengah,Cabai Merah Keriting,80650.0,54672.72727272727,25977.272727272728,47.51,0.0,80650.0,73760.0,0.0,2026,3,13,1,DEFISIT
2026-03-25,Kalimantan Tengah,Cabai Merah Keriting,103750.0,53190.90909090909,50559.09090909091,95.05,23100.0,83950.0,74760.0,8730.979326513148,2026,3,13,2,DEFISIT
2026-03-26,Kalimantan Tengah,Cabai Merah Keriting,103750.0,51804.545454545456,51945.454545454544,100.27,0.0,87250.0,75760.0,11271.645842555557,2026,3,13,3,DEFISIT
2026-03-27,Kalimantan Tengah,Cabai Merah Keriting,103750.0,50731.818181818184,53018.181818181816,104.51,0.0,90550.0,76843.33333333333,12347.469376354007,2026,3,13,4,DEFISIT
2026-03-30,Kalimantan Tengah,Cabai Merah Keriting,86900.0,46140.90909090909,40759.09090909091,88.34,-16850.0,91442.85714285714,77365.0,11722.429660392812,2026,3,14,0,DEFISIT
2026-03-31,Kalimantan Tengah,Cabai Merah Keriting,80650.0,45778.78787878788,34871.21212121212,76.17,-6250.0,91442.85714285714,77678.33333333333,11722.429660392812,2026,3,14,1,DEFISIT
2026-04-01,Kalimantan Tengah,Cabai Merah Keriting,80650.0,45198.48484848485,35451.51515151515,78.44,0.0,91442.85714285714,77950.0,11722.429660392812,2026,4,14,2,DEFISIT
2026-04-02,Kalimantan Tengah,Cabai Merah Keriting,80650.0,44396.969696969696,36253.030303030304,81.66,0.0,91442.85714285714,78221.66666666667,11722.429660392812,2026,4,14,3,DEFISIT
2026-04-03,Kalimantan Tengah,Cabai Merah Keriting,80650.0,44231.818181818184,36418.181818181816,82.33,0.0,88142.85714285714,78493.33333333333,10903.226914214763,2026,4,14,4,DEFISIT
2026-04-06,Kalimantan Tengah,Cabai Merah Keriting,80650.0,44618.181818181816,36031.818181818184,80.76,0.0,84842.85714285714,78806.66666666667,8656.52107620938,2026,4,15,0,DEFISIT
2026-04-07,Kalimantan Tengah,Cabai Merah Keriting,80650.0,44696.969696969696,35953.030303030304,80.44,0.0,81542.85714285714,79120.0,2362.2779563076865,2026,4,15,1,DEFISIT
2026-04-08,Kalimantan Tengah,Cabai Merah Keriting,78750.0,44775.757575757576,33974.242424242424,75.88,-1900.0,80378.57142857143,79370.0,718.1324987175332,2026,4,15,2,DEFISIT
2026-04-09,Kalimantan Tengah,Cabai Merah Keriting,78750.0,45248.48484848485,33501.51515151515,74.04,0.0,80107.14285714286,79620.0,927.1050693011109,2026,4,15,3,DEFISIT
2026-04-10,Kalimantan Tengah,Cabai Merah Keriting,79400.0,44931.818181818184,34468.181818181816,76.71,650.0,79928.57142857143,79891.66666666667,925.4985786308017,2026,4,15,4,DEFISIT
2026-04-13,Kalimantan Tengah,Cabai Merah Keriting,79400.0,44707.57575757576,34692.42424242424,77.6,0.0,79750.0,80121.66666666667,882.7041784577038,2026,4,16,0,DEFISIT
2026-01-01,Kalimantan Timur,Cabai Merah Keriting,43750.0,49296.969696969696,-5546.969696969696,-11.25,,43750.0,43750.0,,2026,1,1,3,SURPLUS
2026-01-02,Kalimantan Timur,Cabai Merah Keriting,42500.0,49380.30303030303,-6880.303030303032,-13.93,-1250.0,43125.0,43125.0,883.8834764831844,2026,1,1,4,SURPLUS
2026-01-05,Kalimantan Timur,Cabai Merah Keriting,42500.0,48063.63636363636,-5563.63636363636,-11.58,0.0,42916.666666666664,42916.666666666664,721.6878364870316,2026,1,2,0,SURPLUS
2026-01-06,Kalimantan Timur,Cabai Merah Keriting,42500.0,47307.57575757576,-4807.57575757576,-10.16,0.0,42812.5,42812.5,624.9999999999994,2026,1,2,1,SURPLUS
2026-01-07,Kalimantan Timur,Cabai Merah Keriting,41650.0,46007.57575757576,-4357.57575757576,-9.47,-850.0,42580.0,42580.0,750.4998334443516,2026,1,2,2,SURPLUS
2026-01-08,Kalimantan Timur,Cabai Merah Keriting,40150.0,44760.606060606064,-4610.606060606064,-10.3,-1500.0,42175.0,42175.0,1197.8105025420339,2026,1,2,3,SURPLUS
2026-01-09,Kalimantan Timur,Cabai Merah Keriting,40150.0,43928.78787878788,-3778.78787878788,-8.6,0.0,41885.71428571428,41885.71428571428,1334.7016788138726,2026,1,2,4,SURPLUS
2026-01-12,Kalimantan Timur,Cabai Merah Keriting,37750.0,42260.606060606064,-4510.606060606064,-10.67,-2400.0,41028.57142857143,41368.75,1787.6560870912174,2026,1,3,0,SURPLUS
2026-01-13,Kalimantan Timur,Cabai Merah Keriting,37350.0,41421.21212121212,-4071.21212121212,-9.83,-400.0,40292.857142857145,40922.22222222222,2111.5611466851883,2026,1,3,1,SURPLUS
2026-01-14,Kalimantan Timur,Cabai Merah Keriting,37750.0,41259.09090909091,-3509.0909090909117,-8.51,400.0,39614.28571428572,40605.0,2046.2800162152505,2026,1,3,2,SURPLUS
2026-01-15,Kalimantan Timur,Cabai Merah Keriting,37650.0,40803.030303030304,-3153.030303030304,-7.73,-100.0,38921.42857142857,40336.36363636364,1697.7576247453364,2026,1,3,3,SURPLUS
2026-01-16,Kalimantan Timur,Cabai Merah Keriting,37650.0,40739.393939393936,-3089.3939393939363,-7.58,0.0,38350.0,40112.5,1236.9316876852838,2026,1,3,4,SURPLUS
2026-01-19,Kalimantan Timur,Cabai Merah Keriting,38150.0,40203.030303030304,-2053.030303030304,-5.11,500.0,38064.28571428572,39961.53846153846,949.4359227607367,2026,1,4,0,SURPLUS
2026-01-20,Kalimantan Timur,Cabai Merah Keriting,38100.0,39850.0,-1750.0,-4.39,-50.0,37771.42857142857,39828.57142857143,276.672403841758,2026,1,4,1,NORMAL
2026-01-21,Kalimantan Timur,Cabai Merah Keriting,37350.0,39424.242424242424,-2074.242424242424,-5.26,-750.0,37714.28571428572,39663.333333333336,319.7841533939147,2026,1,4,2,SURPLUS
2026-01-22,Kalimantan Timur,Cabai Merah Keriting,36500.0,39283.333333333336,-2783.3333333333358,-7.09,-850.0,37592.857142857145,39465.625,555.5992046344509,2026,1,4,3,SURPLUS
2026-01-23,Kalimantan Timur,Cabai Merah Keriting,36250.0,39050.0,-2800.0,-7.17,-250.0,37378.57142857143,39276.470588235294,742.6625202927503,2026,1,4,4,SURPLUS
2026-01-26,Kalimantan Timur,Cabai Merah Keriting,37750.0,39381.818181818184,-1631.8181818181838,-4.14,1500.0,37392.857142857145,39191.666666666664,749.6824724666902,2026,1,5,0,NORMAL
2026-01-27,Kalimantan Timur,Cabai Merah Keriting,37750.0,39468.181818181816,-1718.1818181818162,-4.35,0.0,37407.142857142855,39115.78947368421,756.3225565350865,2026,1,5,1,NORMAL
2026-01-28,Kalimantan Timur,Cabai Merah Keriting,37350.0,39837.878787878784,-2487.8787878787844,-6.25,-400.0,37292.857142857145,39027.5,682.1709044345896,2026,1,5,2,SURPLUS
2026-01-29,Kalimantan Timur,Cabai Merah Keriting,36900.0,39934.84848484849,-3034.8484848484877,-7.6,-450.0,37121.42857142857,38926.19047619047,590.0968443520563,2026,1,5,3,SURPLUS
2026-01-30,Kalimantan Timur,Cabai Merah Keriting,36500.0,39937.878787878784,-3437.8787878787844,-8.61,-400.0,37000.0,38815.90909090909,621.8252702058998,2026,1,5,4,SURPLUS
2026-02-02,Kalimantan Timur,Cabai Merah Keriting,38150.0,40795.454545454544,-2645.454545454544,-6.48,1650.0,37235.71428571428,38786.95652173913,707.5275528876626,2026,2,6,0,SURPLUS
2026-02-03,Kalimantan Timur,Cabai Merah Keriting,37650.0,41516.666666666664,-3866.6666666666642,-9.31,-500.0,37435.71428571428,38739.583333333336,566.2113016314656,2026,2,6,1,SURPLUS
2026-02-04,Kalimantan Timur,Cabai Merah Keriting,38500.0,42300.0,-3800.0,-8.98,850.0,37542.857142857145,38730.0,692.4765768773468,2026,2,6,2,SURPLUS
2026-02-05,Kalimantan Timur,Cabai Merah Keriting,38750.0,42734.84848484849,-3984.8484848484877,-9.32,250.0,37685.71428571428,38730.769230769234,831.5218406202729,2026,2,6,3,SURPLUS
2026-02-06,Kalimantan Timur,Cabai Merah Keriting,37900.0,42913.63636363636,-5013.63636363636,-11.68,-850.0,37764.28571428572,38700.0,820.4238161433341,2026,2,6,4,SURPLUS
2026-02-09,Kalimantan Timur,Cabai Merah Keriting,39600.0,45203.030303030304,-5603.030303030304,-12.4,1700.0,38150.0,38732.142857142855,967.8154093971702,2026,2,7,0,SURPLUS
2026-02-10,Kalimantan Timur,Cabai Merah Keriting,39150.0,45727.27272727273,-6577.272727272728,-14.38,-450.0,38528.57142857143,38746.55172413793,694.5365018347791,2026,2,7,1,SURPLUS
2026-02-11,Kalimantan Timur,Cabai Merah Keriting,39000.0,46425.757575757576,-7425.757575757576,-15.99,-150.0,38650.0,38755.0,691.6164640415028,2026,2,7,2,SURPLUS
2026-02-12,Kalimantan Timur,Cabai Merah Keriting,39250.0,46254.545454545456,-7004.545454545456,-15.14,250.0,38878.57142857143,38605.0,557.4175147178466,2026,2,7,3,SURPLUS
2026-02-13,Kalimantan Timur,Cabai Merah Keriting,39000.0,46590.90909090909,-7590.909090909088,-16.29,-250.0,38950.0,38488.333333333336,532.2906474223153,2026,2,7,4,SURPLUS
2026-02-16,Kalimantan Timur,Cabai Merah Keriting,39150.0,46657.57575757576,-7507.57575757576,-16.09,150.0,39007.142857142855,38376.666666666664,528.7001130354927,2026,2,8,0,SURPLUS
2026-02-17,Kalimantan Timur,Cabai Merah Keriting,39000.0,46695.454545454544,-7695.454545454544,-16.48,-150.0,39164.28571428572,38260.0,215.47290184267462,2026,2,8,1,SURPLUS
2026-02-18,Kalimantan Timur,Cabai Merah Keriting,40100.0,50175.757575757576,-10075.757575757576,-20.08,1100.0,39235.71428571428,38208.333333333336,393.39789623463344,2026,2,8,2,SURPLUS
2026-02-19,Kalimantan Timur,Cabai Merah Keriting,40400.0,50419.69696969697,-10019.696969696968,-19.87,300.0,39414.28571428572,38216.666666666664,585.0315416811588,2026,2,8,3,SURPLUS
2026-02-20,Kalimantan Timur,Cabai Merah Keriting,40850.0,51990.90909090909,-11140.909090909088,-21.43,450.0,39678.57142857143,38240.0,758.7583842793526,2026,2,8,4,SURPLUS
2026-02-23,Kalimantan Timur,Cabai Merah Keriting,42900.0,50343.93939393939,-7443.939393939392,-14.79,2050.0,40200.0,38411.666666666664,1399.1068579632965,2026,2,9,0,SURPLUS
2026-02-24,Kalimantan Timur,Cabai Merah Keriting,42900.0,49315.15151515151,-6415.151515151512,-13.01,0.0,40757.142857142855,38596.666666666664,1603.233340115241,2026,2,9,1,SURPLUS
2026-02-25,Kalimantan Timur,Cabai Merah Keriting,44150.0,47557.57575757576,-3407.57575757576,-7.17,1250.0,41471.42857142857,38810.0,1860.9713285578086,2026,2,9,2,SURPLUS
2026-02-26,Kalimantan Timur,Cabai Merah Keriting,44150.0,46383.333333333336,-2233.3333333333358,-4.81,0.0,42207.142857142855,39026.666666666664,1734.7979160477844,2026,2,9,3,NORMAL
2026-02-27,Kalimantan Timur,Cabai Merah Keriting,45000.0,45580.30303030303,-580.3030303030318,-1.27,850.0,42907.142857142855,39271.666666666664,1731.4321074928284,2026,2,9,4,NORMAL
2026-03-02,Kalimantan Timur,Cabai Merah Keriting,41650.0,44621.21212121212,-2971.21212121212,-6.66,-3350.0,43085.71428571428,39388.333333333336,1475.2723719464425,2026,3,10,0,SURPLUS
2026-03-03,Kalimantan Timur,Cabai Merah Keriting,41650.0,44218.181818181816,-2568.181818181816,-5.81,0.0,43200.0,39506.666666666664,1292.9294902145964,2026,3,10,1,SURPLUS
2026-03-04,Kalimantan Timur,Cabai Merah Keriting,40850.0,44030.30303030303,-3180.303030303032,-7.22,-800.0,42907.142857142855,39623.333333333336,1573.8563497103914,2026,3,10,2,SURPLUS
2026-03-05,Kalimantan Timur,Cabai Merah Keriting,40850.0,43909.09090909091,-3059.0909090909117,-6.97,0.0,42614.28571428572,39768.333333333336,1755.6371791352024,2026,3,10,3,SURPLUS
2026-03-06,Kalimantan Timur,Cabai Merah Keriting,40850.0,43951.51515151515,-3101.515151515152,-7.06,0.0,42142.857142857145,39921.666666666664,1717.1751442966954,2026,3,10,4,SURPLUS
2026-03-09,Kalimantan Timur,Cabai Merah Keriting,38350.0,43463.63636363636,-5113.63636363636,-11.77,-2500.0,41314.28571428572,39941.666666666664,1968.2298065593013,2026,3,11,0,SURPLUS
2026-03-10,Kalimantan Timur,Cabai Merah Keriting,38350.0,43716.666666666664,-5366.666666666664,-12.28,0.0,40364.28571428572,39961.666666666664,1421.7695212053368,2026,3,11,1,SURPLUS
2026-03-11,Kalimantan Timur,Cabai Merah Keriting,37900.0,44330.30303030303,-6430.303030303032,-14.51,-450.0,39828.57142857143,39980.0,1556.6676863461125,2026,3,11,2,SURPLUS
2026-03-12,Kalimantan Timur,Cabai Merah Keriting,37900.0,45590.90909090909,-7690.909090909088,-16.87,0.0,39292.857142857145,40013.333333333336,1468.1134638906517,2026,3,11,3,SURPLUS
2026-03-13,Kalimantan Timur,Cabai Merah Keriting,37650.0,47233.333333333336,-9583.333333333336,-20.29,-250.0,38835.71428571428,40051.666666666664,1399.021767079328,2026,3,11,4,SURPLUS
2026-03-16,Kalimantan Timur,Cabai Merah Keriting,43500.0,51990.90909090909,-8490.909090909088,-16.33,5850.0,39214.28571428572,40230.0,2177.099424638609,2026,3,12,0,SURPLUS
2026-03-17,Kalimantan Timur,Cabai Merah Keriting,43900.0,54706.06060606061,-10806.060606060608,-19.75,400.0,39650.0,40438.333333333336,2780.5874679043122,2026,3,12,1,SURPLUS
2026-03-18,Kalimantan Timur,Cabai Merah Keriting,47250.0,54866.666666666664,-7616.666666666664,-13.88,3350.0,40921.42857142857,40730.0,3897.5266882619453,2026,3,12,2,SURPLUS
2026-03-19,Kalimantan Timur,Cabai Merah Keriting,47250.0,54840.90909090909,-7590.909090909088,-13.84,0.0,42192.857142857145,41013.333333333336,4344.86560699603,2026,3,12,3,SURPLUS
2026-03-20,Kalimantan Timur,Cabai Merah Keriting,47250.0,54828.78787878788,-7578.78787878788,-13.82,0.0,43528.57142857143,41325.0,4241.153257355926,2026,3,12,4,SURPLUS
2026-03-23,Kalimantan Timur,Cabai Merah Keriting,47250.0,54781.818181818184,-7531.818181818184,-13.75,0.0,44864.28571428572,41580.0,3596.377145326726,2026,3,13,0,SURPLUS
2026-03-24,Kalimantan Timur,Cabai Merah Keriting,47250.0,54672.72727272727,-7422.727272727272,-13.58,0.0,46235.71428571428,41850.0,1736.0669835661354,2026,3,13,1,SURPLUS
2026-03-25,Kalimantan Timur,Cabai Merah Keriting,58750.0,53190.90909090909,5559.090909090912,10.45,11500.0,48414.28571428572,42508.333333333336,4725.5259218519905,2026,3,13,2,DEFISIT
2026-03-26,Kalimantan Timur,Cabai Merah Keriting,60000.0,51804.545454545456,8195.454545454544,15.82,1250.0,50714.28571428572,43200.0,5927.3880058106915,2026,3,13,3,DEFISIT
2026-03-27,Kalimantan Timur,Cabai Merah Keriting,56500.0,50731.818181818184,5768.181818181816,11.37,-3500.0,52035.71428571428,43783.333333333336,6056.037915840284,2026,3,13,4,DEFISIT
2026-03-30,Kalimantan Timur,Cabai Merah Keriting,51900.0,46140.90909090909,5759.090909090912,12.48,-4600.0,52700.0,44208.333333333336,5687.413002997633,2026,3,14,0,DEFISIT
2026-03-31,Kalimantan Timur,Cabai Merah Keriting,50650.0,45778.78787878788,4871.21212121212,10.64,-1250.0,53185.71428571428,44596.666666666664,5274.602219260564,2026,3,14,1,DEFISIT
2026-04-01,Kalimantan Timur,Cabai Merah Keriting,51250.0,45198.48484848485,6051.515151515152,13.39,600.0,53757.142857142855,44968.333333333336,4710.929541274953,2026,4,14,2,DEFISIT
2026-04-02,Kalimantan Timur,Cabai Merah Keriting,48750.0,44396.969696969696,4353.030303030304,9.8,-2500.0,53971.42857142857,45246.666666666664,4388.70303002085,2026,4,14,3,DEFISIT
2026-04-03,Kalimantan Timur,Cabai Merah Keriting,48750.0,44231.818181818184,4518.181818181816,10.21,0.0,52542.857142857145,45510.0,4197.363117822551,2026,4,14,4,DEFISIT
2026-04-06,Kalimantan Timur,Cabai Merah Keriting,48350.0,44618.181818181816,3731.818181818184,8.36,-400.0,50878.57142857143,45691.666666666664,2836.9374835752365,2026,4,15,0,DEFISIT
2026-04-07,Kalimantan Timur,Cabai Merah Keriting,49150.0,44696.969696969696,4453.030303030304,9.96,800.0,49828.57142857143,45900.0,1411.8124116589256,2026,4,15,1,DEFISIT
2026-04-08,Kalimantan Timur,Cabai Merah Keriting,46650.0,44775.757575757576,1874.242424242424,4.19,-2500.0,49078.57142857143,45983.333333333336,1518.457864319648,2026,4,15,2,NORMAL
2026-04-09,Kalimantan Timur,Cabai Merah Keriting,53750.0,45248.48484848485,8501.515151515152,18.79,7100.0,49521.42857142857,46303.333333333336,2302.6899383939763,2026,4,15,3,DEFISIT
2026-04-10,Kalimantan Timur,Cabai Merah Keriting,46650.0,44931.818181818184,1718.1818181818162,3.82,-7100.0,48864.28571428572,46358.333333333336,2382.175876118682,2026,4,15,4,NORMAL
2026-04-13,Kalimantan Timur,Cabai Merah Keriting,46650.0,44707.57575757576,1942.4242424242402,4.34,0.0,48564.28571428572,46525.0,2526.808640313273,2026,4,16,0,NORMAL
2026-01-01,Kalimantan Utara,Cabai Merah Keriting,60000.0,49296.969696969696,10703.030303030304,21.71,,60000.0,60000.0,,2026,1,1,3,DEFISIT
2026-01-02,Kalimantan Utara,Cabai Merah Keriting,62500.0,49380.30303030303,13119.696969696968,26.57,2500.0,61250.0,61250.0,1767.7669529663688,2026,1,1,4,DEFISIT
2026-01-05,Kalimantan Utara,Cabai Merah Keriting,63750.0,48063.63636363636,15686.36363636364,32.64,1250.0,62083.333333333336,62083.333333333336,1909.4065395649325,2026,1,2,0,DEFISIT
2026-01-06,Kalimantan Utara,Cabai Merah Keriting,65000.0,47307.57575757576,17692.42424242424,37.4,1250.0,62812.5,62812.5,2134.7814095749154,2026,1,2,1,DEFISIT
2026-01-07,Kalimantan Utara,Cabai Merah Keriting,59400.0,46007.57575757576,13392.42424242424,29.11,-5600.0,62130.0,62130.0,2397.290136800299,2026,1,2,2,DEFISIT
2026-01-08,Kalimantan Utara,Cabai Merah Keriting,55000.0,44760.606060606064,10239.393939393936,22.88,-4400.0,60941.666666666664,60941.666666666664,3615.3031223766925,2026,1,2,3,DEFISIT
2026-01-09,Kalimantan Utara,Cabai Merah Keriting,50650.0,43928.78787878788,6721.21212121212,15.3,-4350.0,59471.42857142857,59471.42857142857,5101.295353703242,2026,1,2,4,DEFISIT
2026-01-12,Kalimantan Utara,Cabai Merah Keriting,55000.0,42260.606060606064,12739.393939393936,30.14,4350.0,58757.142857142855,58912.5,5358.515697111512,2026,1,3,0,DEFISIT
2026-01-13,Kalimantan Utara,Cabai Merah Keriting,55000.0,41421.21212121212,13578.78787878788,32.78,0.0,57685.71428571428,58477.77777777778,5233.7617355743205,2026,1,3,1,DEFISIT
2026-01-14,Kalimantan Utara,Cabai Merah Keriting,55000.0,41259.09090909091,13740.909090909088,33.3,0.0,56435.71428571428,58130.0,4543.37560683265,2026,1,3,2,DEFISIT
2026-01-15,Kalimantan Utara,Cabai Merah Keriting,55000.0,40803.030303030304,14196.969696969696,34.79,0.0,55007.142857142855,57845.454545454544,2525.93688417926,2026,1,3,3,DEFISIT
2026-01-16,Kalimantan Utara,Cabai Merah Keriting,55000.0,40739.393939393936,14260.606060606064,35.0,0.0,54378.57142857143,57608.333333333336,1644.1454575901662,2026,1,3,4,DEFISIT
2026-01-19,Kalimantan Utara,Cabai Merah Keriting,50650.0,40203.030303030304,10446.969696969696,25.99,-4350.0,53757.142857142855,57073.07692307692,2122.5826586630833,2026,1,4,0,DEFISIT
2026-01-20,Kalimantan Utara,Cabai Merah Keriting,55650.0,39850.0,15800.0,39.65,5000.0,54471.42857142857,56971.42857142857,1702.4142520885964,2026,1,4,1,DEFISIT
2026-01-21,Kalimantan Utara,Cabai Merah Keriting,54400.0,39424.242424242424,14975.757575757576,37.99,-1250.0,54385.71428571428,56800.0,1686.3951409526364,2026,1,4,2,DEFISIT
2026-01-22,Kalimantan Utara,Cabai Merah Keriting,54400.0,39283.333333333336,15116.666666666664,38.48,0.0,54300.0,56650.0,1665.0825805346994,2026,1,4,3,DEFISIT
2026-01-23,Kalimantan Utara,Cabai Merah Keriting,54400.0,39050.0,15350.0,39.31,0.0,54214.28571428572,56517.64705882353,1638.269993446949,2026,1,4,4,DEFISIT
2026-01-26,Kalimantan Utara,Cabai Merah Keriting,56900.0,39381.818181818184,17518.181818181816,44.48,2500.0,54485.71428571428,56538.88888888889,1922.8265404768035,2026,1,5,0,DEFISIT
2026-01-27,Kalimantan Utara,Cabai Merah Keriting,58150.0,39468.181818181816,18681.818181818184,47.33,1250.0,54935.71428571428,56623.68421052631,2377.9743280283706,2026,1,5,1,DEFISIT
2026-01-28,Kalimantan Utara,Cabai Merah Keriting,60000.0,39837.878787878784,20162.121212121216,50.61,1850.0,56271.42857142857,56792.5,2187.8180040962397,2026,1,5,2,DEFISIT
2026-01-29,Kalimantan Utara,Cabai Merah Keriting,57500.0,39934.84848484849,17565.151515151512,43.98,-2500.0,56535.71428571428,56826.19047619047,2211.8458139666814,2026,1,5,3,DEFISIT
2026-01-30,Kalimantan Utara,Cabai Merah Keriting,58750.0,39937.878787878784,18812.121212121216,47.1,1250.0,57157.142857142855,56913.63636363636,2121.0116633791736,2026,1,5,4,DEFISIT
2026-02-02,Kalimantan Utara,Cabai Merah Keriting,57500.0,40795.454545454544,16704.545454545456,40.95,-1250.0,57600.0,56939.13043478261,1738.5338650713709,2026,2,6,0,DEFISIT
2026-02-03,Kalimantan Utara,Cabai Merah Keriting,56900.0,41516.666666666664,15383.333333333336,37.05,-600.0,57957.142857142855,56937.5,1117.4481984371662,2026,2,6,1,DEFISIT
2026-02-04,Kalimantan Utara,Cabai Merah Keriting,57500.0,42300.0,15200.0,35.93,600.0,58042.857142857145,56960.0,1043.403314251238,2026,2,6,2,DEFISIT
2026-02-05,Kalimantan Utara,Cabai Merah Keriting,56900.0,42734.84848484849,14165.151515151512,33.15,-600.0,57864.28571428572,56957.692307692305,1125.7272781459553,2026,2,6,3,DEFISIT
2026-02-06,Kalimantan Utara,Cabai Merah Keriting,56900.0,42913.63636363636,13986.36363636364,32.59,0.0,57421.42857142857,56955.555555555555,658.1901592353773,2026,2,6,4,DEFISIT
2026-02-09,Kalimantan Utara,Cabai Merah Keriting,61250.0,45203.030303030304,16046.969696969696,35.5,4350.0,57957.142857142855,57108.92857142857,1593.8497867920742,2026,2,7,0,DEFISIT
2026-02-10,Kalimantan Utara,Cabai Merah Keriting,61250.0,45727.27272727273,15522.727272727272,33.95,0.0,58314.28571428572,57251.724137931036,2023.3458852674116,2026,2,7,1,DEFISIT
2026-02-11,Kalimantan Utara,Cabai Merah Keriting,62500.0,46425.757575757576,16074.242424242424,34.62,1250.0,59028.57142857143,57426.666666666664,2511.6158714489525,2026,2,7,2,DEFISIT
2026-02-12,Kalimantan Utara,Cabai Merah Keriting,60000.0,46254.545454545456,13745.454545454544,29.72,-2500.0,59471.42857142857,57426.666666666664,2341.2705138551623,2026,2,7,3,DEFISIT
2026-02-13,Kalimantan Utara,Cabai Merah Keriting,62500.0,46590.90909090909,15909.090909090912,34.15,2500.0,60185.71428571428,57426.666666666664,2401.5124202805846,2026,2,7,4,DEFISIT
2026-02-16,Kalimantan Utara,Cabai Merah Keriting,62500.0,46657.57575757576,15842.42424242424,33.95,0.0,60985.71428571428,57385.0,2028.2821725363026,2026,2,8,0,DEFISIT
2026-02-17,Kalimantan Utara,Cabai Merah Keriting,62500.0,46695.454545454544,15804.545454545456,33.85,0.0,61785.71428571428,57301.666666666664,983.4947405868128,2026,2,8,1,DEFISIT
2026-02-18,Kalimantan Utara,Cabai Merah Keriting,61900.0,50175.757575757576,11724.242424242424,23.37,-600.0,61878.57142857143,57385.0,954.7500296138444,2026,2,8,2,DEFISIT
2026-02-19,Kalimantan Utara,Cabai Merah Keriting,61900.0,50419.69696969697,11480.303030303032,22.77,0.0,61971.42857142857,57615.0,914.174100330076,2026,2,8,3,DEFISIT
2026-02-20,Kalimantan Utara,Cabai Merah Keriting,61900.0,51990.90909090909,9909.090909090912,19.06,0.0,61885.71428571428,57990.0,883.9844859660087,2026,2,8,4,DEFISIT
2026-02-23,Kalimantan Utara,Cabai Merah Keriting,61900.0,50343.93939393939,11556.060606060608,22.95,0.0,62157.142857142855,58220.0,320.7134902949377,2026,2,9,0,DEFISIT
2026-02-24,Kalimantan Utara,Cabai Merah Keriting,64400.0,49315.15151515151,15084.848484848488,30.59,2500.0,62428.57142857143,58533.333333333336,914.1741003300762,2026,2,9,1,DEFISIT
2026-02-25,Kalimantan Utara,Cabai Merah Keriting,61900.0,47557.57575757576,14342.42424242424,30.16,-2500.0,62342.857142857145,58763.333333333336,934.2682392424354,2026,2,9,2,DEFISIT
2026-02-26,Kalimantan Utara,Cabai Merah Keriting,61900.0,46383.333333333336,15516.666666666664,33.45,0.0,62257.142857142855,58993.333333333336,944.9111825230766,2026,2,9,3,DEFISIT
2026-02-27,Kalimantan Utara,Cabai Merah Keriting,60650.0,45580.30303030303,15069.696969696968,33.06,-1250.0,62078.57142857143,59181.666666666664,1124.6692635530521,2026,2,9,4,DEFISIT
2026-03-02,Kalimantan Utara,Cabai Merah Keriting,60000.0,44621.21212121212,15378.78787878788,34.47,-650.0,61807.142857142855,59493.333333333336,1376.1142671270009,2026,3,10,0,DEFISIT
2026-03-03,Kalimantan Utara,Cabai Merah Keriting,60000.0,44218.181818181816,15781.818181818184,35.69,0.0,61535.71428571428,59638.333333333336,1533.1651046430839,2026,3,10,1,DEFISIT
2026-03-04,Kalimantan Utara,Cabai Merah Keriting,60650.0,44030.30303030303,16619.696969696968,37.75,650.0,61357.142857142855,59846.666666666664,1556.2852596885332,2026,3,10,2,DEFISIT
2026-03-05,Kalimantan Utara,Cabai Merah Keriting,60650.0,43909.09090909091,16740.90909090909,38.13,0.0,60821.42857142857,60055.0,792.0738301326047,2026,3,10,3,DEFISIT
2026-03-06,Kalimantan Utara,Cabai Merah Keriting,60000.0,43951.51515151515,16048.484848484848,36.51,-650.0,60550.0,60241.666666666664,678.232998312507,2026,3,10,4,DEFISIT
2026-03-09,Kalimantan Utara,Cabai Merah Keriting,59400.0,43463.63636363636,15936.36363636364,36.67,-600.0,60192.857142857145,60325.0,477.3438413314924,2026,3,11,0,DEFISIT
2026-03-10,Kalimantan Utara,Cabai Merah Keriting,58750.0,43716.666666666664,15033.333333333336,34.39,-650.0,59921.42857142857,60345.0,673.8305566294633,2026,3,11,1,DEFISIT
2026-03-11,Kalimantan Utara,Cabai Merah Keriting,58750.0,44330.30303030303,14419.696969696968,32.53,0.0,59742.857142857145,60303.333333333336,802.8224022308766,2026,3,11,2,DEFISIT
2026-03-12,Kalimantan Utara,Cabai Merah Keriting,58750.0,45590.90909090909,13159.090909090912,28.86,0.0,59564.28571428572,60345.0,872.1211143500518,2026,3,11,3,DEFISIT
2026-03-13,Kalimantan Utara,Cabai Merah Keriting,67500.0,47233.333333333336,20266.666666666664,42.91,8750.0,60542.857142857145,60636.666666666664,3153.2296368734587,2026,3,11,4,DEFISIT
2026-03-16,Kalimantan Utara,Cabai Merah Keriting,73750.0,51990.90909090909,21759.09090909091,41.85,6250.0,62414.28571428572,61178.333333333336,5909.858591491731,2026,3,12,0,DEFISIT
2026-03-17,Kalimantan Utara,Cabai Merah Keriting,80000.0,54706.06060606061,25293.939393939392,46.24,6250.0,65271.42857142857,61948.333333333336,8716.309288858893,2026,3,12,1,DEFISIT
2026-03-18,Kalimantan Utara,Cabai Merah Keriting,80000.0,54866.666666666664,25133.333333333336,45.81,0.0,68214.28571428571,62698.333333333336,9812.225125055085,2026,3,12,2,DEFISIT
2026-03-19,Kalimantan Utara,Cabai Merah Keriting,80000.0,54840.90909090909,25159.09090909091,45.88,0.0,71250.0,63468.333333333336,9682.458365518567,2026,3,12,3,DEFISIT
2026-03-20,Kalimantan Utara,Cabai Merah Keriting,80000.0,54828.78787878788,25171.21212121212,45.91,0.0,74285.71428571429,64238.333333333336,8349.68633571121,2026,3,12,4,DEFISIT
2026-03-23,Kalimantan Utara,Cabai Merah Keriting,80000.0,54781.818181818184,25218.181818181816,46.03,0.0,77321.42857142857,64863.333333333336,4917.473702934089,2026,3,13,0,DEFISIT
2026-03-24,Kalimantan Utara,Cabai Merah Keriting,80000.0,54672.72727272727,25327.272727272728,46.33,0.0,79107.14285714286,65488.333333333336,2362.277956307819,2026,3,13,1,DEFISIT
2026-03-25,Kalimantan Utara,Cabai Merah Keriting,71250.0,53190.90909090909,18059.09090909091,33.95,-8750.0,78750.0,65780.0,3307.189138830738,2026,3,13,2,DEFISIT
2026-03-26,Kalimantan Utara,Cabai Merah Keriting,70650.0,51804.545454545456,18845.454545454544,36.38,-600.0,77414.28571428571,66135.0,4419.343303941803,2026,3,13,3,DEFISIT
2026-03-27,Kalimantan Utara,Cabai Merah Keriting,70000.0,50731.818181818184,19268.181818181816,37.98,-650.0,75985.71428571429,66385.0,5019.687430982327,2026,3,13,4,DEFISIT
2026-03-30,Kalimantan Utara,Cabai Merah Keriting,69400.0,46140.90909090909,23259.09090909091,50.41,-600.0,74471.42857142857,66615.0,5202.391849176782,2026,3,14,0,DEFISIT
2026-03-31,Kalimantan Utara,Cabai Merah Keriting,65000.0,45778.78787878788,19221.21212121212,41.99,-4400.0,72328.57142857143,66698.33333333333,5618.263161545662,2026,3,14,1,DEFISIT
2026-04-01,Kalimantan Utara,Cabai Merah Keriting,62500.0,45198.48484848485,17301.515151515152,38.28,-2500.0,69828.57142857143,66718.33333333333,5528.551433457148,2026,4,14,2,DEFISIT
2026-04-02,Kalimantan Utara,Cabai Merah Keriting,61900.0,44396.969696969696,17503.030303030304,39.42,-600.0,67242.85714285714,66718.33333333333,3999.836306174372,2026,4,14,3,DEFISIT
2026-04-03,Kalimantan Utara,Cabai Merah Keriting,61900.0,44231.818181818184,17668.181818181816,39.94,0.0,65907.14285714286,66718.33333333333,3999.836306174372,2026,4,14,4,DEFISIT
2026-04-06,Kalimantan Utara,Cabai Merah Keriting,61900.0,44618.181818181816,17281.818181818184,38.73,0.0,64657.142857142855,66718.33333333333,3619.786891911913,2026,4,15,0,DEFISIT
2026-04-07,Kalimantan Utara,Cabai Merah Keriting,61250.0,44696.969696969696,16553.030303030304,37.03,-650.0,63407.142857142855,66613.33333333333,2908.096251764024,2026,4,15,1,DEFISIT
2026-04-08,Kalimantan Utara,Cabai Merah Keriting,61900.0,44775.757575757576,17124.242424242424,38.24,650.0,62335.71428571428,66613.33333333333,1229.062747826728,2026,4,15,2,DEFISIT
2026-04-09,Kalimantan Utara,Cabai Merah Keriting,62500.0,45248.48484848485,17251.515151515152,38.13,600.0,61978.57142857143,66633.33333333333,428.03537904527496,2026,4,15,3,DEFISIT
2026-04-10,Kalimantan Utara,Cabai Merah Keriting,62500.0,44931.818181818184,17568.181818181816,39.1,0.0,61978.57142857143,66695.0,428.03537904527496,2026,4,15,4,DEFISIT
2026-04-13,Kalimantan Utara,Cabai Merah Keriting,61250.0,44707.57575757576,16542.42424242424,37.0,-1250.0,61885.71428571428,66736.66666666667,510.4852966495548,2026,4,16,0,DEFISIT
2026-01-01,Kepulauan Bangka Belitung,Cabai Merah Keriting,63900.0,49296.969696969696,14603.030303030304,29.62,,63900.0,63900.0,,2026,1,1,3,DEFISIT
2026-01-02,Kepulauan Bangka Belitung,Cabai Merah Keriting,66250.0,49380.30303030303,16869.696969696968,34.16,2350.0,65075.0,65075.0,1661.7009357883867,2026,1,1,4,DEFISIT
2026-01-05,Kepulauan Bangka Belitung,Cabai Merah Keriting,68650.0,48063.63636363636,20586.36363636364,42.83,2400.0,66266.66666666667,66266.66666666667,2375.0438592441456,2026,1,2,0,DEFISIT
2026-01-06,Kepulauan Bangka Belitung,Cabai Merah Keriting,68650.0,47307.57575757576,21342.42424242424,45.11,0.0,66862.5,66862.5,2276.0986358240257,2026,1,2,1,DEFISIT
2026-01-07,Kepulauan Bangka Belitung,Cabai Merah Keriting,65000.0,46007.57575757576,18992.42424242424,41.28,-3650.0,66490.0,66490.0,2139.918222736559,2026,1,2,2,DEFISIT
2026-01-08,Kepulauan Bangka Belitung,Cabai Merah Keriting,64400.0,44760.606060606064,19639.393939393936,43.88,-600.0,66141.66666666667,66141.66666666667,2095.570725761043,2026,1,2,3,DEFISIT
2026-01-09,Kepulauan Bangka Belitung,Cabai Merah Keriting,64400.0,43928.78787878788,20471.21212121212,46.6,0.0,65892.85714285714,65892.85714285714,2023.0811014037824,2026,1,2,4,DEFISIT
2026-01-12,Kepulauan Bangka Belitung,Cabai Merah Keriting,55750.0,42260.606060606064,13489.393939393936,31.92,-8650.0,64728.57142857143,64625.0,4358.407310671443,2026,1,3,0,DEFISIT
2026-01-13,Kepulauan Bangka Belitung,Cabai Merah Keriting,55150.0,41421.21212121212,13728.78787878788,33.14,-600.0,63142.857142857145,63572.22222222222,5564.877100427029,2026,1,3,1,DEFISIT
2026-01-14,Kepulauan Bangka Belitung,Cabai Merah Keriting,54400.0,41259.09090909091,13140.909090909088,31.85,-750.0,61107.142857142855,62655.0,5815.3122996840975,2026,1,3,2,DEFISIT
2026-01-15,Kepulauan Bangka Belitung,Cabai Merah Keriting,52500.0,40803.030303030304,11696.969696969696,28.67,-1900.0,58800.0,61731.818181818184,5520.190214114003,2026,1,3,3,DEFISIT
2026-01-16,Kepulauan Bangka Belitung,Cabai Merah Keriting,52500.0,40739.393939393936,11760.606060606064,28.87,0.0,57014.28571428572,60962.5,5192.359313269376,2026,1,3,4,DEFISIT
2026-01-19,Kepulauan Bangka Belitung,Cabai Merah Keriting,48650.0,40203.030303030304,8446.969696969696,21.01,-3850.0,54764.28571428572,60015.38461538462,4860.359579094453,2026,1,4,0,DEFISIT
2026-01-20,Kepulauan Bangka Belitung,Cabai Merah Keriting,48650.0,39850.0,8800.0,22.08,0.0,52514.28571428572,59203.57142857143,2910.858161796137,2026,1,4,1,DEFISIT
2026-01-21,Kepulauan Bangka Belitung,Cabai Merah Keriting,48400.0,39424.242424242424,8975.757575757576,22.77,-250.0,51464.28571428572,58483.333333333336,2874.5600077394756,2026,1,4,2,DEFISIT
2026-01-22,Kepulauan Bangka Belitung,Cabai Merah Keriting,48150.0,39283.333333333336,8866.666666666664,22.57,-250.0,50464.28571428572,57837.5,2581.2972006522537,2026,1,4,3,DEFISIT
2026-01-23,Kepulauan Bangka Belitung,Cabai Merah Keriting,48150.0,39050.0,9100.0,23.3,0.0,49571.42857142857,57267.64705882353,2010.9817550260204,2026,1,4,4,DEFISIT
2026-01-26,Kepulauan Bangka Belitung,Cabai Merah Keriting,54400.0,39381.818181818184,15018.181818181816,38.13,6250.0,49842.857142857145,57108.333333333336,2532.6910213296305,2026,1,5,0,DEFISIT
2026-01-27,Kepulauan Bangka Belitung,Cabai Merah Keriting,54400.0,39468.181818181816,14931.818181818184,37.83,0.0,50114.28571428572,56965.78947368421,2934.8075299915595,2026,1,5,1,DEFISIT
2026-01-28,Kepulauan Bangka Belitung,Cabai Merah Keriting,53400.0,39837.878787878784,13562.121212121216,34.04,-1000.0,50792.857142857145,56787.5,3085.10245257059,2026,1,5,2,DEFISIT
2026-01-29,Kepulauan Bangka Belitung,Cabai Merah Keriting,53000.0,39934.84848484849,13065.151515151512,32.72,-400.0,51414.28571428572,56607.142857142855,3018.928381301634,2026,1,5,3,DEFISIT
2026-01-30,Kepulauan Bangka Belitung,Cabai Merah Keriting,53400.0,39937.878787878784,13462.121212121216,33.71,400.0,52128.57142857143,56461.36363636364,2767.9500752447757,2026,1,5,4,DEFISIT
2026-02-02,Kepulauan Bangka Belitung,Cabai Merah Keriting,49650.0,40795.454545454544,8854.545454545456,21.7,-3750.0,52342.857142857145,56165.217391304344,2448.2014778588823,2026,2,6,0,DEFISIT
2026-02-03,Kepulauan Bangka Belitung,Cabai Merah Keriting,49650.0,41516.666666666664,8133.333333333336,19.59,0.0,52557.142857142855,55893.75,2053.9451005784977,2026,2,6,1,DEFISIT
2026-02-04,Kepulauan Bangka Belitung,Cabai Merah Keriting,49650.0,42300.0,7350.0,17.38,0.0,51878.57142857143,55644.0,2126.980869459699,2026,2,6,2,DEFISIT
2026-02-05,Kepulauan Bangka Belitung,Cabai Merah Keriting,49650.0,42734.84848484849,6915.151515151512,16.18,0.0,51200.0,55413.46153846154,1937.782237507583,2026,2,6,3,DEFISIT
2026-02-06,Kepulauan Bangka Belitung,Cabai Merah Keriting,49750.0,42913.63636363636,6836.36363636364,15.93,100.0,50678.57142857143,55203.7037037037,1726.7158478011067,2026,2,6,4,DEFISIT
2026-02-09,Kepulauan Bangka Belitung,Cabai Merah Keriting,57500.0,45203.030303030304,12296.969696969696,27.2,7750.0,51321.42857142857,55285.71428571428,3058.847433110634,2026,2,7,0,DEFISIT
2026-02-10,Kepulauan Bangka Belitung,Cabai Merah Keriting,57500.0,45727.27272727273,11772.727272727272,25.75,0.0,51907.142857142855,55362.06896551724,3820.8232720436554,2026,2,7,1,DEFISIT
2026-02-11,Kepulauan Bangka Belitung,Cabai Merah Keriting,57500.0,46425.757575757576,11074.242424242424,23.85,0.0,53028.57142857143,55433.333333333336,4182.787860472274,2026,2,7,2,DEFISIT
2026-02-12,Kepulauan Bangka Belitung,Cabai Merah Keriting,60400.0,46254.545454545456,14145.454545454544,30.58,2900.0,54564.28571428572,55316.666666666664,4679.540066939828,2026,2,7,3,DEFISIT
2026-02-13,Kepulauan Bangka Belitung,Cabai Merah Keriting,60400.0,46590.90909090909,13809.090909090912,29.64,0.0,56100.0,55121.666666666664,4560.427611529428,2026,2,7,4,DEFISIT
2026-02-16,Kepulauan Bangka Belitung,Cabai Merah Keriting,57250.0,46657.57575757576,10592.42424242424,22.7,-3150.0,57185.71428571428,54741.666666666664,3564.9584249228756,2026,2,8,0,DEFISIT
2026-02-17,Kepulauan Bangka Belitung,Cabai Merah Keriting,57250.0,46695.454545454544,10554.545454545456,22.6,0.0,58257.142857142855,54361.666666666664,1468.1134638907051,2026,2,8,1,DEFISIT
2026-02-18,Kepulauan Bangka Belitung,Cabai Merah Keriting,61000.0,50175.757575757576,10824.242424242424,21.57,3750.0,58757.142857142855,54228.333333333336,1738.3969079366873,2026,2,8,2,DEFISIT
2026-02-19,Kepulauan Bangka Belitung,Cabai Merah Keriting,61000.0,50419.69696969697,10580.303030303032,20.98,0.0,59257.142857142855,54115.0,1818.064119567066,2026,2,8,3,DEFISIT
2026-02-20,Kepulauan Bangka Belitung,Cabai Merah Keriting,61000.0,51990.90909090909,9009.090909090912,17.33,0.0,59757.142857142855,54001.666666666664,1733.596591729798,2026,2,8,4,DEFISIT
2026-02-23,Kepulauan Bangka Belitung,Cabai Merah Keriting,61400.0,50343.93939393939,11056.060606060608,21.96,400.0,59900.0,54190.0,1833.7120820892328,2026,2,9,0,DEFISIT
2026-02-24,Kepulauan Bangka Belitung,Cabai Merah Keriting,61400.0,49315.15151515151,12084.848484848488,24.51,0.0,60042.857142857145,54398.333333333336,1916.2525432530654,2026,2,9,1,DEFISIT
2026-02-25,Kepulauan Bangka Belitung,Cabai Merah Keriting,62650.0,47557.57575757576,15092.42424242424,31.74,1250.0,60814.28571428572,54673.333333333336,1676.4829966615462,2026,2,9,2,DEFISIT
2026-02-26,Kepulauan Bangka Belitung,Cabai Merah Keriting,58500.0,46383.333333333336,12116.666666666664,26.12,-4150.0,60992.857142857145,54873.333333333336,1244.4639312533395,2026,2,9,3,DEFISIT
2026-02-27,Kepulauan Bangka Belitung,Cabai Merah Keriting,54150.0,45580.30303030303,8569.696969696968,18.8,-4350.0,60014.28571428572,54928.333333333336,2869.7726805611724,2026,2,9,4,DEFISIT
2026-03-02,Kepulauan Bangka Belitung,Cabai Merah Keriting,50000.0,44621.21212121212,5378.78787878788,12.05,-4150.0,58442.857142857145,54973.333333333336,4680.493970674866,2026,3,10,0,DEFISIT
2026-03-03,Kepulauan Bangka Belitung,Cabai Merah Keriting,50000.0,44218.181818181816,5781.818181818184,13.08,0.0,56871.42857142857,55018.333333333336,5460.453059870356,2026,3,10,1,DEFISIT
2026-03-04,Kepulauan Bangka Belitung,Cabai Merah Keriting,50000.0,44030.30303030303,5969.696969696968,13.56,0.0,55242.857142857145,55071.666666666664,5583.340440649337,2026,3,10,2,DEFISIT
2026-03-05,Kepulauan Bangka Belitung,Cabai Merah Keriting,50000.0,43909.09090909091,6090.909090909088,13.87,0.0,53614.28571428572,55133.333333333336,5132.471325274181,2026,3,10,3,DEFISIT
2026-03-06,Kepulauan Bangka Belitung,Cabai Merah Keriting,50000.0,43951.51515151515,6048.484848484848,13.76,0.0,51807.142857142855,55195.0,3331.9699592768798,2026,3,10,4,DEFISIT
2026-03-09,Kepulauan Bangka Belitung,Cabai Merah Keriting,51250.0,43463.63636363636,7786.36363636364,17.91,1250.0,50771.42857142857,55090.0,1560.94446379343,2026,3,11,0,DEFISIT
2026-03-10,Kepulauan Bangka Belitung,Cabai Merah Keriting,51250.0,43716.666666666664,7533.333333333336,17.23,0.0,50357.142857142855,54985.0,609.9375455926154,2026,3,11,1,DEFISIT
2026-03-11,Kepulauan Bangka Belitung,Cabai Merah Keriting,53150.0,44330.30303030303,8819.696969696968,19.9,1900.0,50807.142857142855,54976.666666666664,1189.337550707765,2026,3,11,2,DEFISIT
2026-03-12,Kepulauan Bangka Belitung,Cabai Merah Keriting,54400.0,45590.90909090909,8809.090909090912,19.32,1250.0,51435.71428571428,55023.333333333336,1731.0195179224038,2026,3,11,3,DEFISIT
2026-03-13,Kepulauan Bangka Belitung,Cabai Merah Keriting,54400.0,47233.333333333336,7166.666666666664,15.17,0.0,52064.28571428572,55056.666666666664,1912.179011344992,2026,3,11,4,DEFISIT
2026-03-16,Kepulauan Bangka Belitung,Cabai Merah Keriting,63750.0,51990.90909090909,11759.090909090912,22.62,9350.0,54028.57142857143,55526.666666666664,4604.785295651401,2026,3,12,0,DEFISIT
2026-03-17,Kepulauan Bangka Belitung,Cabai Merah Keriting,63750.0,54706.06060606061,9043.939393939392,16.53,0.0,55992.857142857145,55996.666666666664,5454.2360121459915,2026,3,12,1,DEFISIT
2026-03-18,Kepulauan Bangka Belitung,Cabai Merah Keriting,63750.0,54866.666666666664,8883.333333333336,16.19,0.0,57778.57142857143,56466.666666666664,5684.031516952911,2026,3,12,2,DEFISIT
2026-03-19,Kepulauan Bangka Belitung,Cabai Merah Keriting,63750.0,54840.90909090909,8909.090909090912,16.25,0.0,59564.28571428572,56936.666666666664,5237.104343505258,2026,3,12,3,DEFISIT
2026-03-20,Kepulauan Bangka Belitung,Cabai Merah Keriting,63750.0,54828.78787878788,8921.21212121212,16.27,0.0,61078.57142857143,57403.333333333336,4562.332841034365,2026,3,12,4,DEFISIT
2026-03-23,Kepulauan Bangka Belitung,Cabai Merah Keriting,63750.0,54781.818181818184,8968.181818181816,16.37,0.0,62414.28571428572,57611.666666666664,3533.9678226362394,2026,3,13,0,DEFISIT
2026-03-24,Kepulauan Bangka Belitung,Cabai Merah Keriting,63750.0,54672.72727272727,9077.272727272728,16.6,0.0,63750.0,57820.0,0.0,2026,3,13,1,DEFISIT
2026-03-25,Kepulauan Bangka Belitung,Cabai Merah Keriting,70000.0,53190.90909090909,16809.09090909091,31.6,6250.0,64642.857142857145,58236.666666666664,2362.2779563076697,2026,3,13,2,DEFISIT
2026-03-26,Kepulauan Bangka Belitung,Cabai Merah Keriting,77500.0,51804.545454545456,25695.454545454544,49.6,7500.0,66607.14285714286,58806.666666666664,5338.260372960821,2026,3,13,3,DEFISIT
2026-03-27,Kepulauan Bangka Belitung,Cabai Merah Keriting,76900.0,50731.818181818184,26168.181818181816,51.58,-600.0,68485.71428571429,59356.666666666664,6377.807505046589,2026,3,13,4,DEFISIT
2026-03-30,Kepulauan Bangka Belitung,Cabai Merah Keriting,47500.0,46140.90909090909,1359.0909090909117,2.95,-29400.0,66164.28571428571,59031.666666666664,10200.560208705623,2026,3,14,0,NORMAL
2026-03-31,Kepulauan Bangka Belitung,Cabai Merah Keriting,47500.0,45778.78787878788,1721.21212121212,3.76,0.0,63842.857142857145,58706.666666666664,12443.95531209927,2026,3,14,1,NORMAL
2026-04-01,Kepulauan Bangka Belitung,Cabai Merah Keriting,47500.0,45198.48484848485,2301.515151515152,5.09,0.0,61521.42857142857,58256.666666666664,13895.258698049274,2026,4,14,2,DEFISIT
2026-04-02,Kepulauan Bangka Belitung,Cabai Merah Keriting,47500.0,44396.969696969696,3103.030303030304,6.99,0.0,59200.0,57806.666666666664,14789.523318890288,2026,4,14,3,DEFISIT
2026-04-03,Kepulauan Bangka Belitung,Cabai Merah Keriting,48750.0,44231.818181818184,4518.181818181816,10.21,1250.0,56164.28571428572,57398.333333333336,14378.41884810107,2026,4,14,4,DEFISIT
2026-04-06,Kepulauan Bangka Belitung,Cabai Merah Keriting,47250.0,44618.181818181816,2631.818181818184,5.9,-1500.0,51842.857142857145,56926.666666666664,11060.15478234926,2026,4,15,0,DEFISIT
2026-04-07,Kepulauan Bangka Belitung,Cabai Merah Keriting,47250.0,44696.969696969696,2553.030303030304,5.71,0.0,47607.142857142855,56455.0,517.549169506079,2026,4,15,1,DEFISIT
2026-04-08,Kepulauan Bangka Belitung,Cabai Merah Keriting,47900.0,44775.757575757576,3124.242424242424,6.98,650.0,47664.28571428572,55963.333333333336,525.7647491301249,2026,4,15,2,DEFISIT
2026-04-09,Kepulauan Bangka Belitung,Cabai Merah Keriting,47900.0,45248.48484848485,2651.515151515152,5.86,0.0,47721.42857142857,55610.0,526.6696805211467,2026,4,15,3,DEFISIT
2026-04-10,Kepulauan Bangka Belitung,Cabai Merah Keriting,47250.0,44931.818181818184,2318.181818181816,5.16,-650.0,47685.71428571428,55380.0,552.0524474732423,2026,4,15,4,DEFISIT
2026-04-13,Kepulauan Bangka Belitung,Cabai Merah Keriting,47250.0,44707.57575757576,2542.42424242424,5.69,0.0,47650.0,55288.333333333336,573.7304826013312,2026,4,16,0,DEFISIT
2026-01-01,Kepulauan Riau,Cabai Merah Keriting,72100.0,49296.969696969696,22803.030303030304,46.26,,72100.0,72100.0,,2026,1,1,3,DEFISIT
2026-01-02,Kepulauan Riau,Cabai Merah Keriting,71150.0,49380.30303030303,21769.696969696968,44.09,-950.0,71625.0,71625.0,671.7514421272201,2026,1,1,4,DEFISIT
2026-01-05,Kepulauan Riau,Cabai Merah Keriting,68500.0,48063.63636363636,20436.36363636364,42.52,-2650.0,70583.33333333333,70583.33333333333,1865.6991540259983,2026,1,2,0,DEFISIT
2026-01-06,Kepulauan Riau,Cabai Merah Keriting,64700.0,47307.57575757576,17392.42424242424,36.76,-3800.0,69112.5,69112.5,3312.6965350501578,2026,1,2,1,DEFISIT
2026-01-07,Kepulauan Riau,Cabai Merah Keriting,64100.0,46007.57575757576,18092.42424242424,39.32,-600.0,68110.0,68110.0,3640.8103493590534,2026,1,2,2,DEFISIT
2026-01-08,Kepulauan Riau,Cabai Merah Keriting,59550.0,44760.606060606064,14789.393939393936,33.04,-4550.0,66683.33333333333,66683.33333333333,4776.679460322479,2026,1,2,3,DEFISIT
2026-01-09,Kepulauan Riau,Cabai Merah Keriting,59950.0,43928.78787878788,16021.21212121212,36.47,400.0,65721.42857142857,65721.42857142857,5048.832962746367,2026,1,2,4,DEFISIT
2026-01-12,Kepulauan Riau,Cabai Merah Keriting,57250.0,42260.606060606064,14989.393939393936,35.47,-2700.0,63600.0,64662.5,5041.825066382207,2026,1,3,0,DEFISIT
2026-01-13,Kepulauan Riau,Cabai Merah Keriting,56600.0,41421.21212121212,15178.78787878788,36.64,-650.0,61521.42857142857,63766.666666666664,4364.139581373882,2026,1,3,1,DEFISIT
2026-01-14,Kepulauan Riau,Cabai Merah Keriting,55700.0,41259.09090909091,14440.909090909088,35.0,-900.0,59692.857142857145,62960.0,3560.363812335808,2026,1,3,2,DEFISIT
2026-01-15,Kepulauan Riau,Cabai Merah Keriting,54700.0,40803.030303030304,13896.969696969696,34.06,-1000.0,58264.28571428572,62209.09090909091,3204.9069520702856,2026,1,3,3,DEFISIT
2026-01-16,Kepulauan Riau,Cabai Merah Keriting,54700.0,40739.393939393936,13960.606060606064,34.27,0.0,56921.42857142857,61583.333333333336,2146.869259886938,2026,1,3,4,DEFISIT
2026-01-19,Kepulauan Riau,Cabai Merah Keriting,51850.0,40203.030303030304,11646.969696969696,28.97,-2850.0,55821.42857142857,60834.61538461538,2516.422252401378,2026,1,4,0,DEFISIT
2026-01-20,Kepulauan Riau,Cabai Merah Keriting,51850.0,39850.0,12000.0,30.11,0.0,54664.28571428572,60192.857142857145,2134.969610578829,2026,1,4,1,DEFISIT
2026-01-21,Kepulauan Riau,Cabai Merah Keriting,50600.0,39424.242424242424,11175.757575757576,28.35,-1250.0,53714.28571428572,59553.333333333336,2268.023053548719,2026,1,4,2,DEFISIT
2026-01-22,Kepulauan Riau,Cabai Merah Keriting,50500.0,39283.333333333336,11216.666666666664,28.55,-100.0,52842.857142857145,58987.5,2142.9007932061854,2026,1,4,3,DEFISIT
2026-01-23,Kepulauan Riau,Cabai Merah Keriting,47700.0,39050.0,8650.0,22.15,-2800.0,51700.0,58323.529411764706,2473.0210943971415,2026,1,4,4,DEFISIT
2026-01-26,Kepulauan Riau,Cabai Merah Keriting,49950.0,39381.818181818184,10568.181818181816,26.84,2250.0,51021.42857142857,57858.333333333336,2142.206250352083,2026,1,5,0,DEFISIT
2026-01-27,Kepulauan Riau,Cabai Merah Keriting,50800.0,39468.181818181816,11331.818181818184,28.71,850.0,50464.28571428572,57486.84210526316,1407.0401219445832,2026,1,5,1,DEFISIT
2026-01-28,Kepulauan Riau,Cabai Merah Keriting,49450.0,39837.878787878784,9612.121212121216,24.13,-1350.0,50121.42857142857,57085.0,1301.5558455354687,2026,1,5,2,DEFISIT
2026-01-29,Kepulauan Riau,Cabai Merah Keriting,47000.0,39934.84848484849,7065.151515151512,17.69,-2450.0,49428.57142857143,56604.76190476191,1503.2900426667154,2026,1,5,3,DEFISIT
2026-01-30,Kepulauan Riau,Cabai Merah Keriting,47450.0,39937.878787878784,7512.121212121216,18.81,450.0,48978.57142857143,56188.63636363636,1564.410736469455,2026,1,5,4,DEFISIT
2026-02-02,Kepulauan Riau,Cabai Merah Keriting,50200.0,40795.454545454544,9404.545454545456,23.05,2750.0,48935.71428571428,55928.260869565216,1519.241665468397,2026,2,6,0,DEFISIT
2026-02-03,Kepulauan Riau,Cabai Merah Keriting,50450.0,41516.666666666664,8933.333333333336,21.52,250.0,49328.57142857143,55700.0,1501.9035540653842,2026,2,6,1,DEFISIT
2026-02-04,Kepulauan Riau,Cabai Merah Keriting,50450.0,42300.0,8150.0,19.27,0.0,49400.0,55490.0,1547.5787540541985,2026,2,6,2,DEFISIT
2026-02-05,Kepulauan Riau,Cabai Merah Keriting,49450.0,42734.84848484849,6715.151515151512,15.71,-1000.0,49207.142857142855,55257.692307692305,1423.1504287520313,2026,2,6,3,DEFISIT
2026-02-06,Kepulauan Riau,Cabai Merah Keriting,49450.0,42913.63636363636,6536.36363636364,15.23,0.0,49207.142857142855,55042.59259259259,1423.1504287520313,2026,2,6,4,DEFISIT
2026-02-09,Kepulauan Riau,Cabai Merah Keriting,55200.0,45203.030303030304,9996.969696969696,22.12,5750.0,50378.57142857143,55048.21428571428,2366.054582150255,2026,2,7,0,DEFISIT
2026-02-10,Kepulauan Riau,Cabai Merah Keriting,55450.0,45727.27272727273,9722.727272727272,21.26,250.0,51521.42857142857,55062.06896551724,2632.7832457396757,2026,2,7,1,DEFISIT
2026-02-11,Kepulauan Riau,Cabai Merah Keriting,55600.0,46425.757575757576,9174.242424242424,19.76,150.0,52292.857142857145,55080.0,2952.742873362053,2026,2,7,2,DEFISIT
2026-02-12,Kepulauan Riau,Cabai Merah Keriting,55600.0,46254.545454545456,9345.454545454544,20.2,0.0,53028.57142857143,54530.0,3056.8034969633777,2026,2,7,3,DEFISIT
2026-02-13,Kepulauan Riau,Cabai Merah Keriting,55850.0,46590.90909090909,9259.090909090912,19.87,250.0,53800.0,54020.0,2977.97470327289,2026,2,7,4,DEFISIT
2026-02-16,Kepulauan Riau,Cabai Merah Keriting,55600.0,46657.57575757576,8942.42424242424,19.17,-250.0,54678.57142857143,53590.0,2313.8815049711507,2026,2,8,0,DEFISIT
2026-02-17,Kepulauan Riau,Cabai Merah Keriting,55600.0,46695.454545454544,8904.545454545456,19.07,0.0,55557.142857142855,53286.666666666664,196.69894811724117,2026,2,8,1,DEFISIT
2026-02-18,Kepulauan Riau,Cabai Merah Keriting,62150.0,50175.757575757576,11974.242424242424,23.86,6550.0,56550.0,53221.666666666664,2472.1785264552877,2026,2,8,2,DEFISIT
2026-02-19,Kepulauan Riau,Cabai Merah Keriting,63050.0,50419.69696969697,12630.303030303032,25.05,900.0,57635.71428571428,53338.333333333336,3402.4151086292445,2026,2,8,3,DEFISIT
2026-02-20,Kepulauan Riau,Cabai Merah Keriting,63300.0,51990.90909090909,11309.090909090912,21.75,250.0,58735.71428571428,53450.0,3849.8608509176743,2026,2,8,4,DEFISIT
2026-02-23,Kepulauan Riau,Cabai Merah Keriting,65250.0,50343.93939393939,14906.060606060608,29.61,1950.0,60114.28571428572,53716.666666666664,4247.1278810621225,2026,2,9,0,DEFISIT
2026-02-24,Kepulauan Riau,Cabai Merah Keriting,65500.0,49315.15151515151,16184.848484848488,32.82,250.0,61492.857142857145,54013.333333333336,4198.157192093196,2026,2,9,1,DEFISIT
2026-02-25,Kepulauan Riau,Cabai Merah Keriting,64450.0,47557.57575757576,16892.42424242424,35.52,-1050.0,62757.142857142855,54305.0,3380.757875022085,2026,2,9,2,DEFISIT
2026-02-26,Kepulauan Riau,Cabai Merah Keriting,60250.0,46383.333333333336,13866.666666666664,29.9,-4200.0,63421.42857142857,54490.0,1850.6433887653784,2026,2,9,3,DEFISIT
2026-02-27,Kepulauan Riau,Cabai Merah Keriting,60250.0,45580.30303030303,14669.696969696968,32.18,0.0,63150.0,54675.0,2178.4933631602767,2026,2,9,4,DEFISIT
2026-03-02,Kepulauan Riau,Cabai Merah Keriting,53150.0,44621.21212121212,8528.78787878788,19.11,-7100.0,61735.71428571428,54718.333333333336,4367.75250040131,2026,3,10,0,DEFISIT
2026-03-03,Kepulauan Riau,Cabai Merah Keriting,51850.0,44218.181818181816,7631.818181818184,17.26,-1300.0,60100.0,54718.333333333336,5642.3251708256985,2026,3,10,1,DEFISIT
2026-03-04,Kepulauan Riau,Cabai Merah Keriting,50850.0,44030.30303030303,6819.696969696968,15.49,-1000.0,58042.857142857145,54726.666666666664,6061.244960912757,2026,3,10,2,DEFISIT
2026-03-05,Kepulauan Riau,Cabai Merah Keriting,50600.0,43909.09090909091,6690.909090909088,15.24,-250.0,55914.28571428572,54730.0,5605.110338321773,2026,3,10,3,DEFISIT
2026-03-06,Kepulauan Riau,Cabai Merah Keriting,50600.0,43951.51515151515,6648.484848484848,15.13,0.0,53935.71428571428,54826.666666666664,4406.123985026772,2026,3,10,4,DEFISIT
2026-03-09,Kepulauan Riau,Cabai Merah Keriting,49600.0,43463.63636363636,6136.36363636364,14.12,-1000.0,52414.28571428572,54815.0,3633.37702027028,2026,3,11,0,DEFISIT
2026-03-10,Kepulauan Riau,Cabai Merah Keriting,49600.0,43716.666666666664,5883.333333333336,13.46,0.0,50892.857142857145,54775.0,1260.1020366845878,2026,3,11,1,DEFISIT
2026-03-11,Kepulauan Riau,Cabai Merah Keriting,48950.0,44330.30303030303,4619.696969696968,10.42,-650.0,50292.857142857145,54758.333333333336,973.5795513755503,2026,3,11,2,DEFISIT
2026-03-12,Kepulauan Riau,Cabai Merah Keriting,48950.0,45590.90909090909,3359.0909090909117,7.37,0.0,49878.57142857143,54823.333333333336,802.5257746932974,2026,3,11,3,DEFISIT
2026-03-13,Kepulauan Riau,Cabai Merah Keriting,49450.0,47233.333333333336,2216.6666666666642,4.69,500.0,49678.57142857143,54890.0,686.0862086602067,2026,3,11,4,NORMAL
2026-03-16,Kepulauan Riau,Cabai Merah Keriting,53400.0,51990.90909090909,1409.0909090909117,2.71,3950.0,50078.57142857143,54996.666666666664,1565.4757378234099,2026,3,12,0,NORMAL
2026-03-17,Kepulauan Riau,Cabai Merah Keriting,53400.0,54706.06060606061,-1306.0606060606078,-2.39,0.0,50478.57142857143,55095.0,2014.2941573614391,2026,3,12,1,NORMAL
2026-03-18,Kepulauan Riau,Cabai Merah Keriting,54000.0,54866.666666666664,-866.6666666666642,-1.58,600.0,51107.142857142855,55213.333333333336,2352.556866373968,2026,3,12,2,NORMAL
2026-03-19,Kepulauan Riau,Cabai Merah Keriting,54000.0,54840.90909090909,-840.9090909090883,-1.53,0.0,51735.71428571428,55365.0,2467.7442948493294,2026,3,12,3,NORMAL
2026-03-20,Kepulauan Riau,Cabai Merah Keriting,54000.0,54828.78787878788,-828.7878787878799,-1.51,0.0,52457.142857142855,55516.666666666664,2245.816216031491,2026,3,12,4,NORMAL
2026-03-23,Kepulauan Riau,Cabai Merah Keriting,54000.0,54781.818181818184,-781.8181818181838,-1.43,0.0,53178.57142857143,55476.666666666664,1668.2968218257295,2026,3,13,0,NORMAL
2026-03-24,Kepulauan Riau,Cabai Merah Keriting,54000.0,54672.72727272727,-672.7272727272721,-1.23,0.0,53828.57142857143,55428.333333333336,292.7700218837995,2026,3,13,1,NORMAL
2026-03-25,Kepulauan Riau,Cabai Merah Keriting,57050.0,53190.90909090909,3859.0909090909117,7.26,3050.0,54350.0,55476.666666666664,1211.4041439583914,2026,3,13,2,DEFISIT
2026-03-26,Kepulauan Riau,Cabai Merah Keriting,56200.0,51804.545454545456,4395.454545454544,8.48,-850.0,54750.0,55496.666666666664,1304.1600106324765,2026,3,13,3,DEFISIT
2026-03-27,Kepulauan Riau,Cabai Merah Keriting,55950.0,50731.818181818184,5218.181818181816,10.29,-250.0,55028.57142857143,55500.0,1325.348112401867,2026,3,13,4,DEFISIT
2026-03-30,Kepulauan Riau,Cabai Merah Keriting,45900.0,46140.90909090909,-240.90909090908826,-0.52,-10050.0,53871.42857142857,55176.666666666664,3729.1483771830767,2026,3,14,0,NORMAL
2026-03-31,Kepulauan Riau,Cabai Merah Keriting,44950.0,45778.78787878788,-828.7878787878799,-1.81,-950.0,52578.57142857143,54821.666666666664,5021.856989107431,2026,3,14,1,NORMAL
2026-04-01,Kepulauan Riau,Cabai Merah Keriting,44950.0,45198.48484848485,-248.48484848484804,-0.55,0.0,51285.71428571428,54248.333333333336,5712.392543534458,2026,4,14,2,NORMAL
2026-04-02,Kepulauan Riau,Cabai Merah Keriting,43550.0,44396.969696969696,-846.9696969696961,-1.91,-1400.0,49792.857142857145,53598.333333333336,6227.12002530249,2026,4,14,3,NORMAL
2026-04-03,Kepulauan Riau,Cabai Merah Keriting,38350.0,44231.818181818184,-5881.818181818184,-13.3,-5200.0,47121.42857142857,52766.666666666664,6595.191249618696,2026,4,14,4,SURPLUS
2026-04-06,Kepulauan Riau,Cabai Merah Keriting,42050.0,44618.181818181816,-2568.181818181816,-5.76,3700.0,45100.0,51993.333333333336,5411.022700623792,2026,4,15,0,SURPLUS
2026-04-07,Kepulauan Riau,Cabai Merah Keriting,42050.0,44696.969696969696,-2646.969696969696,-5.92,0.0,43114.28571428572,51211.666666666664,2570.783649284363,2026,4,15,1,SURPLUS
2026-04-08,Kepulauan Riau,Cabai Merah Keriting,40800.0,44775.757575757576,-3975.757575757576,-8.88,-1250.0,42385.71428571428,50423.333333333336,2364.091489648361,2026,4,15,2,SURPLUS
2026-04-09,Kepulauan Riau,Cabai Merah Keriting,40800.0,45248.48484848485,-4448.484848484848,-9.83,0.0,41792.857142857145,49775.0,2121.7973064180824,2026,4,15,3,SURPLUS
2026-04-10,Kepulauan Riau,Cabai Merah Keriting,41200.0,44931.818181818184,-3731.818181818184,-8.31,400.0,41257.142857142855,49140.0,1601.4130664894094,2026,4,15,4,SURPLUS
2026-04-13,Kepulauan Riau,Cabai Merah Keriting,41200.0,44707.57575757576,-3507.57575757576,-7.85,0.0,40921.42857142857,48741.666666666664,1247.9507011016674,2026,4,16,0,SURPLUS
2026-01-01,Lampung,Cabai Merah Keriting,43750.0,49296.969696969696,-5546.969696969696,-11.25,,43750.0,43750.0,,2026,1,1,3,SURPLUS
2026-01-02,Lampung,Cabai Merah Keriting,46650.0,49380.30303030303,-2730.303030303032,-5.53,2900.0,45200.0,45200.0,2050.609665440988,2026,1,1,4,SURPLUS
2026-01-05,Lampung,Cabai Merah Keriting,41250.0,48063.63636363636,-6813.63636363636,-14.18,-5400.0,43883.333333333336,43883.333333333336,2702.468007827907,2026,1,2,0,SURPLUS
2026-01-06,Lampung,Cabai Merah Keriting,40000.0,47307.57575757576,-7307.57575757576,-15.45,-1250.0,42912.5,42912.5,2939.210494900516,2026,1,2,1,SURPLUS
2026-01-07,Lampung,Cabai Merah Keriting,41650.0,46007.57575757576,-4357.57575757576,-9.47,1650.0,42660.0,42660.0,2607.297451385247,2026,1,2,2,SURPLUS
2026-01-08,Lampung,Cabai Merah Keriting,39150.0,44760.606060606064,-5610.606060606064,-12.53,-2500.0,42075.0,42075.0,2737.106136049533,2026,1,2,3,SURPLUS
2026-01-09,Lampung,Cabai Merah Keriting,37900.0,43928.78787878788,-6028.78787878788,-13.72,-1250.0,41478.57142857143,41478.57142857143,2955.201225925958,2026,1,2,4,SURPLUS
2026-01-12,Lampung,Cabai Merah Keriting,35650.0,42260.606060606064,-6610.606060606064,-15.64,-2250.0,40321.42857142857,40750.0,3460.23327041896,2026,1,3,0,SURPLUS
2026-01-13,Lampung,Cabai Merah Keriting,35350.0,41421.21212121212,-6071.21212121212,-14.66,-300.0,38707.142857142855,40150.0,2525.2769767936,2026,1,3,1,SURPLUS
2026-01-14,Lampung,Cabai Merah Keriting,35700.0,41259.09090909091,-5559.090909090912,-13.47,350.0,37914.28571428572,39705.0,2464.3650780871058,2026,1,3,2,SURPLUS
2026-01-15,Lampung,Cabai Merah Keriting,34700.0,40803.030303030304,-6103.030303030304,-14.96,-1000.0,37157.142857142855,39250.0,2530.057405710496,2026,1,3,3,SURPLUS
2026-01-16,Lampung,Cabai Merah Keriting,34700.0,40739.393939393936,-6039.393939393936,-14.82,0.0,36164.28571428572,38870.833333333336,1700.9101205223394,2026,1,3,4,SURPLUS
2026-01-19,Lampung,Cabai Merah Keriting,33900.0,40203.030303030304,-6303.030303030304,-15.68,-800.0,35414.28571428572,38488.46153846154,1267.1208458925098,2026,1,4,0,SURPLUS
2026-01-20,Lampung,Cabai Merah Keriting,34650.0,39850.0,-5200.0,-13.05,750.0,34950.0,38214.28571428572,649.3586579593729,2026,1,4,1,SURPLUS
2026-01-21,Lampung,Cabai Merah Keriting,34500.0,39424.242424242424,-4924.242424242424,-12.49,-150.0,34785.71428571428,37966.666666666664,585.0315416813387,2026,1,4,2,SURPLUS
2026-01-22,Lampung,Cabai Merah Keriting,35100.0,39283.333333333336,-4183.333333333336,-10.65,600.0,34750.0,37787.5,551.513070259271,2026,1,4,3,SURPLUS
2026-01-23,Lampung,Cabai Merah Keriting,35950.0,39050.0,-3100.0,-7.94,850.0,34785.71428571428,37679.41176470588,626.3081547944618,2026,1,4,4,SURPLUS
2026-01-26,Lampung,Cabai Merah Keriting,37450.0,39381.818181818184,-1931.8181818181838,-4.91,1500.0,35178.57142857143,37666.666666666664,1180.6979372590347,2026,1,5,0,NORMAL
2026-01-27,Lampung,Cabai Merah Keriting,36150.0,39468.181818181816,-3318.181818181816,-8.41,-1300.0,35385.71428571428,37586.84210526316,1209.5847378730227,2026,1,5,1,SURPLUS
2026-01-28,Lampung,Cabai Merah Keriting,36150.0,39837.878787878784,-3687.8787878787844,-9.26,0.0,35707.142857142855,37515.0,1035.3858264067098,2026,1,5,2,SURPLUS
2026-01-29,Lampung,Cabai Merah Keriting,34000.0,39934.84848484849,-5934.848484848488,-14.86,-2150.0,35614.28571428572,37347.619047619046,1166.8027131562008,2026,1,5,3,SURPLUS
2026-01-30,Lampung,Cabai Merah Keriting,33750.0,39937.878787878784,-6187.878787878784,-15.49,-250.0,35507.142857142855,37184.09090909091,1311.6238572308937,2026,1,5,4,SURPLUS
2026-02-02,Lampung,Cabai Merah Keriting,34400.0,40795.454545454544,-6395.454545454544,-15.68,650.0,35407.142857142855,37063.04347826087,1373.0830793718392,2026,2,6,0,SURPLUS
2026-02-03,Lampung,Cabai Merah Keriting,38400.0,41516.666666666664,-3116.6666666666642,-7.51,4000.0,35757.142857142855,37118.75,1784.99032943895,2026,2,6,1,SURPLUS
2026-02-04,Lampung,Cabai Merah Keriting,36500.0,42300.0,-5800.0,-13.71,-1900.0,35621.42857142857,37094.0,1667.0475755201833,2026,2,6,2,SURPLUS
2026-02-05,Lampung,Cabai Merah Keriting,37750.0,42734.84848484849,-4984.848484848488,-11.66,1250.0,35850.0,37119.230769230766,1851.1257835886684,2026,2,6,3,SURPLUS
2026-02-06,Lampung,Cabai Merah Keriting,39150.0,42913.63636363636,-3763.6363636363603,-8.77,1400.0,36278.57142857143,37194.444444444445,2238.8347309216538,2026,2,6,4,SURPLUS
2026-02-09,Lampung,Cabai Merah Keriting,40900.0,45203.030303030304,-4303.030303030304,-9.52,1750.0,37264.28571428572,37326.78571428572,2563.804836194691,2026,2,7,0,SURPLUS
2026-02-10,Lampung,Cabai Merah Keriting,40900.0,45727.27272727273,-4827.272727272728,-10.56,0.0,38285.71428571428,37450.0,2345.334781666626,2026,2,7,1,SURPLUS
2026-02-11,Lampung,Cabai Merah Keriting,42000.0,46425.757575757576,-4425.757575757576,-9.53,1100.0,39371.42857142857,37601.666666666664,1976.9204044964065,2026,2,7,2,SURPLUS
2026-02-12,Lampung,Cabai Merah Keriting,41900.0,46254.545454545456,-4354.545454545456,-9.41,-100.0,39871.42857142857,37540.0,2127.1767562618948,2026,2,7,3,SURPLUS
2026-02-13,Lampung,Cabai Merah Keriting,43250.0,46590.90909090909,-3340.9090909090883,-7.17,1350.0,40835.71428571428,37426.666666666664,1856.9047466402567,2026,2,7,4,SURPLUS
2026-02-16,Lampung,Cabai Merah Keriting,43250.0,46657.57575757576,-3407.57575757576,-7.3,0.0,41621.42857142857,37493.333333333336,1453.403231171858,2026,2,8,0,SURPLUS
2026-02-17,Lampung,Cabai Merah Keriting,43250.0,46695.454545454544,-3445.454545454544,-7.38,0.0,42207.142857142855,37601.666666666664,1065.9223593631482,2026,2,8,1,SURPLUS
2026-02-18,Lampung,Cabai Merah Keriting,42250.0,50175.757575757576,-7925.757575757576,-15.8,-1000.0,42400.0,37621.666666666664,899.0735972839777,2026,2,8,2,SURPLUS
2026-02-19,Lampung,Cabai Merah Keriting,42900.0,50419.69696969697,-7519.696969696968,-14.91,650.0,42685.71428571428,37746.666666666664,616.2482492970789,2026,2,8,3,SURPLUS
2026-02-20,Lampung,Cabai Merah Keriting,43750.0,51990.90909090909,-8240.909090909088,-15.85,850.0,42935.71428571428,37941.666666666664,645.9581292635829,2026,2,8,4,SURPLUS
2026-02-23,Lampung,Cabai Merah Keriting,41250.0,50343.93939393939,-9093.939393939392,-18.06,-2500.0,42842.857142857145,38128.333333333336,837.8686111339975,2026,2,9,0,SURPLUS
2026-02-24,Lampung,Cabai Merah Keriting,39750.0,49315.15151515151,-9565.151515151512,-19.4,-1500.0,42342.857142857145,38275.0,1406.0667870068003,2026,2,9,1,SURPLUS
2026-02-25,Lampung,Cabai Merah Keriting,36650.0,47557.57575757576,-10907.57575757576,-22.94,-3100.0,41400.0,38306.666666666664,2490.8164658734904,2026,2,9,2,SURPLUS
2026-02-26,Lampung,Cabai Merah Keriting,35650.0,46383.333333333336,-10733.333333333336,-23.14,-1000.0,40314.28571428572,38338.333333333336,3125.528526734066,2026,2,9,3,SURPLUS
2026-02-27,Lampung,Cabai Merah Keriting,33750.0,45580.30303030303,-11830.303030303032,-25.95,-1900.0,39100.0,38306.666666666664,3821.7578852320294,2026,2,9,4,SURPLUS
2026-03-02,Lampung,Cabai Merah Keriting,33150.0,44621.21212121212,-11471.21212121212,-25.71,-600.0,37707.142857142855,38281.666666666664,3979.471130211947,2026,3,10,0,SURPLUS
2026-03-03,Lampung,Cabai Merah Keriting,32900.0,44218.181818181816,-11318.181818181816,-25.6,-250.0,36157.142857142855,38223.333333333336,3286.1361012883162,2026,3,10,1,SURPLUS
2026-03-04,Lampung,Cabai Merah Keriting,33650.0,44030.30303030303,-10380.303030303032,-23.58,750.0,35071.42857142857,38195.0,2479.5592926393597,2026,3,10,2,SURPLUS
2026-03-05,Lampung,Cabai Merah Keriting,32400.0,43909.09090909091,-11509.090909090912,-26.21,-1250.0,34021.42857142857,38105.0,1550.230397622955,2026,3,10,3,SURPLUS
2026-03-06,Lampung,Cabai Merah Keriting,32500.0,43951.51515151515,-11451.515151515152,-26.05,100.0,33428.57142857143,37990.0,1107.8722635669255,2026,3,10,4,SURPLUS
2026-03-09,Lampung,Cabai Merah Keriting,33400.0,43463.63636363636,-10063.63636363636,-23.15,900.0,33107.142857142855,37855.0,533.4077329058568,2026,3,11,0,SURPLUS
2026-03-10,Lampung,Cabai Merah Keriting,34000.0,43716.666666666664,-9716.666666666664,-22.23,600.0,33142.857142857145,37783.333333333336,589.0872681732009,2026,3,11,1,SURPLUS
2026-03-11,Lampung,Cabai Merah Keriting,33900.0,44330.30303030303,-10430.303030303032,-23.53,-100.0,33250.0,37708.333333333336,655.108133567749,2026,3,11,2,SURPLUS
2026-03-12,Lampung,Cabai Merah Keriting,34900.0,45590.90909090909,-10690.909090909088,-23.45,1000.0,33535.71428571428,37738.333333333336,875.9348747263414,2026,3,11,3,SURPLUS
2026-03-13,Lampung,Cabai Merah Keriting,36000.0,47233.333333333336,-11233.333333333336,-23.78,1100.0,33871.42857142857,37813.333333333336,1282.8539611796134,2026,3,11,4,SURPLUS
2026-03-16,Lampung,Cabai Merah Keriting,40400.0,51990.90909090909,-11590.909090909088,-22.29,4400.0,35014.28571428572,38013.333333333336,2620.0690648839427,2026,3,12,0,SURPLUS
2026-03-17,Lampung,Cabai Merah Keriting,44000.0,54706.06060606061,-10706.060606060608,-19.57,3600.0,36657.142857142855,38200.0,4014.912677695954,2026,3,12,1,SURPLUS
2026-03-18,Lampung,Cabai Merah Keriting,44000.0,54866.666666666664,-10866.666666666664,-19.81,0.0,38171.42857142857,38450.0,4545.589175495385,2026,3,12,2,SURPLUS
2026-03-19,Lampung,Cabai Merah Keriting,44000.0,54840.90909090909,-10840.909090909088,-19.77,0.0,39600.0,38658.333333333336,4587.301312681909,2026,3,12,3,SURPLUS
2026-03-20,Lampung,Cabai Merah Keriting,44000.0,54828.78787878788,-10828.78787878788,-19.75,0.0,41042.857142857145,38820.0,4052.9236948393545,2026,3,12,4,SURPLUS
2026-03-23,Lampung,Cabai Merah Keriting,44000.0,54781.818181818184,-10781.818181818184,-19.68,0.0,42342.857142857145,38923.333333333336,3102.0730395748133,2026,3,13,0,SURPLUS
2026-03-24,Lampung,Cabai Merah Keriting,44000.0,54672.72727272727,-10672.727272727272,-19.52,0.0,43485.71428571428,39026.666666666664,1360.6721028331253,2026,3,13,1,SURPLUS
2026-03-25,Lampung,Cabai Merah Keriting,30650.0,53190.90909090909,-22540.90909090909,-42.38,-13350.0,42092.857142857145,38648.333333333336,5045.825714673184,2026,3,13,2,SURPLUS
2026-03-26,Lampung,Cabai Merah Keriting,31250.0,51804.545454545456,-20554.545454545456,-39.68,600.0,40271.42857142857,38293.333333333336,6370.103161308637,2026,3,13,3,SURPLUS
2026-03-27,Lampung,Cabai Merah Keriting,30000.0,50731.818181818184,-20731.818181818184,-40.87,-1250.0,38271.42857142857,37851.666666666664,7153.895042961862,2026,3,13,4,SURPLUS
2026-03-30,Lampung,Cabai Merah Keriting,30650.0,46140.90909090909,-15490.909090909088,-33.57,650.0,36364.28571428572,37431.666666666664,7151.673130913395,2026,3,14,0,SURPLUS
2026-03-31,Lampung,Cabai Merah Keriting,31250.0,45778.78787878788,-14528.78787878788,-31.74,600.0,34542.857142857145,37031.666666666664,6474.4001376851265,2026,3,14,1,SURPLUS
2026-04-01,Lampung,Cabai Merah Keriting,31250.0,45198.48484848485,-13948.484848484848,-30.86,0.0,32721.428571428572,36665.0,4994.818744030092,2026,4,14,2,SURPLUS
2026-04-02,Lampung,Cabai Merah Keriting,29900.0,44396.969696969696,-14496.969696969696,-32.65,-1350.0,30707.14285714286,36231.666666666664,583.4013565781455,2026,4,14,3,SURPLUS
2026-04-03,Lampung,Cabai Merah Keriting,29900.0,44231.818181818184,-14331.818181818184,-32.4,0.0,30600.0,35770.0,659.5452979137054,2026,4,14,4,SURPLUS
2026-04-06,Lampung,Cabai Merah Keriting,30650.0,44618.181818181816,-13968.181818181816,-31.31,750.0,30514.285714285714,35416.666666666664,597.0163912562625,2026,4,15,0,SURPLUS
2026-04-07,Lampung,Cabai Merah Keriting,30650.0,44696.969696969696,-14046.969696969696,-31.43,0.0,30607.14285714286,35113.333333333336,552.5912982098266,2026,4,15,1,SURPLUS
2026-04-08,Lampung,Cabai Merah Keriting,30900.0,44775.757575757576,-13875.757575757576,-30.99,250.0,30642.85714285714,34921.666666666664,563.788207447816,2026,4,15,2,SURPLUS
2026-04-09,Lampung,Cabai Merah Keriting,30650.0,45248.48484848485,-14598.484848484848,-32.26,-250.0,30557.14285714286,34755.0,497.8525312351251,2026,4,15,3,SURPLUS
2026-04-10,Lampung,Cabai Merah Keriting,30650.0,44931.818181818184,-14281.818181818184,-31.79,0.0,30471.428571428572,34651.666666666664,400.8918628687338,2026,4,15,4,SURPLUS
2026-04-13,Lampung,Cabai Merah Keriting,31150.0,44707.57575757576,-13557.57575757576,-30.33,500.0,30650.0,34585.0,381.88130791309015,2026,4,16,0,SURPLUS
2026-01-01,Maluku,Cabai Merah Keriting,77500.0,49296.969696969696,28203.030303030304,57.21,,77500.0,77500.0,,2026,1,1,3,DEFISIT
2026-01-02,Maluku,Cabai Merah Keriting,76250.0,49380.30303030303,26869.696969696968,54.41,-1250.0,76875.0,76875.0,883.8834764831844,2026,1,1,4,DEFISIT
2026-01-05,Maluku,Cabai Merah Keriting,74400.0,48063.63636363636,26336.36363636364,54.79,-1850.0,76050.0,76050.0,1559.6473960482222,2026,1,2,0,DEFISIT
2026-01-06,Maluku,Cabai Merah Keriting,74400.0,47307.57575757576,27092.42424242424,57.27,0.0,75637.5,75637.5,1517.3304408291117,2026,1,2,1,DEFISIT
2026-01-07,Maluku,Cabai Merah Keriting,74400.0,46007.57575757576,28392.42424242424,61.71,0.0,75390.0,75390.0,1425.833089811006,2026,1,2,2,DEFISIT
2026-01-08,Maluku,Cabai Merah Keriting,73150.0,44760.606060606064,28389.393939393936,63.42,-1250.0,75016.66666666667,75016.66666666667,1569.2885861646573,2026,1,2,3,DEFISIT
2026-01-09,Maluku,Cabai Merah Keriting,73150.0,43928.78787878788,29221.21212121212,66.52,0.0,74750.0,74750.0,1596.8719422671322,2026,1,2,4,DEFISIT
2026-01-12,Maluku,Cabai Merah Keriting,72500.0,42260.606060606064,30239.393939393936,71.55,-650.0,74035.71428571429,74468.75,1240.1996767034113,2026,1,3,0,DEFISIT
2026-01-13,Maluku,Cabai Merah Keriting,73750.0,41421.21212121212,32328.78787878788,78.05,1250.0,73678.57142857143,74388.88888888889,765.3197277702287,2026,1,3,1,DEFISIT
2026-01-14,Maluku,Cabai Merah Keriting,76250.0,41259.09090909091,34990.90909090909,84.81,2500.0,73942.85714285714,74575.0,1232.6896647266165,2026,1,3,2,DEFISIT
2026-01-15,Maluku,Cabai Merah Keriting,75000.0,40803.030303030304,34196.969696969696,83.81,-1250.0,74028.57142857143,74613.63636363637,1289.333530309733,2026,1,3,3,DEFISIT
2026-01-16,Maluku,Cabai Merah Keriting,75000.0,40739.393939393936,34260.606060606064,84.1,0.0,74114.28571428571,74645.83333333333,1337.1967836093697,2026,1,3,4,DEFISIT
2026-01-19,Maluku,Cabai Merah Keriting,81250.0,40203.030303030304,41046.969696969696,102.1,6250.0,75271.42857142857,75153.84615384616,2925.300147400422,2026,1,4,0,DEFISIT
2026-01-20,Maluku,Cabai Merah Keriting,81250.0,39850.0,41400.0,103.89,0.0,76428.57142857143,75589.28571428571,3493.1906550288522,2026,1,4,1,DEFISIT
2026-01-21,Maluku,Cabai Merah Keriting,74400.0,39424.242424242424,34975.757575757576,88.72,-6850.0,76700.0,75510.0,3198.4371183438875,2026,1,4,2,DEFISIT
2026-01-22,Maluku,Cabai Merah Keriting,70650.0,39283.333333333336,31366.666666666664,79.85,-3750.0,76257.14285714286,75206.25,3827.687353506088,2026,1,4,3,DEFISIT
2026-01-23,Maluku,Cabai Merah Keriting,68150.0,39050.0,29100.0,74.52,-2500.0,75100.0,74791.17647058824,4903.400180826905,2026,1,4,4,DEFISIT
2026-01-26,Maluku,Cabai Merah Keriting,68150.0,39381.818181818184,28768.181818181816,73.05,0.0,74121.42857142857,74422.22222222222,5565.50814862228,2026,1,5,0,DEFISIT
2026-01-27,Maluku,Cabai Merah Keriting,69400.0,39468.181818181816,29931.818181818184,75.84,1250.0,73321.42857142857,74157.8947368421,5815.056401478926,2026,1,5,1,DEFISIT
2026-01-28,Maluku,Cabai Merah Keriting,67500.0,39837.878787878784,27662.121212121216,69.44,-1900.0,71357.14285714286,73825.0,4948.183890027129,2026,1,5,2,DEFISIT
2026-01-29,Maluku,Cabai Merah Keriting,67500.0,39934.84848484849,27565.151515151512,69.03,0.0,69392.85714285714,73523.80952380953,2480.1593650793525,2026,1,5,3,DEFISIT
2026-01-30,Maluku,Cabai Merah Keriting,67500.0,39937.878787878784,27562.121212121216,69.01,0.0,68407.14285714286,73250.0,1198.411647219306,2026,1,5,4,DEFISIT
2026-02-02,Maluku,Cabai Merah Keriting,60000.0,40795.454545454544,19204.545454545456,47.08,-7500.0,66885.71428571429,72673.91304347826,3110.82977752921,2026,2,6,0,DEFISIT
2026-02-03,Maluku,Cabai Merah Keriting,60000.0,41516.666666666664,18483.333333333336,44.52,0.0,65721.42857142857,72145.83333333333,3966.3015038002654,2026,2,6,1,DEFISIT
2026-02-04,Maluku,Cabai Merah Keriting,60000.0,42300.0,17700.0,41.84,0.0,64557.142857142855,71660.0,4315.420853504078,2026,2,6,2,DEFISIT
2026-02-05,Maluku,Cabai Merah Keriting,60000.0,42734.84848484849,17265.151515151512,40.4,0.0,63214.28571428572,71211.53846153847,4008.9186286864706,2026,2,6,3,DEFISIT
2026-02-06,Maluku,Cabai Merah Keriting,60000.0,42913.63636363636,17086.36363636364,39.82,0.0,62142.857142857145,70796.29629629629,3659.6252735571275,2026,2,6,4,DEFISIT
2026-02-09,Maluku,Cabai Merah Keriting,62500.0,45203.030303030304,17296.969696969696,38.27,2500.0,61428.57142857143,70500.0,2834.7335475693803,2026,2,7,0,DEFISIT
2026-02-10,Maluku,Cabai Merah Keriting,62500.0,45727.27272727273,16772.727272727272,36.68,0.0,60714.28571428572,70224.13793103448,1219.8750911861005,2026,2,7,1,DEFISIT
2026-02-11,Maluku,Cabai Merah Keriting,63150.0,46425.757575757576,16724.242424242424,36.02,650.0,61164.28571428572,69988.33333333333,1468.1945504926323,2026,2,7,2,DEFISIT
2026-02-12,Maluku,Cabai Merah Keriting,63750.0,46254.545454545456,17495.454545454544,37.82,600.0,61700.0,69530.0,1645.954636880266,2026,2,7,3,DEFISIT
2026-02-13,Maluku,Cabai Merah Keriting,65000.0,46590.90909090909,18409.09090909091,39.51,1250.0,62414.28571428572,69155.0,1856.680345337568,2026,2,7,4,DEFISIT
2026-02-16,Maluku,Cabai Merah Keriting,65000.0,46657.57575757576,18342.42424242424,39.31,0.0,63128.57142857143,68841.66666666667,1730.5724348844312,2026,2,8,0,DEFISIT
2026-02-17,Maluku,Cabai Merah Keriting,65000.0,46695.454545454544,18304.545454545456,39.2,0.0,63842.857142857145,68528.33333333333,1162.7655866616635,2026,2,8,1,DEFISIT
2026-02-18,Maluku,Cabai Merah Keriting,83750.0,50175.757575757576,33574.242424242424,66.91,18750.0,66878.57142857143,68840.0,7506.600270365294,2026,2,8,2,DEFISIT
2026-02-19,Maluku,Cabai Merah Keriting,81250.0,50419.69696969697,30830.303030303032,61.15,-2500.0,69557.14285714286,69110.0,8899.785979235176,2026,2,8,3,DEFISIT
2026-02-20,Maluku,Cabai Merah Keriting,81900.0,51990.90909090909,29909.09090909091,57.53,650.0,72235.71428571429,69401.66666666667,9454.351479861656,2026,2,8,4,DEFISIT
2026-02-23,Maluku,Cabai Merah Keriting,80650.0,50343.93939393939,30306.060606060608,60.2,-1250.0,74650.0,69673.33333333333,9076.526501549675,2026,2,9,0,DEFISIT
2026-02-24,Maluku,Cabai Merah Keriting,80650.0,49315.15151515151,31334.848484848488,63.54,0.0,76885.71428571429,69903.33333333333,8187.272352342302,2026,2,9,1,DEFISIT
2026-02-25,Maluku,Cabai Merah Keriting,80650.0,47557.57575757576,33092.42424242424,69.58,0.0,79121.42857142857,70050.0,6325.863389217912,2026,2,9,2,DEFISIT
2026-02-26,Maluku,Cabai Merah Keriting,79400.0,46383.333333333336,33016.666666666664,71.18,-1250.0,81178.57142857143,70196.66666666667,1362.5518775618862,2026,2,9,3,DEFISIT
2026-02-27,Maluku,Cabai Merah Keriting,76900.0,45580.30303030303,31319.696969696968,68.71,-2500.0,80200.0,70260.0,1639.6137756597416,2026,2,9,4,DEFISIT
2026-03-02,Maluku,Cabai Merah Keriting,77500.0,44621.21212121212,32878.78787878788,73.68,600.0,79664.28571428571,70135.0,1839.7722426327116,2026,3,10,0,DEFISIT
2026-03-03,Maluku,Cabai Merah Keriting,76900.0,44218.181818181816,32681.818181818184,73.91,-600.0,78950.0,69990.0,1797.2200755611257,2026,3,10,1,DEFISIT
2026-03-04,Maluku,Cabai Merah Keriting,76900.0,44030.30303030303,32869.69696969697,74.65,0.0,78414.28571428571,70073.33333333333,1764.6327015638537,2026,3,10,2,DEFISIT
2026-03-05,Maluku,Cabai Merah Keriting,76900.0,43909.09090909091,32990.90909090909,75.13,0.0,77878.57142857143,70281.66666666667,1525.8487099690767,2026,3,10,3,DEFISIT
2026-03-06,Maluku,Cabai Merah Keriting,75650.0,43951.51515151515,31698.484848484848,72.12,-1250.0,77164.28571428571,70531.66666666667,1131.6338798813479,2026,3,10,4,DEFISIT
2026-03-09,Maluku,Cabai Merah Keriting,78150.0,43463.63636363636,34686.36363636364,79.81,2500.0,76985.71428571429,70865.0,756.4799433970439,2026,3,11,0,DEFISIT
2026-03-10,Maluku,Cabai Merah Keriting,76250.0,43716.666666666664,32533.333333333336,74.42,-1900.0,76892.85714285714,71093.33333333333,806.9637390803731,2026,3,11,1,DEFISIT
2026-03-11,Maluku,Cabai Merah Keriting,76900.0,44330.30303030303,32569.696969696968,73.47,650.0,76807.14285714286,71406.66666666667,762.3584958473181,2026,3,11,2,DEFISIT
2026-03-12,Maluku,Cabai Merah Keriting,76900.0,45590.90909090909,31309.09090909091,68.67,0.0,76807.14285714286,71720.0,762.3584958473181,2026,3,11,3,DEFISIT
2026-03-13,Maluku,Cabai Merah Keriting,82500.0,47233.333333333336,35266.666666666664,74.66,5600.0,77607.14285714286,72220.0,2287.908173315494,2026,3,11,4,DEFISIT
2026-03-16,Maluku,Cabai Merah Keriting,88750.0,51990.90909090909,36759.09090909091,70.7,6250.0,79300.0,73178.33333333333,4743.592169091536,2026,3,12,0,DEFISIT
2026-03-17,Maluku,Cabai Merah Keriting,91250.0,54706.06060606061,36543.93939393939,66.8,2500.0,81528.57142857143,74220.0,6187.6797713182095,2026,3,12,1,DEFISIT
2026-03-18,Maluku,Cabai Merah Keriting,91250.0,54866.666666666664,36383.333333333336,66.31,0.0,83400.0,75261.66666666667,6931.810730249304,2026,3,12,2,DEFISIT
2026-03-19,Maluku,Cabai Merah Keriting,91250.0,54840.90909090909,36409.09090909091,66.39,0.0,85542.85714285714,76303.33333333333,6666.547617984607,2026,3,12,3,DEFISIT
2026-03-20,Maluku,Cabai Merah Keriting,91250.0,54828.78787878788,36421.21212121212,66.43,0.0,87592.85714285714,77345.0,5702.516153084469,2026,3,12,4,DEFISIT
2026-03-23,Maluku,Cabai Merah Keriting,91250.0,54781.818181818184,36468.181818181816,66.57,0.0,89642.85714285714,78303.33333333333,3284.6142050762974,2026,3,13,0,DEFISIT
2026-03-24,Maluku,Cabai Merah Keriting,91250.0,54672.72727272727,36577.27272727273,66.9,0.0,90892.85714285714,79261.66666666667,944.9111825221939,2026,3,13,1,DEFISIT
2026-03-25,Maluku,Cabai Merah Keriting,95000.0,53190.90909090909,41809.09090909091,78.6,3750.0,91785.71428571429,80323.33333333333,1417.3667737846013,2026,3,13,2,DEFISIT
2026-03-26,Maluku,Cabai Merah Keriting,95000.0,51804.545454545456,43195.454545454544,83.38,0.0,92321.42857142857,81365.0,1829.8126367784998,2026,3,13,3,DEFISIT
2026-03-27,Maluku,Cabai Merah Keriting,93750.0,50731.818181818184,43018.181818181816,84.8,-1250.0,92678.57142857143,82323.33333333333,1829.8126367784998,2026,3,13,4,DEFISIT
2026-03-30,Maluku,Cabai Merah Keriting,81900.0,46140.90909090909,35759.09090909091,77.5,-11850.0,91342.85714285714,82886.66666666667,4504.389393638589,2026,3,14,0,DEFISIT
2026-03-31,Maluku,Cabai Merah Keriting,88150.0,45778.78787878788,42371.21212121212,92.56,6250.0,90900.0,83658.33333333333,4664.582868095855,2026,3,14,1,DEFISIT
2026-04-01,Maluku,Cabai Merah Keriting,93750.0,45198.48484848485,48551.51515151515,107.42,5600.0,91257.14285714286,83991.66666666667,4789.870263676998,2026,4,14,2,DEFISIT
2026-04-02,Maluku,Cabai Merah Keriting,90000.0,44396.969696969696,45603.030303030304,102.72,-3750.0,91078.57142857143,84283.33333333333,4813.423689957869,2026,4,14,3,DEFISIT
2026-04-03,Maluku,Cabai Merah Keriting,90000.0,44231.818181818184,45768.181818181816,103.47,0.0,90364.28571428571,84553.33333333333,4494.970734583477,2026,4,14,4,DEFISIT
2026-04-06,Maluku,Cabai Merah Keriting,90650.0,44618.181818181816,46031.818181818184,103.17,650.0,89742.85714285714,84886.66666666667,4023.2064918657215,2026,4,15,0,DEFISIT
2026-04-07,Maluku,Cabai Merah Keriting,90000.0,44696.969696969696,45303.030303030304,101.36,-650.0,89207.14285714286,85198.33333333333,3631.279454433447,2026,4,15,1,DEFISIT
2026-04-08,Maluku,Cabai Merah Keriting,90000.0,44775.757575757576,45224.242424242424,101.0,0.0,90364.28571428571,85510.0,1682.1896161734978,2026,4,15,2,DEFISIT
2026-04-09,Maluku,Cabai Merah Keriting,91900.0,45248.48484848485,46651.51515151515,103.1,1900.0,90900.0,85926.66666666667,1439.0390312056827,2026,4,15,3,DEFISIT
2026-04-10,Maluku,Cabai Merah Keriting,91250.0,44931.818181818184,46318.181818181816,103.09,-650.0,90542.85714285714,86405.0,767.2616738704736,2026,4,15,4,DEFISIT
2026-04-13,Maluku,Cabai Merah Keriting,91250.0,44707.57575757576,46542.42424242424,104.1,0.0,90721.42857142857,86863.33333333333,765.319727770255,2026,4,16,0,DEFISIT
2026-01-01,Maluku Utara,Cabai Merah Keriting,70000.0,49296.969696969696,20703.030303030304,42.0,,70000.0,70000.0,,2026,1,1,3,DEFISIT
2026-01-02,Maluku Utara,Cabai Merah Keriting,70000.0,49380.30303030303,20619.696969696968,41.76,0.0,70000.0,70000.0,0.0,2026,1,1,4,DEFISIT
2026-01-05,Maluku Utara,Cabai Merah Keriting,70000.0,48063.63636363636,21936.36363636364,45.64,0.0,70000.0,70000.0,0.0,2026,1,2,0,DEFISIT
2026-01-06,Maluku Utara,Cabai Merah Keriting,70000.0,47307.57575757576,22692.42424242424,47.97,0.0,70000.0,70000.0,0.0,2026,1,2,1,DEFISIT
2026-01-07,Maluku Utara,Cabai Merah Keriting,70000.0,46007.57575757576,23992.42424242424,52.15,0.0,70000.0,70000.0,0.0,2026,1,2,2,DEFISIT
2026-01-08,Maluku Utara,Cabai Merah Keriting,70000.0,44760.606060606064,25239.393939393936,56.39,0.0,70000.0,70000.0,0.0,2026,1,2,3,DEFISIT
2026-01-09,Maluku Utara,Cabai Merah Keriting,70000.0,43928.78787878788,26071.21212121212,59.35,0.0,70000.0,70000.0,0.0,2026,1,2,4,DEFISIT
2026-01-12,Maluku Utara,Cabai Merah Keriting,70000.0,42260.606060606064,27739.393939393936,65.64,0.0,70000.0,70000.0,0.0,2026,1,3,0,DEFISIT
2026-01-13,Maluku Utara,Cabai Merah Keriting,70000.0,41421.21212121212,28578.78787878788,69.0,0.0,70000.0,70000.0,0.0,2026,1,3,1,DEFISIT
2026-01-14,Maluku Utara,Cabai Merah Keriting,70000.0,41259.09090909091,28740.90909090909,69.66,0.0,70000.0,70000.0,0.0,2026,1,3,2,DEFISIT
2026-01-15,Maluku Utara,Cabai Merah Keriting,70000.0,40803.030303030304,29196.969696969696,71.56,0.0,70000.0,70000.0,0.0,2026,1,3,3,DEFISIT
2026-01-16,Maluku Utara,Cabai Merah Keriting,70000.0,40739.393939393936,29260.606060606064,71.82,0.0,70000.0,70000.0,0.0,2026,1,3,4,DEFISIT
2026-01-19,Maluku Utara,Cabai Merah Keriting,70000.0,40203.030303030304,29796.969696969696,74.12,0.0,70000.0,70000.0,0.0,2026,1,4,0,DEFISIT
2026-01-20,Maluku Utara,Cabai Merah Keriting,70000.0,39850.0,30150.0,75.66,0.0,70000.0,70000.0,0.0,2026,1,4,1,DEFISIT
2026-01-21,Maluku Utara,Cabai Merah Keriting,70000.0,39424.242424242424,30575.757575757576,77.56,0.0,70000.0,70000.0,0.0,2026,1,4,2,DEFISIT
2026-01-22,Maluku Utara,Cabai Merah Keriting,70000.0,39283.333333333336,30716.666666666664,78.19,0.0,70000.0,70000.0,0.0,2026,1,4,3,DEFISIT
2026-01-23,Maluku Utara,Cabai Merah Keriting,70000.0,39050.0,30950.0,79.26,0.0,70000.0,70000.0,0.0,2026,1,4,4,DEFISIT
2026-01-26,Maluku Utara,Cabai Merah Keriting,70000.0,39381.818181818184,30618.181818181816,77.75,0.0,70000.0,70000.0,0.0,2026,1,5,0,DEFISIT
2026-01-27,Maluku Utara,Cabai Merah Keriting,70000.0,39468.181818181816,30531.818181818184,77.36,0.0,70000.0,70000.0,0.0,2026,1,5,1,DEFISIT
2026-01-28,Maluku Utara,Cabai Merah Keriting,70000.0,39837.878787878784,30162.121212121216,75.71,0.0,70000.0,70000.0,0.0,2026,1,5,2,DEFISIT
2026-01-29,Maluku Utara,Cabai Merah Keriting,70000.0,39934.84848484849,30065.151515151512,75.29,0.0,70000.0,70000.0,0.0,2026,1,5,3,DEFISIT
2026-01-30,Maluku Utara,Cabai Merah Keriting,70000.0,39937.878787878784,30062.121212121216,75.27,0.0,70000.0,70000.0,0.0,2026,1,5,4,DEFISIT
2026-02-02,Maluku Utara,Cabai Merah Keriting,70000.0,40795.454545454544,29204.545454545456,71.59,0.0,70000.0,70000.0,0.0,2026,2,6,0,DEFISIT
2026-02-03,Maluku Utara,Cabai Merah Keriting,70000.0,41516.666666666664,28483.333333333336,68.61,0.0,70000.0,70000.0,0.0,2026,2,6,1,DEFISIT
2026-02-04,Maluku Utara,Cabai Merah Keriting,70000.0,42300.0,27700.0,65.48,0.0,70000.0,70000.0,0.0,2026,2,6,2,DEFISIT
2026-02-05,Maluku Utara,Cabai Merah Keriting,70000.0,42734.84848484849,27265.151515151512,63.8,0.0,70000.0,70000.0,0.0,2026,2,6,3,DEFISIT
2026-02-06,Maluku Utara,Cabai Merah Keriting,70000.0,42913.63636363636,27086.36363636364,63.12,0.0,70000.0,70000.0,0.0,2026,2,6,4,DEFISIT
2026-02-09,Maluku Utara,Cabai Merah Keriting,70000.0,45203.030303030304,24796.969696969696,54.86,0.0,70000.0,70000.0,0.0,2026,2,7,0,DEFISIT
2026-02-10,Maluku Utara,Cabai Merah Keriting,70000.0,45727.27272727273,24272.727272727272,53.08,0.0,70000.0,70000.0,0.0,2026,2,7,1,DEFISIT
2026-02-11,Maluku Utara,Cabai Merah Keriting,70000.0,46425.757575757576,23574.242424242424,50.78,0.0,70000.0,70000.0,0.0,2026,2,7,2,DEFISIT
2026-02-12,Maluku Utara,Cabai Merah Keriting,70000.0,46254.545454545456,23745.454545454544,51.34,0.0,70000.0,70000.0,0.0,2026,2,7,3,DEFISIT
2026-02-13,Maluku Utara,Cabai Merah Keriting,70000.0,46590.90909090909,23409.09090909091,50.24,0.0,70000.0,70000.0,0.0,2026,2,7,4,DEFISIT
2026-02-16,Maluku Utara,Cabai Merah Keriting,70000.0,46657.57575757576,23342.42424242424,50.03,0.0,70000.0,70000.0,0.0,2026,2,8,0,DEFISIT
2026-02-17,Maluku Utara,Cabai Merah Keriting,70000.0,46695.454545454544,23304.545454545456,49.91,0.0,70000.0,70000.0,0.0,2026,2,8,1,DEFISIT
2026-02-18,Maluku Utara,Cabai Merah Keriting,70000.0,50175.757575757576,19824.242424242424,39.51,0.0,70000.0,70000.0,0.0,2026,2,8,2,DEFISIT
2026-02-19,Maluku Utara,Cabai Merah Keriting,70000.0,50419.69696969697,19580.303030303032,38.83,0.0,70000.0,70000.0,0.0,2026,2,8,3,DEFISIT
2026-02-20,Maluku Utara,Cabai Merah Keriting,70000.0,51990.90909090909,18009.09090909091,34.64,0.0,70000.0,70000.0,0.0,2026,2,8,4,DEFISIT
2026-02-23,Maluku Utara,Cabai Merah Keriting,70000.0,50343.93939393939,19656.060606060608,39.04,0.0,70000.0,70000.0,0.0,2026,2,9,0,DEFISIT
2026-02-24,Maluku Utara,Cabai Merah Keriting,70000.0,49315.15151515151,20684.848484848488,41.94,0.0,70000.0,70000.0,0.0,2026,2,9,1,DEFISIT
2026-02-25,Maluku Utara,Cabai Merah Keriting,70000.0,47557.57575757576,22442.42424242424,47.19,0.0,70000.0,70000.0,0.0,2026,2,9,2,DEFISIT
2026-02-26,Maluku Utara,Cabai Merah Keriting,70000.0,46383.333333333336,23616.666666666664,50.92,0.0,70000.0,70000.0,0.0,2026,2,9,3,DEFISIT
2026-02-27,Maluku Utara,Cabai Merah Keriting,70000.0,45580.30303030303,24419.696969696968,53.58,0.0,70000.0,70000.0,0.0,2026,2,9,4,DEFISIT
2026-03-02,Maluku Utara,Cabai Merah Keriting,70000.0,44621.21212121212,25378.78787878788,56.88,0.0,70000.0,70000.0,0.0,2026,3,10,0,DEFISIT
2026-03-03,Maluku Utara,Cabai Merah Keriting,70000.0,44218.181818181816,25781.818181818184,58.31,0.0,70000.0,70000.0,0.0,2026,3,10,1,DEFISIT
2026-03-04,Maluku Utara,Cabai Merah Keriting,70000.0,44030.30303030303,25969.696969696968,58.98,0.0,70000.0,70000.0,0.0,2026,3,10,2,DEFISIT
2026-03-05,Maluku Utara,Cabai Merah Keriting,70000.0,43909.09090909091,26090.90909090909,59.42,0.0,70000.0,70000.0,0.0,2026,3,10,3,DEFISIT
2026-03-06,Maluku Utara,Cabai Merah Keriting,70000.0,43951.51515151515,26048.484848484848,59.27,0.0,70000.0,70000.0,0.0,2026,3,10,4,DEFISIT
2026-03-09,Maluku Utara,Cabai Merah Keriting,70000.0,43463.63636363636,26536.36363636364,61.05,0.0,70000.0,70000.0,0.0,2026,3,11,0,DEFISIT
2026-03-10,Maluku Utara,Cabai Merah Keriting,70000.0,43716.666666666664,26283.333333333336,60.12,0.0,70000.0,70000.0,0.0,2026,3,11,1,DEFISIT
2026-03-11,Maluku Utara,Cabai Merah Keriting,70000.0,44330.30303030303,25669.696969696968,57.91,0.0,70000.0,70000.0,0.0,2026,3,11,2,DEFISIT
2026-03-12,Maluku Utara,Cabai Merah Keriting,70000.0,45590.90909090909,24409.09090909091,53.54,0.0,70000.0,70000.0,0.0,2026,3,11,3,DEFISIT
2026-03-13,Maluku Utara,Cabai Merah Keriting,70000.0,47233.333333333336,22766.666666666664,48.2,0.0,70000.0,70000.0,0.0,2026,3,11,4,DEFISIT
2026-03-16,Maluku Utara,Cabai Merah Keriting,70000.0,51990.90909090909,18009.09090909091,34.64,0.0,70000.0,70000.0,0.0,2026,3,12,0,DEFISIT
2026-03-17,Maluku Utara,Cabai Merah Keriting,70000.0,54706.06060606061,15293.939393939392,27.96,0.0,70000.0,70000.0,0.0,2026,3,12,1,DEFISIT
2026-03-18,Maluku Utara,Cabai Merah Keriting,70000.0,54866.666666666664,15133.333333333336,27.58,0.0,70000.0,70000.0,0.0,2026,3,12,2,DEFISIT
2026-03-19,Maluku Utara,Cabai Merah Keriting,70000.0,54840.90909090909,15159.090909090912,27.64,0.0,70000.0,70000.0,0.0,2026,3,12,3,DEFISIT
2026-03-20,Maluku Utara,Cabai Merah Keriting,70000.0,54828.78787878788,15171.21212121212,27.67,0.0,70000.0,70000.0,0.0,2026,3,12,4,DEFISIT
2026-03-23,Maluku Utara,Cabai Merah Keriting,70000.0,54781.818181818184,15218.181818181816,27.78,0.0,70000.0,70000.0,0.0,2026,3,13,0,DEFISIT
2026-03-24,Maluku Utara,Cabai Merah Keriting,70000.0,54672.72727272727,15327.272727272728,28.03,0.0,70000.0,70000.0,0.0,2026,3,13,1,DEFISIT
2026-03-25,Maluku Utara,Cabai Merah Keriting,70000.0,53190.90909090909,16809.09090909091,31.6,0.0,70000.0,70000.0,0.0,2026,3,13,2,DEFISIT
2026-03-26,Maluku Utara,Cabai Merah Keriting,70000.0,51804.545454545456,18195.454545454544,35.12,0.0,70000.0,70000.0,0.0,2026,3,13,3,DEFISIT
2026-03-27,Maluku Utara,Cabai Merah Keriting,80000.0,50731.818181818184,29268.181818181816,57.69,10000.0,71428.57142857143,70333.33333333333,3779.644730092271,2026,3,13,4,DEFISIT
2026-03-30,Maluku Utara,Cabai Merah Keriting,70000.0,46140.90909090909,23859.09090909091,51.71,-10000.0,71428.57142857143,70333.33333333333,3779.644730092271,2026,3,14,0,DEFISIT
2026-03-31,Maluku Utara,Cabai Merah Keriting,70000.0,45778.78787878788,24221.21212121212,52.91,0.0,71428.57142857143,70333.33333333333,3779.644730092271,2026,3,14,1,DEFISIT
2026-04-01,Maluku Utara,Cabai Merah Keriting,70000.0,45198.48484848485,24801.515151515152,54.87,0.0,71428.57142857143,70333.33333333333,3779.644730092271,2026,4,14,2,DEFISIT
2026-04-02,Maluku Utara,Cabai Merah Keriting,70000.0,44396.969696969696,25603.030303030304,57.67,0.0,71428.57142857143,70333.33333333333,3779.644730092271,2026,4,14,3,DEFISIT
2026-04-03,Maluku Utara,Cabai Merah Keriting,70000.0,44231.818181818184,25768.181818181816,58.26,0.0,71428.57142857143,70333.33333333333,3779.644730092271,2026,4,14,4,DEFISIT
2026-04-06,Maluku Utara,Cabai Merah Keriting,70000.0,44618.181818181816,25381.818181818184,56.89,0.0,71428.57142857143,70333.33333333333,3779.644730092271,2026,4,15,0,DEFISIT
2026-04-07,Maluku Utara,Cabai Merah Keriting,70000.0,44696.969696969696,25303.030303030304,56.61,0.0,70000.0,70333.33333333333,0.0,2026,4,15,1,DEFISIT
2026-04-08,Maluku Utara,Cabai Merah Keriting,70000.0,44775.757575757576,25224.242424242424,56.33,0.0,70000.0,70333.33333333333,0.0,2026,4,15,2,DEFISIT
2026-04-09,Maluku Utara,Cabai Merah Keriting,80000.0,45248.48484848485,34751.51515151515,76.8,10000.0,71428.57142857143,70666.66666666667,3779.644730092271,2026,4,15,3,DEFISIT
2026-04-10,Maluku Utara,Cabai Merah Keriting,80000.0,44931.818181818184,35068.181818181816,78.05,0.0,72857.14285714286,71000.0,4879.500364742664,2026,4,15,4,DEFISIT
2026-04-13,Maluku Utara,Cabai Merah Keriting,80000.0,44707.57575757576,35292.42424242424,78.94,0.0,74285.71428571429,71333.33333333333,5345.224838248488,2026,4,16,0,DEFISIT
2026-01-01,Nusa Tenggara Barat,Cabai Merah Keriting,37200.0,49296.969696969696,-12096.969696969696,-24.54,,37200.0,37200.0,,2026,1,1,3,SURPLUS
2026-01-02,Nusa Tenggara Barat,Cabai Merah Keriting,36900.0,49380.30303030303,-12480.303030303032,-25.27,-300.0,37050.0,37050.0,212.13203435596427,2026,1,1,4,SURPLUS
2026-01-05,Nusa Tenggara Barat,Cabai Merah Keriting,36250.0,48063.63636363636,-11813.63636363636,-24.58,-650.0,36783.333333333336,36783.333333333336,485.6267428111165,2026,1,2,0,SURPLUS
2026-01-06,Nusa Tenggara Barat,Cabai Merah Keriting,37500.0,47307.57575757576,-9807.57575757576,-20.73,1250.0,36962.5,36962.5,534.438958160799,2026,1,2,1,SURPLUS
2026-01-07,Nusa Tenggara Barat,Cabai Merah Keriting,36900.0,46007.57575757576,-9107.57575757576,-19.8,-600.0,36950.0,36950.0,463.68092477478535,2026,1,2,2,SURPLUS
2026-01-08,Nusa Tenggara Barat,Cabai Merah Keriting,35650.0,44760.606060606064,-9110.606060606064,-20.35,-1250.0,36733.333333333336,36733.333333333336,673.5478206235007,2026,1,2,3,SURPLUS
2026-01-09,Nusa Tenggara Barat,Cabai Merah Keriting,35000.0,43928.78787878788,-8928.78787878788,-20.33,-650.0,36485.71428571428,36485.71428571428,898.4775482792585,2026,1,2,4,SURPLUS
2026-01-12,Nusa Tenggara Barat,Cabai Merah Keriting,36000.0,42260.606060606064,-6260.606060606064,-14.81,1000.0,36314.28571428572,36425.0,852.7965201394227,2026,1,3,0,SURPLUS
2026-01-13,Nusa Tenggara Barat,Cabai Merah Keriting,33800.0,41421.21212121212,-7621.21212121212,-18.4,-2200.0,35871.42857142857,36133.333333333336,1222.6532429028923,2026,1,3,1,SURPLUS
2026-01-14,Nusa Tenggara Barat,Cabai Merah Keriting,33450.0,41259.09090909091,-7809.090909090912,-18.93,-350.0,35471.42857142857,35865.0,1503.8442801858266,2026,1,3,2,SURPLUS
2026-01-15,Nusa Tenggara Barat,Cabai Merah Keriting,33150.0,40803.030303030304,-7653.030303030304,-18.76,-300.0,34850.0,35618.181818181816,1422.439219556795,2026,1,3,3,SURPLUS
2026-01-16,Nusa Tenggara Barat,Cabai Merah Keriting,33150.0,40739.393939393936,-7589.393939393936,-18.63,0.0,34314.28571428572,35412.5,1212.3373725007066,2026,1,3,4,SURPLUS
2026-01-19,Nusa Tenggara Barat,Cabai Merah Keriting,36900.0,40203.030303030304,-3303.030303030304,-8.22,3750.0,34492.857142857145,35526.92307692308,1499.8412614419638,2026,1,4,0,SURPLUS
2026-01-20,Nusa Tenggara Barat,Cabai Merah Keriting,36250.0,39850.0,-3600.0,-9.03,-650.0,34671.42857142857,35578.57142857143,1638.3063263772224,2026,1,4,1,SURPLUS
2026-01-21,Nusa Tenggara Barat,Cabai Merah Keriting,35300.0,39424.242424242424,-4124.242424242424,-10.46,-950.0,34571.42857142857,35560.0,1563.3450096020488,2026,1,4,2,SURPLUS
2026-01-22,Nusa Tenggara Barat,Cabai Merah Keriting,35300.0,39283.333333333336,-3983.3333333333358,-10.14,0.0,34785.71428571428,35543.75,1542.6476930141619,2026,1,4,3,SURPLUS
2026-01-23,Nusa Tenggara Barat,Cabai Merah Keriting,35300.0,39050.0,-3750.0,-9.6,0.0,35050.0,35529.41176470588,1430.034964607514,2026,1,4,4,SURPLUS
2026-01-26,Nusa Tenggara Barat,Cabai Merah Keriting,35300.0,39381.818181818184,-4081.818181818184,-10.36,0.0,35357.142857142855,35516.666666666664,1159.1766371828305,2026,1,5,0,SURPLUS
2026-01-27,Nusa Tenggara Barat,Cabai Merah Keriting,34300.0,39468.181818181816,-5168.181818181816,-13.09,-1000.0,35521.42857142857,35452.63157894737,828.5816912336654,2026,1,5,1,SURPLUS
2026-01-28,Nusa Tenggara Barat,Cabai Merah Keriting,34700.0,39837.878787878784,-5137.878787878784,-12.9,400.0,35207.142857142855,35415.0,605.8249000526647,2026,1,5,2,SURPLUS
2026-01-29,Nusa Tenggara Barat,Cabai Merah Keriting,34700.0,39934.84848484849,-5234.848484848488,-13.11,0.0,34985.71428571428,35380.95238095238,414.03933560541606,2026,1,5,3,SURPLUS
2026-01-30,Nusa Tenggara Barat,Cabai Merah Keriting,34050.0,39937.878787878784,-5887.878787878784,-14.74,-650.0,34807.142857142855,35320.454545454544,513.5080098600918,2026,1,5,4,SURPLUS
2026-02-02,Nusa Tenggara Barat,Cabai Merah Keriting,41400.0,40795.454545454544,604.5454545454559,1.48,7350.0,35678.57142857143,35584.782608695656,2565.4527123000435,2026,2,6,0,NORMAL
2026-02-03,Nusa Tenggara Barat,Cabai Merah Keriting,43150.0,41516.666666666664,1633.3333333333358,3.93,1750.0,36800.0,35900.0,3793.9645051933126,2026,2,6,1,NORMAL
2026-02-04,Nusa Tenggara Barat,Cabai Merah Keriting,43450.0,42300.0,1150.0,2.72,300.0,37964.28571428572,36202.0,4450.628634035347,2026,2,6,2,NORMAL
2026-02-05,Nusa Tenggara Barat,Cabai Merah Keriting,44050.0,42734.84848484849,1315.1515151515123,3.08,600.0,39357.142857142855,36503.846153846156,4634.600717378354,2026,2,6,3,NORMAL
2026-02-06,Nusa Tenggara Barat,Cabai Merah Keriting,42450.0,42913.63636363636,-463.63636363636033,-1.08,-1600.0,40464.28571428572,36724.07407407407,4246.048583262884,2026,2,6,4,NORMAL
2026-02-09,Nusa Tenggara Barat,Cabai Merah Keriting,39050.0,45203.030303030304,-6153.030303030304,-13.61,-3400.0,41085.71428571428,36807.142857142855,3517.6595303452486,2026,2,7,0,SURPLUS
2026-02-10,Nusa Tenggara Barat,Cabai Merah Keriting,38700.0,45727.27272727273,-7027.272727272728,-15.37,-350.0,41750.0,36872.41379310345,2134.8302040209664,2026,2,7,1,SURPLUS
2026-02-11,Nusa Tenggara Barat,Cabai Merah Keriting,42400.0,46425.757575757576,-4025.757575757576,-8.67,3700.0,41892.857142857145,37056.666666666664,2140.9555054205775,2026,2,7,2,SURPLUS
2026-02-12,Nusa Tenggara Barat,Cabai Merah Keriting,42400.0,46254.545454545456,-3854.545454545456,-8.33,0.0,41785.71428571428,37230.0,2085.608281715938,2026,2,7,3,SURPLUS
2026-02-13,Nusa Tenggara Barat,Cabai Merah Keriting,43000.0,46590.90909090909,-3590.9090909090883,-7.71,600.0,41721.42857142857,37433.333333333336,2032.0058117652673,2026,2,7,4,SURPLUS
2026-02-16,Nusa Tenggara Barat,Cabai Merah Keriting,43000.0,46657.57575757576,-3657.57575757576,-7.84,0.0,41571.42857142857,37658.333333333336,1863.2089574301162,2026,2,8,0,SURPLUS
2026-02-17,Nusa Tenggara Barat,Cabai Merah Keriting,43000.0,46695.454545454544,-3695.454545454544,-7.91,0.0,41650.0,37841.666666666664,1917.2462891693224,2026,2,8,1,SURPLUS
2026-02-18,Nusa Tenggara Barat,Cabai Merah Keriting,45200.0,50175.757575757576,-4975.757575757576,-9.92,2200.0,42528.57142857143,38118.333333333336,1936.2457537843254,2026,2,8,2,SURPLUS
2026-02-19,Nusa Tenggara Barat,Cabai Merah Keriting,45800.0,50419.69696969697,-4619.696969696968,-9.16,600.0,43542.857142857145,38456.666666666664,1374.5995087748383,2026,2,8,3,SURPLUS
2026-02-20,Nusa Tenggara Barat,Cabai Merah Keriting,47950.0,51990.90909090909,-4040.9090909090883,-7.77,2150.0,44335.71428571428,38888.333333333336,2043.4273263552736,2026,2,8,4,SURPLUS
2026-02-23,Nusa Tenggara Barat,Cabai Merah Keriting,48000.0,50343.93939393939,-2343.939393939392,-4.66,50.0,45135.71428571428,39288.333333333336,2245.4981417855006,2026,2,9,0,NORMAL
2026-02-24,Nusa Tenggara Barat,Cabai Merah Keriting,47750.0,49315.15151515151,-1565.1515151515123,-3.17,-250.0,45814.28571428572,39753.333333333336,2209.9612149150507,2026,2,9,1,NORMAL
2026-02-25,Nusa Tenggara Barat,Cabai Merah Keriting,43950.0,47557.57575757576,-3607.57575757576,-7.59,-3800.0,45950.0,40103.333333333336,2030.1888253723846,2026,2,9,2,SURPLUS
2026-02-26,Nusa Tenggara Barat,Cabai Merah Keriting,43700.0,46383.333333333336,-2683.3333333333358,-5.79,-250.0,46050.0,40455.0,1871.7193521822578,2026,2,9,3,SURPLUS
2026-02-27,Nusa Tenggara Barat,Cabai Merah Keriting,43500.0,45580.30303030303,-2080.303030303032,-4.56,-200.0,45807.142857142855,40800.0,2097.106850605704,2026,2,9,4,NORMAL
2026-03-02,Nusa Tenggara Barat,Cabai Merah Keriting,43750.0,44621.21212121212,-871.2121212121201,-1.95,250.0,45514.28571428572,41028.333333333336,2236.7599866984974,2026,3,10,0,NORMAL
2026-03-03,Nusa Tenggara Barat,Cabai Merah Keriting,44750.0,44218.181818181816,531.8181818181838,1.2,1000.0,45057.142857142855,41311.666666666664,1966.6868441257639,2026,3,10,1,NORMAL
2026-03-04,Nusa Tenggara Barat,Cabai Merah Keriting,45400.0,44030.30303030303,1369.6969696969682,3.11,650.0,44685.71428571428,41648.333333333336,1510.991475189534,2026,3,10,2,NORMAL
2026-03-05,Nusa Tenggara Barat,Cabai Merah Keriting,44150.0,43909.09090909091,240.90909090908826,0.55,-1250.0,44171.42857142857,41943.333333333336,676.2994546657159,2026,3,10,3,NORMAL
2026-03-06,Nusa Tenggara Barat,Cabai Merah Keriting,43300.0,43951.51515151515,-651.515151515152,-1.48,-850.0,44078.57142857143,42210.0,752.1398046337359,2026,3,10,4,NORMAL
2026-03-09,Nusa Tenggara Barat,Cabai Merah Keriting,41900.0,43463.63636363636,-1563.6363636363603,-3.6,-1400.0,43821.42857142857,42430.0,1120.5865810879882,2026,3,11,0,NORMAL
2026-03-10,Nusa Tenggara Barat,Cabai Merah Keriting,40650.0,43716.666666666664,-3066.6666666666642,-7.01,-1250.0,43414.28571428572,42641.666666666664,1649.6752927254324,2026,3,11,1,SURPLUS
2026-03-11,Nusa Tenggara Barat,Cabai Merah Keriting,41650.0,44330.30303030303,-2680.303030303032,-6.05,1000.0,43114.28571428572,42873.333333333336,1765.3409221532063,2026,3,11,2,SURPLUS
2026-03-12,Nusa Tenggara Barat,Cabai Merah Keriting,41150.0,45590.90909090909,-4440.909090909088,-9.74,-500.0,42600.0,43088.333333333336,1733.4935823360152,2026,3,11,3,SURPLUS
2026-03-13,Nusa Tenggara Barat,Cabai Merah Keriting,41950.0,47233.333333333336,-5283.333333333336,-11.19,800.0,42107.142857142855,43351.666666666664,1218.7522893751984,2026,3,11,4,SURPLUS
2026-03-16,Nusa Tenggara Barat,Cabai Merah Keriting,45700.0,51990.90909090909,-6290.909090909088,-12.1,3750.0,42328.57142857143,43495.0,1698.248397334078,2026,3,12,0,SURPLUS
2026-03-17,Nusa Tenggara Barat,Cabai Merah Keriting,45700.0,54706.06060606061,-9006.060606060608,-16.46,0.0,42671.42857142857,43580.0,2117.5569931049704,2026,3,12,1,SURPLUS
2026-03-18,Nusa Tenggara Barat,Cabai Merah Keriting,45700.0,54866.666666666664,-9166.666666666664,-16.71,0.0,43214.28571428572,43655.0,2360.0343016070865,2026,3,12,2,SURPLUS
2026-03-19,Nusa Tenggara Barat,Cabai Merah Keriting,45700.0,54840.90909090909,-9140.909090909088,-16.67,0.0,43935.71428571428,43710.0,2212.787511585491,2026,3,12,3,SURPLUS
2026-03-20,Nusa Tenggara Barat,Cabai Merah Keriting,45700.0,54828.78787878788,-9128.78787878788,-16.65,0.0,44514.28571428572,43818.333333333336,2038.1188805927645,2026,3,12,4,SURPLUS
2026-03-23,Nusa Tenggara Barat,Cabai Merah Keriting,45700.0,54781.818181818184,-9081.818181818184,-16.58,0.0,45164.28571428572,44040.0,1417.3667737846479,2026,3,13,0,SURPLUS
2026-03-24,Nusa Tenggara Barat,Cabai Merah Keriting,45700.0,54672.72727272727,-8972.727272727272,-16.41,0.0,45700.0,44273.333333333336,0.0,2026,3,13,1,SURPLUS
2026-03-25,Nusa Tenggara Barat,Cabai Merah Keriting,44700.0,53190.90909090909,-8490.909090909088,-15.96,-1000.0,45557.142857142855,44350.0,377.96447300922677,2026,3,13,2,SURPLUS
2026-03-26,Nusa Tenggara Barat,Cabai Merah Keriting,44050.0,51804.545454545456,-7754.545454545456,-14.97,-650.0,45321.42857142857,44405.0,673.2119173887838,2026,3,13,3,SURPLUS
2026-03-27,Nusa Tenggara Barat,Cabai Merah Keriting,42200.0,50731.818181818184,-8531.818181818184,-16.82,-1850.0,44821.42857142857,44378.333333333336,1327.2330688494806,2026,3,13,4,SURPLUS
2026-03-30,Nusa Tenggara Barat,Cabai Merah Keriting,39050.0,46140.90909090909,-7090.909090909088,-15.37,-3150.0,43871.42857142857,44246.666666666664,2476.1961996270807,2026,3,14,0,SURPLUS
2026-03-31,Nusa Tenggara Barat,Cabai Merah Keriting,39050.0,45778.78787878788,-6728.78787878788,-14.7,0.0,42921.42857142857,44115.0,2897.535898951771,2026,3,14,1,SURPLUS
2026-04-01,Nusa Tenggara Barat,Cabai Merah Keriting,38900.0,45198.48484848485,-6298.484848484848,-13.94,-150.0,41950.0,43905.0,2950.1412395567236,2026,4,14,2,SURPLUS
2026-04-02,Nusa Tenggara Barat,Cabai Merah Keriting,39300.0,44396.969696969696,-5096.969696969696,-11.48,400.0,41035.71428571428,43688.333333333336,2560.2269244662357,2026,4,14,3,SURPLUS
2026-04-03,Nusa Tenggara Barat,Cabai Merah Keriting,39300.0,44231.818181818184,-4931.818181818184,-11.15,0.0,40264.28571428572,43400.0,2030.9509853174297,2026,4,14,4,SURPLUS
2026-04-06,Nusa Tenggara Barat,Cabai Merah Keriting,40300.0,44618.181818181816,-4318.181818181816,-9.68,1000.0,39728.57142857143,43143.333333333336,1183.8697643945284,2026,4,15,0,SURPLUS
2026-04-07,Nusa Tenggara Barat,Cabai Merah Keriting,40300.0,44696.969696969696,-4396.969696969696,-9.84,0.0,39457.142857142855,42895.0,593.3159441003976,2026,4,15,1,SURPLUS
2026-04-08,Nusa Tenggara Barat,Cabai Merah Keriting,41550.0,44775.757575757576,-3225.757575757576,-7.2,1250.0,39814.28571428572,42815.0,951.627678293971,2026,4,15,2,SURPLUS
2026-04-09,Nusa Tenggara Barat,Cabai Merah Keriting,41550.0,45248.48484848485,-3698.484848484848,-8.17,0.0,40171.42857142857,42743.333333333336,1077.7511860571308,2026,4,15,3,SURPLUS
2026-04-10,Nusa Tenggara Barat,Cabai Merah Keriting,42200.0,44931.818181818184,-2731.818181818184,-6.08,650.0,40642.857142857145,42700.0,1148.3424908059474,2026,4,15,4,SURPLUS
2026-04-13,Nusa Tenggara Barat,Cabai Merah Keriting,42200.0,44707.57575757576,-2507.57575757576,-5.61,0.0,41057.142857142855,42648.333333333336,1105.4518576237217,2026,4,16,0,SURPLUS
2026-01-01,Nusa Tenggara Timur,Cabai Merah Keriting,57100.0,49296.969696969696,7803.030303030304,15.83,,57100.0,57100.0,,2026,1,1,3,DEFISIT
2026-01-02,Nusa Tenggara Timur,Cabai Merah Keriting,55850.0,49380.30303030303,6469.696969696968,13.1,-1250.0,56475.0,56475.0,883.8834764831844,2026,1,1,4,DEFISIT
2026-01-05,Nusa Tenggara Timur,Cabai Merah Keriting,55000.0,48063.63636363636,6936.36363636364,14.43,-850.0,55983.333333333336,55983.333333333336,1056.3301251660557,2026,1,2,0,DEFISIT
2026-01-06,Nusa Tenggara Timur,Cabai Merah Keriting,56650.0,47307.57575757576,9342.42424242424,19.75,1650.0,56150.0,56150.0,924.6621004453469,2026,1,2,1,DEFISIT
2026-01-07,Nusa Tenggara Timur,Cabai Merah Keriting,55850.0,46007.57575757576,9842.42424242424,21.39,-800.0,56090.0,56090.0,811.9421161634618,2026,1,2,2,DEFISIT
2026-01-08,Nusa Tenggara Timur,Cabai Merah Keriting,56650.0,44760.606060606064,11889.393939393936,26.56,800.0,56183.333333333336,56183.333333333336,761.3584350794748,2026,1,2,3,DEFISIT
2026-01-09,Nusa Tenggara Timur,Cabai Merah Keriting,56650.0,43928.78787878788,12721.21212121212,28.96,0.0,56250.0,56250.0,717.0541588099651,2026,1,2,4,DEFISIT
2026-01-12,Nusa Tenggara Timur,Cabai Merah Keriting,57100.0,42260.606060606064,14839.393939393936,35.11,450.0,56250.0,56356.25,717.0541588099651,2026,1,3,0,DEFISIT
2026-01-13,Nusa Tenggara Timur,Cabai Merah Keriting,57100.0,41421.21212121212,15678.78787878788,37.85,0.0,56428.57142857143,56438.88888888889,755.4563426924724,2026,1,3,1,DEFISIT
2026-01-14,Nusa Tenggara Timur,Cabai Merah Keriting,56650.0,41259.09090909091,15390.909090909088,37.3,-450.0,56664.28571428572,56460.0,417.0474450570017,2026,1,3,2,DEFISIT
2026-01-15,Nusa Tenggara Timur,Cabai Merah Keriting,56650.0,40803.030303030304,15846.969696969696,38.84,0.0,56664.28571428572,56477.27272727273,417.0474450570017,2026,1,3,3,DEFISIT
2026-01-16,Nusa Tenggara Timur,Cabai Merah Keriting,56650.0,40739.393939393936,15910.606060606064,39.05,0.0,56778.57142857143,56491.666666666664,219.57751641342608,2026,1,3,4,DEFISIT
2026-01-19,Nusa Tenggara Timur,Cabai Merah Keriting,56250.0,40203.030303030304,16046.969696969696,39.91,-400.0,56721.42857142857,56473.07692307692,297.0088983756002,2026,1,4,0,DEFISIT
2026-01-20,Nusa Tenggara Timur,Cabai Merah Keriting,56250.0,39850.0,16400.0,41.15,0.0,56664.28571428572,56457.142857142855,347.26825091741324,2026,1,4,1,DEFISIT
2026-01-21,Nusa Tenggara Timur,Cabai Merah Keriting,52500.0,39424.242424242424,13075.757575757576,33.17,-3750.0,56007.142857142855,56193.333333333336,1573.3267756118373,2026,1,4,2,DEFISIT
2026-01-22,Nusa Tenggara Timur,Cabai Merah Keriting,52500.0,39283.333333333336,13216.666666666664,33.64,0.0,55350.0,55962.5,1955.1214796017146,2026,1,4,3,DEFISIT
2026-01-23,Nusa Tenggara Timur,Cabai Merah Keriting,52500.0,39050.0,13450.0,34.44,0.0,54757.142857142855,55758.82352941176,2117.669428764511,2026,1,4,4,DEFISIT
2026-01-26,Nusa Tenggara Timur,Cabai Merah Keriting,51650.0,39381.818181818184,12268.181818181816,31.15,-850.0,54042.857142857145,55530.555555555555,2213.863246948755,2026,1,5,0,DEFISIT
2026-01-27,Nusa Tenggara Timur,Cabai Merah Keriting,49600.0,39468.181818181816,10131.818181818184,25.67,-2050.0,53035.71428571428,55218.42105263158,2423.790812913094,2026,1,5,1,DEFISIT
2026-01-28,Nusa Tenggara Timur,Cabai Merah Keriting,50400.0,39837.878787878784,10562.121212121216,26.51,800.0,52200.0,54977.5,2120.338023366406,2026,1,5,2,DEFISIT
2026-01-29,Nusa Tenggara Timur,Cabai Merah Keriting,52900.0,39934.84848484849,12965.151515151512,32.47,2500.0,51721.42857142857,54878.57142857143,1255.6064745961016,2026,1,5,3,DEFISIT
2026-01-30,Nusa Tenggara Timur,Cabai Merah Keriting,52900.0,39937.878787878784,12962.121212121216,32.46,0.0,51778.57142857143,54788.63636363636,1305.0725212471202,2026,1,5,4,DEFISIT
2026-02-02,Nusa Tenggara Timur,Cabai Merah Keriting,52900.0,40795.454545454544,12104.545454545456,29.67,0.0,51835.71428571428,54706.52173913043,1349.9118136981886,2026,2,6,0,DEFISIT
2026-02-03,Nusa Tenggara Timur,Cabai Merah Keriting,52900.0,41516.666666666664,11383.333333333336,27.42,0.0,51892.857142857145,54631.25,1390.5719960471313,2026,2,6,1,DEFISIT
2026-02-04,Nusa Tenggara Timur,Cabai Merah Keriting,53750.0,42300.0,11450.0,27.07,850.0,52192.857142857145,54596.0,1547.1556082665043,2026,2,6,2,DEFISIT
2026-02-05,Nusa Tenggara Timur,Cabai Merah Keriting,53350.0,42734.84848484849,10615.151515151512,24.84,-400.0,52728.57142857143,54548.07692307692,1077.751186057165,2026,2,6,3,DEFISIT
2026-02-06,Nusa Tenggara Timur,Cabai Merah Keriting,53350.0,42913.63636363636,10436.36363636364,24.32,0.0,53150.0,54503.7037037037,339.1164991562512,2026,2,6,4,DEFISIT
2026-02-09,Nusa Tenggara Timur,Cabai Merah Keriting,53350.0,45203.030303030304,8146.969696969696,18.02,0.0,53214.28571428572,54462.5,326.2339213333904,2026,2,7,0,DEFISIT
2026-02-10,Nusa Tenggara Timur,Cabai Merah Keriting,53750.0,45727.27272727273,8022.727272727272,17.54,400.0,53335.71428571428,54437.93103448276,347.2682509173888,2026,2,7,1,DEFISIT
2026-02-11,Nusa Tenggara Timur,Cabai Merah Keriting,53750.0,46425.757575757576,7324.242424242424,15.78,0.0,53457.142857142855,54415.0,316.79195516477625,2026,2,7,2,DEFISIT
2026-02-12,Nusa Tenggara Timur,Cabai Merah Keriting,52500.0,46254.545454545456,6245.454545454544,13.5,-1250.0,53400.0,54261.666666666664,444.40972086575886,2026,2,7,3,DEFISIT
2026-02-13,Nusa Tenggara Timur,Cabai Merah Keriting,52100.0,46590.90909090909,5509.090909090912,11.82,-400.0,53164.28571428572,54136.666666666664,627.637292891815,2026,2,7,4,DEFISIT
2026-02-16,Nusa Tenggara Timur,Cabai Merah Keriting,52100.0,46657.57575757576,5442.42424242424,11.66,0.0,52985.71428571428,54040.0,734.6849016836472,2026,2,8,0,DEFISIT
2026-02-17,Nusa Tenggara Timur,Cabai Merah Keriting,52100.0,46695.454545454544,5404.545454545456,11.57,0.0,52807.142857142855,53888.333333333336,781.7867203978925,2026,2,8,1,DEFISIT
2026-02-18,Nusa Tenggara Timur,Cabai Merah Keriting,54600.0,50175.757575757576,4424.242424242424,8.82,2500.0,52985.71428571428,53846.666666666664,1029.8520467014878,2026,2,8,2,DEFISIT
2026-02-19,Nusa Tenggara Timur,Cabai Merah Keriting,54150.0,50419.69696969697,3730.303030303032,7.4,-450.0,53042.857142857145,53763.333333333336,1088.7410816429885,2026,2,8,3,DEFISIT
2026-02-20,Nusa Tenggara Timur,Cabai Merah Keriting,55000.0,51990.90909090909,3009.0909090909117,5.79,850.0,53221.42857142857,53708.333333333336,1305.0725212471061,2026,2,8,4,DEFISIT
2026-02-23,Nusa Tenggara Timur,Cabai Merah Keriting,55000.0,50343.93939393939,4656.060606060608,9.25,0.0,53578.57142857143,53638.333333333336,1412.402546153513,2026,2,9,0,DEFISIT
2026-02-24,Nusa Tenggara Timur,Cabai Merah Keriting,55000.0,49315.15151515151,5684.848484848488,11.53,0.0,53992.857142857145,53568.333333333336,1329.294478106249,2026,2,9,1,DEFISIT
2026-02-25,Nusa Tenggara Timur,Cabai Merah Keriting,55000.0,47557.57575757576,7442.42424242424,15.65,0.0,54407.142857142855,53513.333333333336,1067.094408283736,2026,2,9,2,DEFISIT
2026-02-26,Nusa Tenggara Timur,Cabai Merah Keriting,51650.0,46383.333333333336,5266.666666666664,11.35,-3350.0,54342.857142857145,53346.666666666664,1230.3212898224663,2026,2,9,3,DEFISIT
2026-02-27,Nusa Tenggara Timur,Cabai Merah Keriting,53750.0,45580.30303030303,8169.696969696968,17.92,2100.0,54221.42857142857,53250.0,1242.5971266052256,2026,2,9,4,DEFISIT
2026-03-02,Nusa Tenggara Timur,Cabai Merah Keriting,53750.0,44621.21212121212,9128.78787878788,20.46,0.0,54164.28571428572,53166.666666666664,1255.5590672797985,2026,3,10,0,DEFISIT
2026-03-03,Nusa Tenggara Timur,Cabai Merah Keriting,53750.0,44218.181818181816,9531.818181818184,21.56,0.0,53985.71428571428,53083.333333333336,1204.7524938461531,2026,3,10,1,DEFISIT
2026-03-04,Nusa Tenggara Timur,Cabai Merah Keriting,52900.0,44030.30303030303,8869.696969696968,20.14,-850.0,53685.71428571428,53096.666666666664,1171.0800875382254,2026,3,10,2,DEFISIT
2026-03-05,Nusa Tenggara Timur,Cabai Merah Keriting,53350.0,43909.09090909091,9440.909090909088,21.5,450.0,53450.0,53125.0,1018.5774393731562,2026,3,10,3,DEFISIT
2026-03-06,Nusa Tenggara Timur,Cabai Merah Keriting,60000.0,43951.51515151515,16048.484848484848,36.51,6650.0,54164.28571428572,53375.0,2681.8392764596933,2026,3,10,4,DEFISIT
2026-03-09,Nusa Tenggara Timur,Cabai Merah Keriting,59150.0,43463.63636363636,15686.36363636364,36.09,-850.0,55235.71428571428,53625.0,2990.3615006821165,2026,3,11,0,DEFISIT
2026-03-10,Nusa Tenggara Timur,Cabai Merah Keriting,60000.0,43716.666666666664,16283.333333333336,37.25,850.0,56128.57142857143,53971.666666666664,3380.4409405254823,2026,3,11,1,DEFISIT
2026-03-11,Nusa Tenggara Timur,Cabai Merah Keriting,62500.0,44330.30303030303,18169.696969696968,40.99,2500.0,57378.57142857143,54375.0,3927.7704811229423,2026,3,11,2,DEFISIT
2026-03-12,Nusa Tenggara Timur,Cabai Merah Keriting,62500.0,45590.90909090909,16909.09090909091,37.09,0.0,58628.57142857143,54695.0,3972.5996046729097,2026,3,11,3,DEFISIT
2026-03-13,Nusa Tenggara Timur,Cabai Merah Keriting,62500.0,47233.333333333336,15266.666666666664,32.32,0.0,60000.0,55015.0,3258.194796713819,2026,3,11,4,DEFISIT
2026-03-16,Nusa Tenggara Timur,Cabai Merah Keriting,62500.0,51990.90909090909,10509.090909090912,20.21,0.0,61307.142857142855,55335.0,1514.4934718215468,2026,3,12,0,DEFISIT
2026-03-17,Nusa Tenggara Timur,Cabai Merah Keriting,62500.0,54706.06060606061,7793.939393939392,14.25,0.0,61664.28571428572,55655.0,1448.192633858319,2026,3,12,1,DEFISIT
2026-03-18,Nusa Tenggara Timur,Cabai Merah Keriting,62500.0,54866.666666666664,7633.333333333336,13.91,0.0,62142.857142857145,55946.666666666664,944.9111825228398,2026,3,12,2,DEFISIT
2026-03-19,Nusa Tenggara Timur,Cabai Merah Keriting,62500.0,54840.90909090909,7659.090909090912,13.97,0.0,62500.0,56251.666666666664,0.0,2026,3,12,3,DEFISIT
2026-03-20,Nusa Tenggara Timur,Cabai Merah Keriting,62500.0,54828.78787878788,7671.21212121212,13.99,0.0,62500.0,56556.666666666664,0.0,2026,3,12,4,DEFISIT
2026-03-23,Nusa Tenggara Timur,Cabai Merah Keriting,62500.0,54781.818181818184,7718.181818181816,14.09,0.0,62500.0,56861.666666666664,0.0,2026,3,13,0,DEFISIT
2026-03-24,Nusa Tenggara Timur,Cabai Merah Keriting,62500.0,54672.72727272727,7827.272727272728,14.32,0.0,62500.0,57153.333333333336,0.0,2026,3,13,1,DEFISIT
2026-03-25,Nusa Tenggara Timur,Cabai Merah Keriting,64600.0,53190.90909090909,11409.090909090912,21.45,2100.0,62800.0,57515.0,793.7253933193772,2026,3,13,2,DEFISIT
2026-03-26,Nusa Tenggara Timur,Cabai Merah Keriting,63750.0,51804.545454545456,11945.454545454544,23.06,-850.0,62978.57142857143,57890.0,853.3547244342683,2026,3,13,3,DEFISIT
2026-03-27,Nusa Tenggara Timur,Cabai Merah Keriting,62100.0,50731.818181818184,11368.181818181816,22.41,-1650.0,62921.42857142857,58223.333333333336,902.7075674773927,2026,3,13,4,DEFISIT
2026-03-30,Nusa Tenggara Timur,Cabai Merah Keriting,60750.0,46140.90909090909,14609.090909090912,31.66,-1350.0,62671.42857142857,58511.666666666664,1224.0156394892513,2026,3,14,0,DEFISIT
2026-03-31,Nusa Tenggara Timur,Cabai Merah Keriting,59600.0,45778.78787878788,13821.21212121212,30.19,-1150.0,62257.142857142855,58761.666666666664,1692.7365840133339,2026,3,14,1,DEFISIT
2026-04-01,Nusa Tenggara Timur,Cabai Merah Keriting,59600.0,45198.48484848485,14401.515151515152,31.86,0.0,61842.857142857145,58928.333333333336,1957.555569970822,2026,4,14,2,DEFISIT
2026-04-02,Nusa Tenggara Timur,Cabai Merah Keriting,58350.0,44396.969696969696,13953.030303030304,31.43,-1250.0,61250.0,59068.333333333336,2320.2011407059745,2026,4,14,3,DEFISIT
2026-04-03,Nusa Tenggara Timur,Cabai Merah Keriting,58350.0,44231.818181818184,14118.181818181816,31.92,0.0,60357.142857142855,59180.0,1996.1272027412895,2026,4,14,4,DEFISIT
2026-04-06,Nusa Tenggara Timur,Cabai Merah Keriting,57500.0,44618.181818181816,12881.818181818184,28.87,-850.0,59464.28571428572,59263.333333333336,1580.0090415654297,2026,4,15,0,DEFISIT
2026-04-07,Nusa Tenggara Timur,Cabai Merah Keriting,56650.0,44696.969696969696,11953.030303030304,26.74,-850.0,58685.71428571428,59318.333333333336,1396.9354213522136,2026,4,15,1,DEFISIT
2026-04-08,Nusa Tenggara Timur,Cabai Merah Keriting,56650.0,44775.757575757576,11874.242424242424,26.52,0.0,58100.0,59373.333333333336,1237.6052143824256,2026,4,15,2,DEFISIT
2026-04-09,Nusa Tenggara Timur,Cabai Merah Keriting,57500.0,45248.48484848485,12251.515151515152,27.08,850.0,57800.0,59568.333333333336,1054.3560435955992,2026,4,15,3,DEFISIT
2026-04-10,Nusa Tenggara Timur,Cabai Merah Keriting,55850.0,44931.818181818184,10918.181818181816,24.3,-1650.0,57264.28571428572,59638.333333333336,933.0569318616784,2026,4,15,4,DEFISIT
2026-04-13,Nusa Tenggara Timur,Cabai Merah Keriting,55850.0,44707.57575757576,11142.42424242424,24.92,0.0,56907.142857142855,59708.333333333336,926.6555326497349,2026,4,16,0,DEFISIT
2026-01-01,Papua,Cabai Merah Keriting,92500.0,49296.969696969696,43203.030303030304,87.64,,92500.0,92500.0,,2026,1,1,3,DEFISIT
2026-01-02,Papua,Cabai Merah Keriting,78000.0,49380.30303030303,28619.696969696968,57.96,-14500.0,85250.0,85250.0,10253.048327204939,2026,1,1,4,DEFISIT
2026-01-05,Papua,Cabai Merah Keriting,73650.0,48063.63636363636,25586.36363636364,53.23,-4350.0,81383.33333333333,81383.33333333333,9869.945964053366,2026,1,2,0,DEFISIT
2026-01-06,Papua,Cabai Merah Keriting,73900.0,47307.57575757576,26592.42424242424,56.21,250.0,79512.5,79512.5,8885.041267958935,2026,1,2,1,DEFISIT
2026-01-07,Papua,Cabai Merah Keriting,72750.0,46007.57575757576,26742.42424242424,58.13,-1150.0,78160.0,78160.0,8267.66291039977,2026,1,2,2,DEFISIT
2026-01-08,Papua,Cabai Merah Keriting,68750.0,44760.606060606064,23989.393939393936,53.59,-4000.0,76591.66666666667,76591.66666666667,8333.151664686457,2026,1,2,3,DEFISIT
2026-01-09,Papua,Cabai Merah Keriting,66000.0,43928.78787878788,22071.21212121212,50.24,-2750.0,75078.57142857143,75078.57142857143,8596.164704043753,2026,1,2,4,DEFISIT
2026-01-12,Papua,Cabai Merah Keriting,66150.0,42260.606060606064,23889.393939393936,56.53,150.0,71314.28571428571,73962.5,4479.370704101407,2026,1,3,0,DEFISIT
2026-01-13,Papua,Cabai Merah Keriting,65900.0,41421.21212121212,24478.78787878788,59.1,-250.0,69585.71428571429,73066.66666666667,3743.6295095484447,2026,1,3,1,DEFISIT
2026-01-14,Papua,Cabai Merah Keriting,65400.0,41259.09090909091,24140.90909090909,58.51,-500.0,68407.14285714286,72300.0,3544.176981499446,2026,1,3,2,DEFISIT
2026-01-15,Papua,Cabai Merah Keriting,61900.0,40803.030303030304,21096.969696969696,51.7,-3500.0,66692.85714285714,71354.54545454546,3340.8367928096372,2026,1,3,3,DEFISIT
2026-01-16,Papua,Cabai Merah Keriting,61900.0,40739.393939393936,21160.606060606064,51.94,0.0,65142.857142857145,70566.66666666667,2464.147684195083,2026,1,3,4,DEFISIT
2026-01-19,Papua,Cabai Merah Keriting,64150.0,40203.030303030304,23946.969696969696,59.57,2250.0,64485.71428571428,70073.07692307692,1887.8370087030255,2026,1,4,0,DEFISIT
2026-01-20,Papua,Cabai Merah Keriting,63000.0,39850.0,23150.0,58.09,-1150.0,64057.142857142855,69567.85714285714,1826.2960173141116,2026,1,4,1,DEFISIT
2026-01-21,Papua,Cabai Merah Keriting,62250.0,39424.242424242424,22825.757575757576,57.9,-750.0,63500.0,69080.0,1669.5807857064833,2026,1,4,2,DEFISIT
2026-01-22,Papua,Cabai Merah Keriting,60750.0,39283.333333333336,21466.666666666664,54.65,-1500.0,62764.28571428572,68559.375,1567.299770761453,2026,1,4,3,DEFISIT
2026-01-23,Papua,Cabai Merah Keriting,68150.0,39050.0,29100.0,74.52,7400.0,63157.142857142855,68535.29411764706,2439.847770426967,2026,1,4,4,DEFISIT
2026-01-26,Papua,Cabai Merah Keriting,63650.0,39381.818181818184,24268.181818181816,61.62,-4500.0,63407.142857142855,68263.88888888889,2378.449875344042,2026,1,5,0,DEFISIT
2026-01-27,Papua,Cabai Merah Keriting,62400.0,39468.181818181816,22931.818181818184,58.1,-1250.0,63478.57142857143,67955.26315789473,2332.7125024417164,2026,1,5,1,DEFISIT
2026-01-28,Papua,Cabai Merah Keriting,61500.0,39837.878787878784,21662.121212121216,54.38,-900.0,63100.0,67632.5,2419.021840882586,2026,1,5,2,DEFISIT
2026-01-29,Papua,Cabai Merah Keriting,61150.0,39934.84848484849,21215.151515151512,53.12,-350.0,62835.71428571428,67323.80952380953,2530.269136823637,2026,1,5,3,DEFISIT
2026-01-30,Papua,Cabai Merah Keriting,58900.0,39937.878787878784,18962.121212121216,47.48,-2250.0,62357.142857142855,66940.90909090909,2942.7068847447545,2026,1,5,4,DEFISIT
2026-02-02,Papua,Cabai Merah Keriting,60650.0,40795.454545454544,19854.545454545456,48.67,1750.0,62342.857142857145,66667.39130434782,2952.037230375691,2026,2,6,0,DEFISIT
2026-02-03,Papua,Cabai Merah Keriting,62150.0,41516.666666666664,20633.333333333336,49.7,1500.0,61485.71428571428,66479.16666666667,1497.6966442159382,2026,2,6,1,DEFISIT
2026-02-04,Papua,Cabai Merah Keriting,62650.0,42300.0,20350.0,48.11,500.0,61342.857142857145,66326.0,1290.1642567999886,2026,2,6,2,DEFISIT
2026-02-05,Papua,Cabai Merah Keriting,62900.0,42734.84848484849,20165.151515151512,47.19,250.0,61414.28571428572,66194.23076923077,1369.8279349717695,2026,2,6,3,DEFISIT
2026-02-06,Papua,Cabai Merah Keriting,63150.0,42913.63636363636,20236.36363636364,47.16,250.0,61650.0,66081.48148148147,1520.6906325746966,2026,2,6,4,DEFISIT
2026-02-09,Papua,Cabai Merah Keriting,72750.0,45203.030303030304,27546.969696969696,60.94,9600.0,63307.142857142855,66319.64285714286,4427.417284323233,2026,2,7,0,DEFISIT
2026-02-10,Papua,Cabai Merah Keriting,75750.0,45727.27272727273,30022.727272727272,65.66,3000.0,65714.28571428571,66644.8275862069,5950.540191564852,2026,2,7,1,DEFISIT
2026-02-11,Papua,Cabai Merah Keriting,75000.0,46425.757575757576,28574.242424242424,61.55,-750.0,67764.28571428571,66923.33333333333,6371.990419387165,2026,2,7,2,DEFISIT
2026-02-12,Papua,Cabai Merah Keriting,75000.0,46254.545454545456,28745.454545454544,62.15,0.0,69600.0,66340.0,6335.876682301597,2026,2,7,3,DEFISIT
2026-02-13,Papua,Cabai Merah Keriting,74500.0,46590.90909090909,27909.09090909091,59.9,-500.0,71292.85714285714,66223.33333333333,5722.865582572253,2026,2,7,4,DEFISIT
2026-02-16,Papua,Cabai Merah Keriting,74500.0,46657.57575757576,27842.42424242424,59.67,0.0,72950.0,66251.66666666667,4418.333018986467,2026,2,8,0,DEFISIT
2026-02-17,Papua,Cabai Merah Keriting,74500.0,46695.454545454544,27804.545454545456,59.54,0.0,74571.42857142857,66271.66666666667,920.9854970158427,2026,2,8,1,DEFISIT
2026-02-18,Papua,Cabai Merah Keriting,82000.0,50175.757575757576,31824.242424242424,63.43,7500.0,75892.85714285714,66580.0,2730.449989078032,2026,2,8,2,DEFISIT
2026-02-19,Papua,Cabai Merah Keriting,80750.0,50419.69696969697,30330.303030303032,60.16,-1250.0,76607.14285714286,66980.0,3284.6142050763724,2026,2,8,3,DEFISIT
2026-02-20,Papua,Cabai Merah Keriting,80750.0,51990.90909090909,28759.09090909091,55.32,0.0,77428.57142857143,67471.66666666667,3525.839987725841,2026,2,8,4,DEFISIT
2026-02-23,Papua,Cabai Merah Keriting,79750.0,50343.93939393939,29406.060606060608,58.41,-1000.0,78107.14285714286,67925.0,3436.4987719367364,2026,2,9,0,DEFISIT
2026-02-24,Papua,Cabai Merah Keriting,77250.0,49315.15151515151,27934.848484848488,56.65,-2500.0,78500.0,68303.33333333333,3095.6959368342677,2026,2,9,1,DEFISIT
2026-02-25,Papua,Cabai Merah Keriting,78000.0,47557.57575757576,30442.42424242424,64.01,750.0,79000.0,68723.33333333333,2581.9888974713836,2026,2,9,2,DEFISIT
2026-02-26,Papua,Cabai Merah Keriting,83500.0,46383.333333333336,37116.666666666664,80.02,5500.0,80285.71428571429,69443.33333333333,2176.7166186929317,2026,2,9,3,DEFISIT
2026-02-27,Papua,Cabai Merah Keriting,81000.0,45580.30303030303,35419.69696969697,77.71,-2500.0,80142.85714285714,70080.0,2075.9392595937306,2026,2,9,4,DEFISIT
2026-03-02,Papua,Cabai Merah Keriting,76750.0,44621.21212121212,32128.78787878788,72.0,-4250.0,79571.42857142857,70500.0,2405.3511772115685,2026,3,10,0,DEFISIT
2026-03-03,Papua,Cabai Merah Keriting,76150.0,44218.181818181816,31931.818181818184,72.21,-600.0,78914.28571428571,70938.33333333333,2646.0212719151373,2026,3,10,1,DEFISIT
2026-03-04,Papua,Cabai Merah Keriting,79650.0,44030.30303030303,35619.69696969697,80.9,3500.0,78900.0,71518.33333333333,2641.02252924863,2026,3,10,2,DEFISIT
2026-03-05,Papua,Cabai Merah Keriting,80900.0,43909.09090909091,36990.90909090909,84.24,1250.0,79421.42857142857,72190.0,2621.204739373307,2026,3,10,3,DEFISIT
2026-03-06,Papua,Cabai Merah Keriting,81250.0,43951.51515151515,37298.48484848485,84.86,350.0,79885.71428571429,72626.66666666667,2615.2938467332274,2026,3,10,4,DEFISIT
2026-03-09,Papua,Cabai Merah Keriting,81150.0,43463.63636363636,37686.36363636364,86.71,-100.0,79550.0,73210.0,2190.3196113806753,2026,3,11,0,DEFISIT
2026-03-10,Papua,Cabai Merah Keriting,81250.0,43716.666666666664,37533.333333333336,85.86,100.0,79585.71428571429,73838.33333333333,2219.7436574435123,2026,3,11,1,DEFISIT
2026-03-11,Papua,Cabai Merah Keriting,81400.0,44330.30303030303,37069.69696969697,83.62,150.0,80250.0,74501.66666666667,1902.8487415798757,2026,3,11,2,DEFISIT
2026-03-12,Papua,Cabai Merah Keriting,80750.0,45590.90909090909,35159.09090909091,77.12,-650.0,80907.14285714286,75155.0,597.5146939804703,2026,3,11,3,DEFISIT
2026-03-13,Papua,Cabai Merah Keriting,82500.0,47233.333333333336,35266.666666666664,74.66,1750.0,81314.28571428571,75941.66666666667,568.4146708996789,2026,3,11,4,DEFISIT
2026-03-16,Papua,Cabai Merah Keriting,79150.0,51990.90909090909,27159.09090909091,52.24,-3350.0,81064.28571428571,76558.33333333333,1001.1303135759413,2026,3,12,0,DEFISIT
2026-03-17,Papua,Cabai Merah Keriting,83000.0,54706.06060606061,28293.939393939392,51.72,3850.0,81314.28571428571,77253.33333333333,1244.2247538503605,2026,3,12,1,DEFISIT
2026-03-18,Papua,Cabai Merah Keriting,83000.0,54866.666666666664,28133.333333333336,51.28,0.0,81578.57142857143,77931.66666666667,1391.2994953327002,2026,3,12,2,DEFISIT
2026-03-19,Papua,Cabai Merah Keriting,83000.0,54840.90909090909,28159.09090909091,51.35,0.0,81828.57142857143,78601.66666666667,1477.0063029812525,2026,3,12,3,DEFISIT
2026-03-20,Papua,Cabai Merah Keriting,83000.0,54828.78787878788,28171.21212121212,51.38,0.0,82057.14285714286,79263.33333333333,1522.7246882444613,2026,3,12,4,DEFISIT
2026-03-23,Papua,Cabai Merah Keriting,83000.0,54781.818181818184,28218.181818181816,51.51,0.0,82378.57142857143,79605.0,1435.8090468604507,2026,3,13,0,DEFISIT
2026-03-24,Papua,Cabai Merah Keriting,83000.0,54672.72727272727,28327.272727272728,51.81,0.0,82450.0,79846.66666666667,1455.163221085076,2026,3,13,1,DEFISIT
2026-03-25,Papua,Cabai Merah Keriting,82750.0,53190.90909090909,29559.09090909091,55.57,-250.0,82964.28571428571,80105.0,94.49111825230588,2026,3,13,2,DEFISIT
2026-03-26,Papua,Cabai Merah Keriting,74000.0,51804.545454545456,22195.454545454544,42.84,-8750.0,81678.57142857143,80071.66666666667,3387.213351076998,2026,3,13,3,DEFISIT
2026-03-27,Papua,Cabai Merah Keriting,74500.0,50731.818181818184,23768.181818181816,46.85,500.0,80464.28571428571,80071.66666666667,4248.5992089270085,2026,3,13,4,DEFISIT
2026-03-30,Papua,Cabai Merah Keriting,66500.0,46140.90909090909,20359.09090909091,44.12,-8000.0,78107.14285714286,79805.0,6557.211587978822,2026,3,14,0,DEFISIT
2026-03-31,Papua,Cabai Merah Keriting,63150.0,45778.78787878788,17371.21212121212,37.95,-3350.0,75271.42857142857,79426.66666666667,8179.9478983088575,2026,3,14,1,DEFISIT
2026-04-01,Papua,Cabai Merah Keriting,60400.0,45198.48484848485,15201.515151515152,33.63,-2750.0,72042.85714285714,78706.66666666667,9036.335382380237,2026,4,14,2,DEFISIT
2026-04-02,Papua,Cabai Merah Keriting,58900.0,44396.969696969696,14503.030303030304,32.67,-1500.0,68600.0,77978.33333333333,8752.475840202771,2026,4,14,3,DEFISIT
2026-04-03,Papua,Cabai Merah Keriting,58900.0,44231.818181818184,14668.181818181816,33.16,0.0,65192.857142857145,77250.0,6735.99958997849,2026,4,14,4,DEFISIT
2026-04-06,Papua,Cabai Merah Keriting,57900.0,44618.181818181816,13281.818181818184,29.77,-1000.0,62892.857142857145,76521.66666666667,5927.789678808652,2026,4,15,0,DEFISIT
2026-04-07,Papua,Cabai Merah Keriting,58650.0,44696.969696969696,13953.030303030304,31.22,750.0,60628.57142857143,75901.66666666667,3114.998280210473,2026,4,15,1,DEFISIT
2026-04-08,Papua,Cabai Merah Keriting,59150.0,44775.757575757576,14374.242424242424,32.1,500.0,59578.57142857143,75273.33333333333,1742.3301310928998,2026,4,15,2,DEFISIT
2026-04-09,Papua,Cabai Merah Keriting,58400.0,45248.48484848485,13151.515151515152,29.07,-750.0,58900.0,74436.66666666667,777.2815877573437,2026,4,15,3,DEFISIT
2026-04-10,Papua,Cabai Merah Keriting,59000.0,44931.818181818184,14068.181818181816,31.31,600.0,58700.0,73703.33333333333,429.1464396526831,2026,4,15,4,DEFISIT
2026-04-13,Papua,Cabai Merah Keriting,56650.0,44707.57575757576,11942.42424242424,26.71,-2350.0,58378.57142857143,73033.33333333333,870.2763655189389,2026,4,16,0,DEFISIT
2026-01-01,Riau,Cabai Merah Keriting,63750.0,49296.969696969696,14453.030303030304,29.32,,63750.0,63750.0,,2026,1,1,3,DEFISIT
2026-01-02,Riau,Cabai Merah Keriting,67300.0,49380.30303030303,17919.696969696968,36.29,3550.0,65525.0,65525.0,2510.2290732122437,2026,1,1,4,DEFISIT
2026-01-05,Riau,Cabai Merah Keriting,68900.0,48063.63636363636,20836.36363636364,43.35,1600.0,66650.0,66650.0,2635.81107061944,2026,1,2,0,DEFISIT
2026-01-06,Riau,Cabai Merah Keriting,67250.0,47307.57575757576,19942.42424242424,42.15,-1650.0,66800.0,66800.0,2172.9396371428884,2026,1,2,1,DEFISIT
2026-01-07,Riau,Cabai Merah Keriting,66700.0,46007.57575757576,20692.42424242424,44.98,-550.0,66780.0,66780.0,1882.3522518381092,2026,1,2,2,DEFISIT
2026-01-08,Riau,Cabai Merah Keriting,66300.0,44760.606060606064,21539.393939393936,48.12,-400.0,66700.0,66700.0,1694.9926253526887,2026,1,2,3,DEFISIT
2026-01-09,Riau,Cabai Merah Keriting,64650.0,43928.78787878788,20721.21212121212,47.17,-1650.0,66407.14285714286,66407.14285714286,1730.4692454718197,2026,1,2,4,DEFISIT
2026-01-12,Riau,Cabai Merah Keriting,58250.0,42260.606060606064,15989.393939393936,37.84,-6400.0,65621.42857142857,65387.5,3491.0429605464533,2026,1,3,0,DEFISIT
2026-01-13,Riau,Cabai Merah Keriting,57150.0,41421.21212121212,15728.78787878788,37.97,-1100.0,64171.42857142857,64472.22222222222,4607.137320040966,2026,1,3,1,DEFISIT
2026-01-14,Riau,Cabai Merah Keriting,55900.0,41259.09090909091,14640.909090909088,35.49,-1250.0,62314.28571428572,63615.0,4987.794626695769,2026,1,3,2,DEFISIT
2026-01-15,Riau,Cabai Merah Keriting,57000.0,40803.030303030304,16196.969696969696,39.7,1100.0,60850.0,63013.63636363636,4798.263574808419,2026,1,3,3,DEFISIT
2026-01-16,Riau,Cabai Merah Keriting,57000.0,40739.393939393936,16260.606060606064,39.91,0.0,59464.28571428572,62512.5,4189.243595777387,2026,1,3,4,DEFISIT
2026-01-19,Riau,Cabai Merah Keriting,54000.0,40203.030303030304,13796.969696969696,34.32,-3000.0,57707.142857142855,61857.692307692305,3337.0931176984586,2026,1,4,0,DEFISIT
2026-01-20,Riau,Cabai Merah Keriting,49400.0,39850.0,9550.0,23.96,-4600.0,55528.57142857143,60967.857142857145,3011.070842582014,2026,1,4,1,DEFISIT
2026-01-21,Riau,Cabai Merah Keriting,49450.0,39424.242424242424,10025.757575757576,25.43,50.0,54271.42857142857,60200.0,3485.189753664434,2026,1,4,2,DEFISIT
2026-01-22,Riau,Cabai Merah Keriting,49250.0,39283.333333333336,9966.666666666664,25.37,-200.0,53142.857142857145,59515.625,3671.787549617183,2026,1,4,3,DEFISIT
2026-01-23,Riau,Cabai Merah Keriting,48950.0,39050.0,9900.0,25.35,-300.0,52150.0,58894.117647058825,3740.989174001971,2026,1,4,4,DEFISIT
2026-01-26,Riau,Cabai Merah Keriting,46300.0,39381.818181818184,6918.181818181816,17.57,-2650.0,50621.42857142857,58194.444444444445,3612.807904162758,2026,1,5,0,DEFISIT
2026-01-27,Riau,Cabai Merah Keriting,50200.0,39468.181818181816,10731.818181818184,27.19,3900.0,49650.0,57773.68421052631,2280.3508501982656,2026,1,5,1,DEFISIT
2026-01-28,Riau,Cabai Merah Keriting,49750.0,39837.878787878784,9912.121212121216,24.88,-450.0,49042.857142857145,57372.5,1271.950133793418,2026,1,5,2,DEFISIT
2026-01-29,Riau,Cabai Merah Keriting,52500.0,39934.84848484849,12565.151515151512,31.46,2750.0,49485.71428571428,57140.47619047619,1832.9653310310732,2026,1,5,3,DEFISIT
2026-01-30,Riau,Cabai Merah Keriting,49850.0,39937.878787878784,9912.121212121216,24.82,-2650.0,49542.857142857145,56809.09090909091,1837.8947583735826,2026,1,5,4,DEFISIT
2026-02-02,Riau,Cabai Merah Keriting,53350.0,40795.454545454544,12554.545454545456,30.77,3500.0,50128.57142857143,56658.69565217391,2319.2773915699604,2026,2,6,0,DEFISIT
2026-02-03,Riau,Cabai Merah Keriting,59700.0,41516.666666666664,18183.333333333336,43.8,6350.0,51664.28571428572,56785.416666666664,4202.946812031033,2026,2,6,1,DEFISIT
2026-02-04,Riau,Cabai Merah Keriting,59900.0,42300.0,17600.0,41.61,200.0,53607.142857142855,56910.0,4446.293266252656,2026,2,6,2,DEFISIT
2026-02-05,Riau,Cabai Merah Keriting,58450.0,42734.84848484849,15715.151515151512,36.77,-1450.0,54785.71428571428,56969.230769230766,4485.877309746125,2026,2,6,3,DEFISIT
2026-02-06,Riau,Cabai Merah Keriting,58250.0,42913.63636363636,15336.36363636364,35.74,-200.0,56000.0,57016.666666666664,4022.022708372809,2026,2,6,4,DEFISIT
2026-02-09,Riau,Cabai Merah Keriting,59900.0,45203.030303030304,14696.969696969696,32.51,1650.0,57057.142857142855,57119.642857142855,3919.973274933177,2026,2,7,0,DEFISIT
2026-02-10,Riau,Cabai Merah Keriting,59900.0,45727.27272727273,14172.727272727272,30.99,0.0,58492.857142857145,57215.51724137931,2377.223270160023,2026,2,7,1,DEFISIT
2026-02-11,Riau,Cabai Merah Keriting,59900.0,46425.757575757576,13474.242424242424,29.02,0.0,59428.57142857143,57305.0,742.6625202926501,2026,2,7,2,DEFISIT
2026-02-12,Riau,Cabai Merah Keriting,59600.0,46254.545454545456,13345.454545454544,28.85,-300.0,59414.28571428572,57166.666666666664,737.5151330165257,2026,2,7,3,DEFISIT
2026-02-13,Riau,Cabai Merah Keriting,59600.0,46590.90909090909,13009.090909090912,27.92,0.0,59371.42857142857,56910.0,712.8914964523701,2026,2,7,4,DEFISIT
2026-02-16,Riau,Cabai Merah Keriting,59600.0,46657.57575757576,12942.42424242424,27.74,0.0,59535.71428571428,56600.0,586.454236431434,2026,2,8,0,DEFISIT
2026-02-17,Riau,Cabai Merah Keriting,59600.0,46695.454545454544,12904.545454545456,27.64,0.0,59728.57142857143,56345.0,160.35674514681034,2026,2,8,1,DEFISIT
2026-02-18,Riau,Cabai Merah Keriting,60900.0,50175.757575757576,10724.242424242424,21.37,1300.0,59871.42857142857,56151.666666666664,475.0939756659426,2026,2,8,2,DEFISIT
2026-02-19,Riau,Cabai Merah Keriting,60450.0,50419.69696969697,10030.303030303032,19.89,-450.0,59950.0,55956.666666666664,523.6092690799583,2026,2,8,3,DEFISIT
2026-02-20,Riau,Cabai Merah Keriting,60150.0,51990.90909090909,8159.090909090912,15.69,-300.0,59985.71428571428,55806.666666666664,528.1368870173255,2026,2,8,4,DEFISIT
2026-02-23,Riau,Cabai Merah Keriting,60200.0,50343.93939393939,9856.060606060608,19.58,50.0,60071.42857142857,55871.666666666664,503.20401997009316,2026,2,9,0,DEFISIT
2026-02-24,Riau,Cabai Merah Keriting,59050.0,49315.15151515151,9734.848484848488,19.74,-1150.0,59992.857142857145,55935.0,618.7545093628978,2026,2,9,1,DEFISIT
2026-02-25,Riau,Cabai Merah Keriting,55650.0,47557.57575757576,8092.42424242424,17.02,-3400.0,59428.57142857143,55926.666666666664,1768.9114220467359,2026,2,9,2,DEFISIT
2026-02-26,Riau,Cabai Merah Keriting,52150.0,46383.333333333336,5766.666666666664,12.43,-3500.0,58364.28571428572,55765.0,3260.714937672673,2026,2,9,3,DEFISIT
2026-02-27,Riau,Cabai Merah Keriting,53000.0,45580.30303030303,7419.696969696968,16.28,850.0,57235.71428571428,55631.666666666664,3587.561182488049,2026,2,9,4,DEFISIT
2026-03-02,Riau,Cabai Merah Keriting,51000.0,44621.21212121212,6378.78787878788,14.3,-2000.0,55885.71428571428,55531.666666666664,3937.397013014444,2026,3,10,0,DEFISIT
2026-03-03,Riau,Cabai Merah Keriting,50550.0,44218.181818181816,6331.818181818184,14.32,-450.0,54514.28571428572,55570.0,3875.963781834794,2026,3,10,1,DEFISIT
2026-03-04,Riau,Cabai Merah Keriting,50350.0,44030.30303030303,6319.696969696968,14.35,-200.0,53107.142857142855,55600.0,3196.1472342270154,2026,3,10,2,DEFISIT
2026-03-05,Riau,Cabai Merah Keriting,51200.0,43909.09090909091,7290.909090909088,16.6,850.0,51985.71428571428,55665.0,1862.2822659562396,2026,3,10,3,DEFISIT
2026-03-06,Riau,Cabai Merah Keriting,52100.0,43951.51515151515,8148.484848484848,18.54,900.0,51478.57142857143,55770.0,965.5987533032684,2026,3,10,4,DEFISIT
2026-03-09,Riau,Cabai Merah Keriting,48750.0,43463.63636363636,5286.36363636364,12.16,-3350.0,50992.857142857145,55851.666666666664,1350.1322686526016,2026,3,11,0,DEFISIT
2026-03-10,Riau,Cabai Merah Keriting,48800.0,43716.666666666664,5083.333333333336,11.63,50.0,50392.857142857145,55805.0,1238.0860805521656,2026,3,11,1,DEFISIT
2026-03-11,Riau,Cabai Merah Keriting,47350.0,44330.30303030303,3019.696969696968,6.81,-1450.0,49871.42857142857,55725.0,1642.370528346401,2026,3,11,2,DEFISIT
2026-03-12,Riau,Cabai Merah Keriting,49350.0,45590.90909090909,3759.0909090909117,8.25,2000.0,49700.0,55620.0,1622.2412479858078,2026,3,11,3,DEFISIT
2026-03-13,Riau,Cabai Merah Keriting,49900.0,47233.333333333336,2666.6666666666642,5.65,550.0,49635.71428571428,55621.666666666664,1600.966969707721,2026,3,11,4,DEFISIT
2026-03-16,Riau,Cabai Merah Keriting,51700.0,51990.90909090909,-290.90909090908826,-0.56,1800.0,49707.142857142855,55566.666666666664,1691.0126580022086,2026,3,12,0,NORMAL
2026-03-17,Riau,Cabai Merah Keriting,54200.0,54706.06060606061,-506.0606060606078,-0.93,2500.0,50007.142857142855,55383.333333333336,2272.5588682196326,2026,3,12,1,NORMAL
2026-03-18,Riau,Cabai Merah Keriting,54200.0,54866.666666666664,-666.6666666666642,-1.22,0.0,50785.71428571428,55193.333333333336,2669.068858502617,2026,3,12,2,NORMAL
2026-03-19,Riau,Cabai Merah Keriting,54200.0,54840.90909090909,-640.9090909090883,-1.17,0.0,51557.142857142855,55051.666666666664,2777.6531718083593,2026,3,12,3,NORMAL
2026-03-20,Riau,Cabai Merah Keriting,54200.0,54828.78787878788,-628.7878787878799,-1.15,0.0,52535.71428571428,54916.666666666664,2193.6868292356153,2026,3,12,4,NORMAL
2026-03-23,Riau,Cabai Merah Keriting,54200.0,54781.818181818184,-581.8181818181838,-1.06,0.0,53228.57142857143,54726.666666666664,1738.4996267991717,2026,3,13,0,NORMAL
2026-03-24,Riau,Cabai Merah Keriting,54200.0,54672.72727272727,-472.72727272727207,-0.86,0.0,53842.857142857145,54536.666666666664,944.9111825230209,2026,3,13,1,NORMAL
2026-03-25,Riau,Cabai Merah Keriting,54050.0,53190.90909090909,859.0909090909117,1.62,-150.0,54178.57142857143,54341.666666666664,56.694670951383856,2026,3,13,2,NORMAL
2026-03-26,Riau,Cabai Merah Keriting,51550.0,51804.545454545456,-254.54545454545587,-0.49,-2500.0,53800.0,54073.333333333336,993.7303457175896,2026,3,13,3,NORMAL
2026-03-27,Riau,Cabai Merah Keriting,49850.0,50731.818181818184,-881.8181818181838,-1.74,-1700.0,53178.57142857143,53748.333333333336,1763.721714362639,2026,3,13,4,NORMAL
2026-03-30,Riau,Cabai Merah Keriting,47450.0,46140.90909090909,1309.0909090909117,2.84,-2400.0,52214.28571428572,53343.333333333336,2705.8138464108283,2026,3,14,0,NORMAL
2026-03-31,Riau,Cabai Merah Keriting,47200.0,45778.78787878788,1421.21212121212,3.1,-250.0,51214.28571428572,52930.0,3112.570519377066,2026,3,14,1,NORMAL
2026-04-01,Riau,Cabai Merah Keriting,45000.0,45198.48484848485,-198.48484848484804,-0.44,-2200.0,49900.0,52400.0,3552.9330606322023,2026,4,14,2,NORMAL
2026-04-02,Riau,Cabai Merah Keriting,42750.0,44396.969696969696,-1646.969696969696,-3.71,-2250.0,48264.28571428572,51810.0,3865.306616310693,2026,4,14,3,NORMAL
2026-04-03,Riau,Cabai Merah Keriting,42750.0,44231.818181818184,-1481.8181818181838,-3.35,0.0,46650.0,51230.0,3374.7839437016783,2026,4,14,4,NORMAL
2026-04-06,Riau,Cabai Merah Keriting,37150.0,44618.181818181816,-7468.181818181816,-16.74,-5600.0,44592.857142857145,50461.666666666664,4182.346686912002,2026,4,15,0,SURPLUS
2026-04-07,Riau,Cabai Merah Keriting,37200.0,44696.969696969696,-7496.969696969696,-16.77,50.0,42785.71428571428,49733.333333333336,4264.359495253878,2026,4,15,1,SURPLUS
2026-04-08,Riau,Cabai Merah Keriting,36950.0,44775.757575757576,-7825.757575757576,-17.48,-250.0,41285.71428571428,49110.0,4196.398682770969,2026,4,15,2,SURPLUS
2026-04-09,Riau,Cabai Merah Keriting,36150.0,45248.48484848485,-9098.484848484848,-20.11,-800.0,39707.142857142855,48576.666666666664,3642.6213742565274,2026,4,15,3,SURPLUS
2026-04-10,Riau,Cabai Merah Keriting,36250.0,44931.818181818184,-8681.818181818184,-19.32,100.0,38457.142857142855,48018.333333333336,2961.197473352719,2026,4,15,4,SURPLUS
2026-04-13,Riau,Cabai Merah Keriting,36250.0,44707.57575757576,-8457.57575757576,-18.92,0.0,37528.57142857143,47526.666666666664,2345.8930678345823,2026,4,16,0,SURPLUS
2026-01-01,Sulawesi Barat,Cabai Merah Keriting,28150.0,49296.969696969696,-21146.969696969696,-42.9,,28150.0,28150.0,,2026,1,1,3,SURPLUS
2026-01-02,Sulawesi Barat,Cabai Merah Keriting,28150.0,49380.30303030303,-21230.303030303032,-42.99,0.0,28150.0,28150.0,0.0,2026,1,1,4,SURPLUS
2026-01-05,Sulawesi Barat,Cabai Merah Keriting,29600.0,48063.63636363636,-18463.63636363636,-38.41,1450.0,28633.333333333332,28633.333333333332,837.1578903249579,2026,1,2,0,SURPLUS
2026-01-06,Sulawesi Barat,Cabai Merah Keriting,29600.0,47307.57575757576,-17707.57575757576,-37.43,0.0,28875.0,28875.0,837.157890324958,2026,1,2,1,SURPLUS
2026-01-07,Sulawesi Barat,Cabai Merah Keriting,27350.0,46007.57575757576,-18657.57575757576,-40.55,-2250.0,28570.0,28570.0,995.3642549338412,2026,1,2,2,SURPLUS
2026-01-08,Sulawesi Barat,Cabai Merah Keriting,28600.0,44760.606060606064,-16160.606060606064,-36.1,1250.0,28575.0,28575.0,890.3650936554064,2026,1,2,3,SURPLUS
2026-01-09,Sulawesi Barat,Cabai Merah Keriting,28600.0,43928.78787878788,-15328.78787878788,-34.89,0.0,28578.571428571428,28578.571428571428,812.8433340529318,2026,1,2,4,SURPLUS
2026-01-12,Sulawesi Barat,Cabai Merah Keriting,25900.0,42260.606060606064,-16360.606060606064,-38.71,-2700.0,28257.14285714286,28243.75,1305.893235627302,2026,1,3,0,SURPLUS
2026-01-13,Sulawesi Barat,Cabai Merah Keriting,25900.0,41421.21212121212,-15521.21212121212,-37.47,0.0,27935.714285714286,27983.333333333332,1583.9597758240493,2026,1,3,1,SURPLUS
2026-01-14,Sulawesi Barat,Cabai Merah Keriting,25900.0,41259.09090909091,-15359.090909090912,-37.23,0.0,27407.14285714286,27775.0,1553.0691579977413,2026,1,3,2,SURPLUS
2026-01-15,Sulawesi Barat,Cabai Merah Keriting,24600.0,40803.030303030304,-16203.030303030304,-39.71,-1300.0,26692.85714285714,27486.363636363636,1526.0047431743067,2026,1,3,3,SURPLUS
2026-01-16,Sulawesi Barat,Cabai Merah Keriting,24600.0,40739.393939393936,-16139.393939393936,-39.62,0.0,26300.0,27245.833333333332,1675.3109164172108,2026,1,3,4,SURPLUS
2026-01-19,Sulawesi Barat,Cabai Merah Keriting,23400.0,40203.030303030304,-16803.030303030304,-41.8,-1200.0,25557.14285714286,26950.0,1637.9429608069868,2026,1,4,0,SURPLUS
2026-01-20,Sulawesi Barat,Cabai Merah Keriting,22900.0,39850.0,-16950.0,-42.53,-500.0,24742.85714285714,26660.714285714286,1242.1180068162482,2026,1,4,1,SURPLUS
2026-01-21,Sulawesi Barat,Cabai Merah Keriting,22900.0,39424.242424242424,-16524.242424242424,-41.91,0.0,24314.285714285714,26410.0,1292.8374110570146,2026,1,4,2,SURPLUS
2026-01-22,Sulawesi Barat,Cabai Merah Keriting,22250.0,39283.333333333336,-17033.333333333336,-43.36,-650.0,23792.85714285714,26150.0,1282.7147550633317,2026,1,4,3,SURPLUS
2026-01-23,Sulawesi Barat,Cabai Merah Keriting,22250.0,39050.0,-16800.0,-43.02,0.0,23271.428571428572,25920.58823529412,992.4116849276809,2026,1,4,4,SURPLUS
2026-01-26,Sulawesi Barat,Cabai Merah Keriting,22250.0,39381.818181818184,-17131.818181818184,-43.5,0.0,22935.714285714286,25716.666666666668,856.2098096233709,2026,1,5,0,SURPLUS
2026-01-27,Sulawesi Barat,Cabai Merah Keriting,20600.0,39468.181818181816,-18868.181818181816,-47.81,-1650.0,22364.285714285714,25447.36842105263,894.2940818108806,2026,1,5,1,SURPLUS
2026-01-28,Sulawesi Barat,Cabai Merah Keriting,20600.0,39837.878787878784,-19237.878787878784,-48.29,0.0,21964.285714285714,25205.0,976.2659668836694,2026,1,5,2,SURPLUS
2026-01-29,Sulawesi Barat,Cabai Merah Keriting,20400.0,39934.84848484849,-19534.848484848488,-48.92,-200.0,21607.14285714286,24976.190476190477,1032.5649985306256,2026,1,5,3,SURPLUS
2026-01-30,Sulawesi Barat,Cabai Merah Keriting,20400.0,39937.878787878784,-19537.878787878784,-48.92,0.0,21250.0,24768.18181818182,938.9710680669292,2026,1,5,4,SURPLUS
2026-02-02,Sulawesi Barat,Cabai Merah Keriting,20400.0,40795.454545454544,-20395.454545454544,-49.99,0.0,20985.714285714286,24578.260869565216,868.2906030982147,2026,2,6,0,SURPLUS
2026-02-03,Sulawesi Barat,Cabai Merah Keriting,19600.0,41516.666666666664,-21916.666666666664,-52.79,-800.0,20607.14285714286,24370.833333333332,800.2231831540771,2026,2,6,1,SURPLUS
2026-02-04,Sulawesi Barat,Cabai Merah Keriting,19600.0,42300.0,-22700.0,-53.66,0.0,20228.571428571428,24180.0,438.6125310351534,2026,2,6,2,SURPLUS
2026-02-05,Sulawesi Barat,Cabai Merah Keriting,19600.0,42734.84848484849,-23134.848484848488,-54.14,0.0,20085.714285714286,24003.846153846152,459.81362684101254,2026,2,6,3,SURPLUS
2026-02-06,Sulawesi Barat,Cabai Merah Keriting,19600.0,42913.63636363636,-23313.63636363636,-54.33,0.0,19942.85714285714,23840.74074074074,427.6179870600177,2026,2,6,4,SURPLUS
2026-02-09,Sulawesi Barat,Cabai Merah Keriting,20350.0,45203.030303030304,-24853.030303030304,-54.98,750.0,19935.714285714286,23716.071428571428,419.0408549239044,2026,2,7,0,SURPLUS
2026-02-10,Sulawesi Barat,Cabai Merah Keriting,20350.0,45727.27272727273,-25377.272727272728,-55.5,0.0,19928.571428571428,23600.0,410.1393491417334,2026,2,7,1,SURPLUS
2026-02-11,Sulawesi Barat,Cabai Merah Keriting,20350.0,46425.757575757576,-26075.757575757576,-56.17,0.0,19921.428571428572,23491.666666666668,400.8918628687854,2026,2,7,2,SURPLUS
2026-02-12,Sulawesi Barat,Cabai Merah Keriting,20350.0,46254.545454545456,-25904.545454545456,-56.0,0.0,20028.571428571428,23231.666666666668,400.89186286878146,2026,2,7,3,SURPLUS
2026-02-13,Sulawesi Barat,Cabai Merah Keriting,20350.0,46590.90909090909,-26240.90909090909,-56.32,0.0,20135.714285714286,22971.666666666668,365.9625273558544,2026,2,7,4,SURPLUS
2026-02-16,Sulawesi Barat,Cabai Merah Keriting,20350.0,46657.57575757576,-26307.57575757576,-56.38,0.0,20242.85714285714,22663.333333333332,283.47335475711446,2026,2,8,0,SURPLUS
2026-02-17,Sulawesi Barat,Cabai Merah Keriting,20350.0,46695.454545454544,-26345.454545454544,-56.42,0.0,20350.0,22355.0,0.000326834452059497,2026,2,8,1,SURPLUS
2026-02-18,Sulawesi Barat,Cabai Merah Keriting,27600.0,50175.757575757576,-22575.757575757576,-44.99,7250.0,21385.714285714286,22363.333333333332,2740.2424293169115,2026,2,8,2,SURPLUS
2026-02-19,Sulawesi Barat,Cabai Merah Keriting,27600.0,50419.69696969697,-22819.696969696968,-45.26,0.0,22421.428571428572,22330.0,3537.6377644384397,2026,2,8,3,SURPLUS
2026-02-20,Sulawesi Barat,Cabai Merah Keriting,30400.0,51990.90909090909,-21590.90909090909,-41.53,2800.0,23857.14285714286,22390.0,4472.641703682939,2026,2,8,4,SURPLUS
2026-02-23,Sulawesi Barat,Cabai Merah Keriting,31900.0,50343.93939393939,-18443.939393939392,-36.64,1500.0,25507.14285714286,22590.0,5055.642769176219,2026,2,9,0,SURPLUS
2026-02-24,Sulawesi Barat,Cabai Merah Keriting,31900.0,49315.15151515151,-17415.151515151512,-35.31,0.0,27157.14285714286,22790.0,4976.1454771262215,2026,2,9,1,SURPLUS
2026-02-25,Sulawesi Barat,Cabai Merah Keriting,31900.0,47557.57575757576,-15657.57575757576,-32.92,0.0,28807.14285714286,22990.0,4196.668179582908,2026,2,9,2,SURPLUS
2026-02-26,Sulawesi Barat,Cabai Merah Keriting,32100.0,46383.333333333336,-14283.333333333336,-30.79,200.0,30485.714285714286,23240.0,2052.1765448977435,2026,2,9,3,SURPLUS
2026-02-27,Sulawesi Barat,Cabai Merah Keriting,32100.0,45580.30303030303,-13480.303030303032,-29.57,0.0,31128.571428571428,23490.0,1666.0475040388667,2026,2,9,4,SURPLUS
2026-03-02,Sulawesi Barat,Cabai Merah Keriting,31250.0,44621.21212121212,-13371.21212121212,-29.97,-850.0,31650.0,23751.666666666668,621.1548384526782,2026,3,10,0,SURPLUS
2026-03-03,Sulawesi Barat,Cabai Merah Keriting,31250.0,44218.181818181816,-12968.181818181816,-29.33,0.0,31771.428571428572,24030.0,367.2614223966203,2026,3,10,1,SURPLUS
2026-03-04,Sulawesi Barat,Cabai Merah Keriting,31250.0,44030.30303030303,-12780.303030303032,-29.03,0.0,31678.571428571428,24308.333333333332,409.1221729273439,2026,3,10,2,SURPLUS
2026-03-05,Sulawesi Barat,Cabai Merah Keriting,31250.0,43909.09090909091,-12659.090909090912,-28.83,0.0,31585.714285714286,24608.333333333332,423.9833779309596,2026,3,10,3,SURPLUS
2026-03-06,Sulawesi Barat,Cabai Merah Keriting,31250.0,43951.51515151515,-12701.515151515152,-28.9,0.0,31492.85714285714,24908.333333333332,414.7575310029401,2026,3,10,4,SURPLUS
2026-03-09,Sulawesi Barat,Cabai Merah Keriting,31650.0,43463.63636363636,-11813.63636363636,-27.18,400.0,31428.571428571428,25221.666666666668,331.48295941239513,2026,3,11,0,SURPLUS
2026-03-10,Sulawesi Barat,Cabai Merah Keriting,31650.0,43716.666666666664,-12066.666666666664,-27.6,0.0,31364.285714285714,25590.0,195.18001458932036,2026,3,11,1,SURPLUS
2026-03-11,Sulawesi Barat,Cabai Merah Keriting,31650.0,44330.30303030303,-12680.303030303032,-28.6,0.0,31421.428571428572,25958.333333333332,213.80899352958227,2026,3,11,2,SURPLUS
2026-03-12,Sulawesi Barat,Cabai Merah Keriting,30850.0,45590.90909090909,-14740.909090909088,-32.33,-800.0,31364.285714285714,26306.666666666668,302.37157840713235,2026,3,11,3,SURPLUS
2026-03-13,Sulawesi Barat,Cabai Merah Keriting,32500.0,47233.333333333336,-14733.333333333336,-31.19,1650.0,31542.85714285714,26710.0,516.7434658741734,2026,3,11,4,SURPLUS
2026-03-16,Sulawesi Barat,Cabai Merah Keriting,35400.0,51990.90909090909,-16590.90909090909,-31.91,2900.0,32135.714285714286,27210.0,1523.8969468969115,2026,3,12,0,SURPLUS
2026-03-17,Sulawesi Barat,Cabai Merah Keriting,38750.0,54706.06060606061,-15956.060606060608,-29.17,3350.0,33207.142857142855,27848.333333333332,2853.7152058659017,2026,3,12,1,SURPLUS
2026-03-18,Sulawesi Barat,Cabai Merah Keriting,38750.0,54866.666666666664,-16116.666666666664,-29.37,0.0,34221.42857142857,28486.666666666668,3414.656783980012,2026,3,12,2,SURPLUS
2026-03-19,Sulawesi Barat,Cabai Merah Keriting,38750.0,54840.90909090909,-16090.909090909088,-29.34,0.0,35235.71428571428,29125.0,3574.2964675716244,2026,3,12,3,SURPLUS
2026-03-20,Sulawesi Barat,Cabai Merah Keriting,38750.0,54828.78787878788,-16078.78787878788,-29.33,0.0,36250.0,29763.333333333332,3389.81317085958,2026,3,12,4,SURPLUS
2026-03-23,Sulawesi Barat,Cabai Merah Keriting,38750.0,54781.818181818184,-16031.818181818184,-29.26,0.0,37378.57142857143,30376.666666666668,2487.277149625141,2026,3,13,0,SURPLUS
2026-03-24,Sulawesi Barat,Cabai Merah Keriting,38750.0,54672.72727272727,-15922.727272727272,-29.12,0.0,38271.42857142857,30990.0,1266.1809845808125,2026,3,13,1,SURPLUS
2026-03-25,Sulawesi Barat,Cabai Merah Keriting,38750.0,53190.90909090909,-14440.909090909088,-27.15,0.0,38750.0,31603.333333333332,0.0,2026,3,13,2,SURPLUS
2026-03-26,Sulawesi Barat,Cabai Merah Keriting,40400.0,51804.545454545456,-11404.545454545456,-22.01,1650.0,38985.71428571428,32271.666666666668,623.6413804652257,2026,3,13,3,SURPLUS
2026-03-27,Sulawesi Barat,Cabai Merah Keriting,40400.0,50731.818181818184,-10331.818181818184,-20.37,0.0,39221.42857142857,32940.0,805.1175601825404,2026,3,13,4,SURPLUS
2026-03-30,Sulawesi Barat,Cabai Merah Keriting,37250.0,46140.90909090909,-8890.909090909088,-19.27,-3150.0,39007.142857142855,33503.333333333336,1097.8875820670999,2026,3,14,0,SURPLUS
2026-03-31,Sulawesi Barat,Cabai Merah Keriting,36000.0,45778.78787878788,-9778.78787878788,-21.36,-1250.0,38614.28571428572,34025.0,1587.900680593271,2026,3,14,1,SURPLUS
2026-04-01,Sulawesi Barat,Cabai Merah Keriting,36000.0,45198.48484848485,-9198.484848484848,-20.35,0.0,38221.42857142857,34305.0,1864.7737000453853,2026,4,14,2,SURPLUS
2026-04-02,Sulawesi Barat,Cabai Merah Keriting,35150.0,44396.969696969696,-9246.969696969696,-20.83,-850.0,37707.142857142855,34556.666666666664,2166.684981607575,2026,4,14,3,SURPLUS
2026-04-03,Sulawesi Barat,Cabai Merah Keriting,35150.0,44231.818181818184,-9081.818181818184,-20.53,0.0,37192.857142857145,34715.0,2300.983226693282,2026,4,14,4,SURPLUS
2026-04-06,Sulawesi Barat,Cabai Merah Keriting,33900.0,44618.181818181816,-10718.181818181816,-24.02,-1250.0,36264.28571428572,34781.666666666664,2093.18622473697,2026,4,15,0,SURPLUS
2026-04-07,Sulawesi Barat,Cabai Merah Keriting,33900.0,44696.969696969696,-10796.969696969696,-24.16,0.0,35335.71428571428,34848.333333333336,1206.8258248101233,2026,4,15,1,SURPLUS
2026-04-08,Sulawesi Barat,Cabai Merah Keriting,33900.0,44775.757575757576,-10875.757575757576,-24.29,0.0,34857.142857142855,34915.0,960.2207087560053,2026,4,15,2,SURPLUS
2026-04-09,Sulawesi Barat,Cabai Merah Keriting,33900.0,45248.48484848485,-11348.484848484848,-25.08,0.0,34557.142857142855,34975.0,867.1930635815147,2026,4,15,3,SURPLUS
2026-04-10,Sulawesi Barat,Cabai Merah Keriting,33900.0,44931.818181818184,-11031.818181818184,-24.55,0.0,34257.142857142855,35035.0,609.9375455929082,2026,4,15,4,SURPLUS
2026-04-13,Sulawesi Barat,Cabai Merah Keriting,33900.0,44707.57575757576,-10807.57575757576,-24.17,0.0,34078.57142857143,35123.333333333336,472.45559126163687,2026,4,16,0,SURPLUS
2026-01-01,Sulawesi Selatan,Cabai Merah Keriting,24550.0,49296.969696969696,-24746.969696969696,-50.2,,24550.0,24550.0,,2026,1,1,3,SURPLUS
2026-01-02,Sulawesi Selatan,Cabai Merah Keriting,24050.0,49380.30303030303,-25330.303030303032,-51.3,-500.0,24300.0,24300.0,353.5533905932738,2026,1,1,4,SURPLUS
2026-01-05,Sulawesi Selatan,Cabai Merah Keriting,23900.0,48063.63636363636,-24163.63636363636,-50.27,-150.0,24166.666666666668,24166.666666666668,340.34296427770266,2026,1,2,0,SURPLUS
2026-01-06,Sulawesi Selatan,Cabai Merah Keriting,23300.0,47307.57575757576,-24007.57575757576,-50.75,-600.0,23950.0,23950.0,514.7815070493505,2026,1,2,1,SURPLUS
2026-01-07,Sulawesi Selatan,Cabai Merah Keriting,23800.0,46007.57575757576,-22207.57575757576,-48.27,500.0,23920.0,23920.0,450.83256315399433,2026,1,2,2,SURPLUS
2026-01-08,Sulawesi Selatan,Cabai Merah Keriting,23300.0,44760.606060606064,-21460.606060606064,-47.95,-500.0,23816.666666666668,23816.666666666668,476.0952285695237,2026,1,2,3,SURPLUS
2026-01-09,Sulawesi Selatan,Cabai Merah Keriting,22650.0,43928.78787878788,-21278.78787878788,-48.44,-650.0,23650.0,23650.0,619.1391873668908,2026,1,2,4,SURPLUS
2026-01-12,Sulawesi Selatan,Cabai Merah Keriting,22250.0,42260.606060606064,-20010.606060606064,-47.35,-400.0,23321.428571428572,23475.0,670.110154413153,2026,1,3,0,SURPLUS
2026-01-13,Sulawesi Selatan,Cabai Merah Keriting,22250.0,41421.21212121212,-19171.21212121212,-46.28,0.0,23064.285714285714,23338.88888888889,689.0296835129134,2026,1,3,1,SURPLUS
2026-01-14,Sulawesi Selatan,Cabai Merah Keriting,22000.0,41259.09090909091,-19259.09090909091,-46.68,-250.0,22792.85714285714,23205.0,679.1100619122623,2026,1,3,2,SURPLUS
2026-01-15,Sulawesi Selatan,Cabai Merah Keriting,22000.0,40803.030303030304,-18803.030303030304,-46.08,0.0,22607.14285714286,23095.454545454544,694.8792289723033,2026,1,3,3,SURPLUS
2026-01-16,Sulawesi Selatan,Cabai Merah Keriting,22000.0,40739.393939393936,-18739.393939393936,-46.0,0.0,22350.0,23004.166666666668,479.583152331271,2026,1,3,4,SURPLUS
2026-01-19,Sulawesi Selatan,Cabai Merah Keriting,20750.0,40203.030303030304,-19453.030303030304,-48.39,-1250.0,21985.714285714286,22830.76923076923,592.814112035612,2026,1,4,0,SURPLUS
2026-01-20,Sulawesi Selatan,Cabai Merah Keriting,19500.0,39850.0,-20350.0,-51.07,-1250.0,21535.714285714286,22592.85714285714,1035.0983390135314,2026,1,4,1,SURPLUS
2026-01-21,Sulawesi Selatan,Cabai Merah Keriting,19450.0,39424.242424242424,-19974.242424242424,-50.66,-50.0,21135.714285714286,22383.333333333332,1234.8124978157232,2026,1,4,2,SURPLUS
2026-01-22,Sulawesi Selatan,Cabai Merah Keriting,19700.0,39283.333333333336,-19583.333333333336,-49.85,250.0,20771.428571428572,22215.625,1227.4150150000692,2026,1,4,3,SURPLUS
2026-01-23,Sulawesi Selatan,Cabai Merah Keriting,19750.0,39050.0,-19300.0,-49.42,50.0,20450.0,22070.58823529412,1143.8239957849,2026,1,4,4,SURPLUS
2026-01-26,Sulawesi Selatan,Cabai Merah Keriting,19500.0,39381.818181818184,-19881.818181818184,-50.48,-250.0,20092.85714285714,21927.777777777777,953.689577128644,2026,1,5,0,SURPLUS
2026-01-27,Sulawesi Selatan,Cabai Merah Keriting,19250.0,39468.181818181816,-20218.181818181816,-51.23,-250.0,19700.0,21786.842105263157,491.59604012509254,2026,1,5,1,SURPLUS
2026-01-28,Sulawesi Selatan,Cabai Merah Keriting,19750.0,39837.878787878784,-20087.878787878784,-50.42,500.0,19557.14285714286,21685.0,185.80583823931818,2026,1,5,2,SURPLUS
2026-01-29,Sulawesi Selatan,Cabai Merah Keriting,19500.0,39934.84848484849,-20434.848484848488,-51.17,-250.0,19557.14285714286,21580.95238095238,185.80583823931818,2026,1,5,3,SURPLUS
2026-01-30,Sulawesi Selatan,Cabai Merah Keriting,20000.0,39937.878787878784,-19937.878787878784,-49.92,500.0,19635.714285714286,21509.090909090908,241.0295378065605,2026,1,5,4,SURPLUS
2026-02-02,Sulawesi Selatan,Cabai Merah Keriting,18750.0,40795.454545454544,-22045.454545454544,-54.04,-1250.0,19500.0,21389.130434782608,408.2482904638705,2026,2,6,0,SURPLUS
2026-02-03,Sulawesi Selatan,Cabai Merah Keriting,19500.0,41516.666666666664,-22016.666666666664,-53.03,750.0,19464.285714285714,21310.416666666668,393.3978962347293,2026,2,6,1,SURPLUS
2026-02-04,Sulawesi Selatan,Cabai Merah Keriting,19250.0,42300.0,-23050.0,-54.49,-250.0,19428.571428571428,21228.0,400.891862868644,2026,2,6,2,SURPLUS
2026-02-05,Sulawesi Selatan,Cabai Merah Keriting,19250.0,42734.84848484849,-23484.848484848488,-54.95,0.0,19428.571428571428,21151.923076923078,400.891862868644,2026,2,6,3,SURPLUS
2026-02-06,Sulawesi Selatan,Cabai Merah Keriting,19500.0,42913.63636363636,-23413.63636363636,-54.56,250.0,19392.85714285714,21090.74074074074,377.9644730092351,2026,2,6,4,SURPLUS
2026-02-09,Sulawesi Selatan,Cabai Merah Keriting,20150.0,45203.030303030304,-25053.030303030304,-55.42,650.0,19485.714285714286,21057.14285714286,475.8451128556195,2026,2,7,0,SURPLUS
2026-02-10,Sulawesi Selatan,Cabai Merah Keriting,20650.0,45727.27272727273,-25077.272727272728,-54.84,500.0,19578.571428571428,21043.103448275862,631.0422218158558,2026,2,7,1,SURPLUS
2026-02-11,Sulawesi Selatan,Cabai Merah Keriting,19650.0,46425.757575757576,-26775.757575757576,-57.67,-1000.0,19707.14285714286,20996.666666666668,515.1282780600861,2026,2,7,2,SURPLUS
2026-02-12,Sulawesi Selatan,Cabai Merah Keriting,19650.0,46254.545454545456,-26604.545454545456,-57.52,0.0,19728.571428571428,20833.333333333332,508.1478974809326,2026,2,7,3,SURPLUS
2026-02-13,Sulawesi Selatan,Cabai Merah Keriting,19900.0,46590.90909090909,-26690.90909090909,-57.29,250.0,19821.428571428572,20695.0,463.55253465056074,2026,2,7,4,SURPLUS
2026-02-16,Sulawesi Selatan,Cabai Merah Keriting,19900.0,46657.57575757576,-26757.57575757576,-57.35,0.0,19914.285714285714,20561.666666666668,389.13824205361624,2026,2,8,0,SURPLUS
2026-02-17,Sulawesi Selatan,Cabai Merah Keriting,19900.0,46695.454545454544,-26795.454545454544,-57.38,0.0,19971.428571428572,20448.333333333332,345.032779671188,2026,2,8,1,SURPLUS
2026-02-18,Sulawesi Selatan,Cabai Merah Keriting,25450.0,50175.757575757576,-24725.757575757576,-49.28,5550.0,20728.571428571428,20503.333333333332,2108.8814457861217,2026,2,8,2,SURPLUS
2026-02-19,Sulawesi Selatan,Cabai Merah Keriting,25200.0,50419.69696969697,-25219.696969696968,-50.02,-250.0,21378.571428571428,20566.666666666668,2699.2062325273146,2026,2,8,3,SURPLUS
2026-02-20,Sulawesi Selatan,Cabai Merah Keriting,26200.0,51990.90909090909,-25790.90909090909,-49.61,1000.0,22314.285714285714,20685.0,3104.930794413179,2026,2,8,4,SURPLUS
2026-02-23,Sulawesi Selatan,Cabai Merah Keriting,29250.0,50343.93939393939,-21093.939393939392,-41.9,3050.0,23685.714285714286,20918.333333333332,3778.9674830693175,2026,2,9,0,SURPLUS
2026-02-24,Sulawesi Selatan,Cabai Merah Keriting,29250.0,49315.15151515151,-20065.151515151512,-40.69,0.0,25021.428571428572,21151.666666666668,3869.200729571199,2026,2,9,1,SURPLUS
2026-02-25,Sulawesi Selatan,Cabai Merah Keriting,28750.0,47557.57575757576,-18807.57575757576,-39.55,-500.0,26285.714285714286,21376.666666666668,3324.3688982164094,2026,2,9,2,SURPLUS
2026-02-26,Sulawesi Selatan,Cabai Merah Keriting,28250.0,46383.333333333336,-18133.333333333336,-39.09,-500.0,27478.571428571428,21585.0,1799.5038998886046,2026,2,9,3,SURPLUS
2026-02-27,Sulawesi Selatan,Cabai Merah Keriting,28250.0,45580.30303030303,-17330.303030303032,-38.02,0.0,27878.571428571428,21793.333333333332,1569.9939338675692,2026,2,9,4,SURPLUS
2026-03-02,Sulawesi Selatan,Cabai Merah Keriting,27150.0,44621.21212121212,-17471.21212121212,-39.15,-1100.0,28157.14285714286,22006.666666666668,1125.6215214377448,2026,3,10,0,SURPLUS
2026-03-03,Sulawesi Selatan,Cabai Merah Keriting,27150.0,44218.181818181816,-17068.181818181816,-38.6,0.0,28292.85714285714,22261.666666666668,881.0167286666524,2026,3,10,1,SURPLUS
2026-03-04,Sulawesi Selatan,Cabai Merah Keriting,25650.0,44030.30303030303,-18380.303030303032,-41.74,-1500.0,27778.571428571428,22468.333333333332,1216.1610169083842,2026,3,10,2,SURPLUS
2026-03-05,Sulawesi Selatan,Cabai Merah Keriting,25400.0,43909.09090909091,-18509.09090909091,-42.15,-250.0,27228.571428571428,22658.333333333332,1306.9867197926324,2026,3,10,3,SURPLUS
2026-03-06,Sulawesi Selatan,Cabai Merah Keriting,24900.0,43951.51515151515,-19051.515151515152,-43.35,-500.0,26678.571428571428,22830.0,1368.6541877750963,2026,3,10,4,SURPLUS
2026-03-09,Sulawesi Selatan,Cabai Merah Keriting,23000.0,43463.63636363636,-20463.63636363636,-47.08,-1900.0,25928.571428571428,22946.666666666668,1749.4897215229116,2026,3,11,0,SURPLUS
2026-03-10,Sulawesi Selatan,Cabai Merah Keriting,22500.0,43716.666666666664,-21216.666666666664,-48.53,-500.0,25107.14285714286,23055.0,1826.0678545782046,2026,3,11,1,SURPLUS
2026-03-11,Sulawesi Selatan,Cabai Merah Keriting,23000.0,44330.30303030303,-21330.303030303032,-48.12,500.0,24514.285714285714,23163.333333333332,1723.0579129642201,2026,3,11,2,SURPLUS
2026-03-12,Sulawesi Selatan,Cabai Merah Keriting,24750.0,45590.90909090909,-20840.90909090909,-45.71,1750.0,24171.428571428572,23338.333333333332,1297.387484799484,2026,3,11,3,SURPLUS
2026-03-13,Sulawesi Selatan,Cabai Merah Keriting,24700.0,47233.333333333336,-22533.333333333336,-47.71,-50.0,24035.714285714286,23495.0,1159.2793327876668,2026,3,11,4,SURPLUS
2026-03-16,Sulawesi Selatan,Cabai Merah Keriting,33250.0,51990.90909090909,-18740.90909090909,-36.05,8550.0,25157.14285714286,23978.333333333332,3703.65006574917,2026,3,12,0,SURPLUS
2026-03-17,Sulawesi Selatan,Cabai Merah Keriting,33750.0,54706.06060606061,-20956.060606060608,-38.31,500.0,26421.428571428572,24453.333333333332,4913.9984689029925,2026,3,12,1,SURPLUS
2026-03-18,Sulawesi Selatan,Cabai Merah Keriting,33750.0,54866.666666666664,-21116.666666666664,-38.49,0.0,27957.14285714286,24936.666666666668,5328.807603600495,2026,3,12,2,SURPLUS
2026-03-19,Sulawesi Selatan,Cabai Merah Keriting,33750.0,54840.90909090909,-21090.90909090909,-38.46,0.0,29564.285714285714,25420.0,5100.221750547896,2026,3,12,3,SURPLUS
2026-03-20,Sulawesi Selatan,Cabai Merah Keriting,33750.0,54828.78787878788,-21078.78787878788,-38.44,0.0,31100.0,25895.0,4358.803352603391,2026,3,12,4,SURPLUS
2026-03-23,Sulawesi Selatan,Cabai Merah Keriting,33750.0,54781.818181818184,-21031.818181818184,-38.39,0.0,32385.714285714286,26348.333333333332,3394.2002354155684,2026,3,13,0,SURPLUS
2026-03-24,Sulawesi Selatan,Cabai Merah Keriting,33750.0,54672.72727272727,-20922.727272727272,-38.27,0.0,33678.57142857143,26785.0,188.98223650415716,2026,3,13,1,SURPLUS
2026-03-25,Sulawesi Selatan,Cabai Merah Keriting,32000.0,53190.90909090909,-21190.90909090909,-39.84,-1750.0,33500.0,27196.666666666668,661.4378277661476,2026,3,13,2,SURPLUS
2026-03-26,Sulawesi Selatan,Cabai Merah Keriting,31750.0,51804.545454545456,-20054.545454545456,-38.71,-250.0,33214.28571428572,27600.0,917.7482796289548,2026,3,13,3,SURPLUS
2026-03-27,Sulawesi Selatan,Cabai Merah Keriting,30500.0,50731.818181818184,-20231.818181818184,-39.88,-1250.0,32750.0,27953.333333333332,1330.7266185559433,2026,3,13,4,SURPLUS
2026-03-30,Sulawesi Selatan,Cabai Merah Keriting,28750.0,46140.90909090909,-17390.90909090909,-37.69,-1750.0,32035.714285714286,28248.333333333332,1917.1841951401643,2026,3,14,0,SURPLUS
2026-03-31,Sulawesi Selatan,Cabai Merah Keriting,28500.0,45778.78787878788,-17278.78787878788,-37.74,-250.0,31285.714285714286,28535.0,2147.811732460562,2026,3,14,1,SURPLUS
2026-04-01,Sulawesi Selatan,Cabai Merah Keriting,27750.0,45198.48484848485,-17448.484848484848,-38.6,-750.0,30428.571428571428,28611.666666666668,2197.13016282171,2026,4,14,2,SURPLUS
2026-04-02,Sulawesi Selatan,Cabai Merah Keriting,26750.0,44396.969696969696,-17646.969696969696,-39.75,-1000.0,29428.571428571428,28663.333333333332,2019.2525727062855,2026,4,14,3,SURPLUS
2026-04-03,Sulawesi Selatan,Cabai Merah Keriting,26500.0,44231.818181818184,-17731.818181818184,-40.09,-250.0,28642.85714285714,28673.333333333332,1919.5113465472948,2026,4,14,4,SURPLUS
2026-04-06,Sulawesi Selatan,Cabai Merah Keriting,26750.0,44618.181818181816,-17868.181818181816,-40.05,250.0,27928.571428571428,28590.0,1441.3122327868277,2026,4,15,0,SURPLUS
2026-04-07,Sulawesi Selatan,Cabai Merah Keriting,26750.0,44696.969696969696,-17946.969696969696,-40.15,0.0,27392.85714285714,28506.666666666668,933.8221509065885,2026,4,15,1,SURPLUS
2026-04-08,Sulawesi Selatan,Cabai Merah Keriting,27650.0,44775.757575757576,-17125.757575757576,-38.25,900.0,27235.714285714286,28470.0,739.771521999801,2026,4,15,2,SURPLUS
2026-04-09,Sulawesi Selatan,Cabai Merah Keriting,28400.0,45248.48484848485,-16848.484848484848,-37.24,750.0,27221.428571428572,28475.0,711.7215881562229,2026,4,15,3,SURPLUS
2026-04-10,Sulawesi Selatan,Cabai Merah Keriting,28500.0,44931.818181818184,-16431.818181818184,-36.57,100.0,27328.571428571428,28483.333333333332,847.9667558622906,2026,4,15,4,SURPLUS
2026-04-13,Sulawesi Selatan,Cabai Merah Keriting,31750.0,44707.57575757576,-12957.57575757576,-28.98,3250.0,28042.85714285714,28636.666666666668,1823.7846572966018,2026,4,16,0,SURPLUS
2026-01-01,Sulawesi Tengah,Cabai Merah Keriting,22500.0,49296.969696969696,-26796.969696969696,-54.36,,22500.0,22500.0,,2026,1,1,3,SURPLUS
2026-01-02,Sulawesi Tengah,Cabai Merah Keriting,22150.0,49380.30303030303,-27230.303030303032,-55.14,-350.0,22325.0,22325.0,247.48737341529164,2026,1,1,4,SURPLUS
2026-01-05,Sulawesi Tengah,Cabai Merah Keriting,26900.0,48063.63636363636,-21163.63636363636,-44.03,4750.0,23850.0,23850.0,2647.1682983898095,2026,1,2,0,SURPLUS
2026-01-06,Sulawesi Tengah,Cabai Merah Keriting,26900.0,47307.57575757576,-20407.57575757576,-43.14,0.0,24612.5,24612.5,2645.2394346574124,2026,1,2,1,SURPLUS
2026-01-07,Sulawesi Tengah,Cabai Merah Keriting,26900.0,46007.57575757576,-19107.57575757576,-41.53,0.0,25070.0,25070.0,2508.8842141477953,2026,1,2,2,SURPLUS
2026-01-08,Sulawesi Tengah,Cabai Merah Keriting,26900.0,44760.606060606064,-17860.606060606064,-39.9,0.0,25375.0,25375.0,2365.1109910530627,2026,1,2,3,SURPLUS
2026-01-09,Sulawesi Tengah,Cabai Merah Keriting,26900.0,43928.78787878788,-17028.78787878788,-38.76,0.0,25592.85714285714,25592.85714285714,2234.6566797140176,2026,1,2,4,SURPLUS
2026-01-12,Sulawesi Tengah,Cabai Merah Keriting,24400.0,42260.606060606064,-17860.606060606064,-42.26,-2500.0,25864.285714285714,25443.75,1884.3023213102613,2026,1,3,0,SURPLUS
2026-01-13,Sulawesi Tengah,Cabai Merah Keriting,25650.0,41421.21212121212,-15771.21212121212,-38.08,1250.0,26364.285714285714,25466.666666666668,983.4947405868052,2026,1,3,1,SURPLUS
2026-01-14,Sulawesi Tengah,Cabai Merah Keriting,25650.0,41259.09090909091,-15609.090909090912,-37.83,0.0,26185.714285714286,25485.0,983.4947405868052,2026,1,3,2,SURPLUS
2026-01-15,Sulawesi Tengah,Cabai Merah Keriting,25650.0,40803.030303030304,-15153.030303030304,-37.14,0.0,26007.14285714286,25500.0,944.9111825230696,2026,1,3,3,SURPLUS
2026-01-16,Sulawesi Tengah,Cabai Merah Keriting,25650.0,40739.393939393936,-15089.393939393936,-37.04,0.0,25828.571428571428,25512.5,862.5819491779449,2026,1,3,4,SURPLUS
2026-01-19,Sulawesi Tengah,Cabai Merah Keriting,25650.0,40203.030303030304,-14553.030303030304,-36.2,0.0,25650.0,25523.076923076922,721.6878364870355,2026,1,4,0,SURPLUS
2026-01-20,Sulawesi Tengah,Cabai Merah Keriting,23750.0,39850.0,-16100.0,-40.4,-1900.0,25200.0,25396.428571428572,791.0962857537269,2026,1,4,1,SURPLUS
2026-01-21,Sulawesi Tengah,Cabai Merah Keriting,23750.0,39424.242424242424,-15674.242424242424,-39.76,0.0,25107.14285714286,25286.666666666668,927.1050693011114,2026,1,4,2,SURPLUS
2026-01-22,Sulawesi Tengah,Cabai Merah Keriting,23750.0,39283.333333333336,-15533.333333333336,-39.54,0.0,24835.714285714286,25190.625,1015.5927192672173,2026,1,4,3,SURPLUS
2026-01-23,Sulawesi Tengah,Cabai Merah Keriting,23750.0,39050.0,-15300.0,-39.18,0.0,24564.285714285714,25105.882352941175,1015.5927192672173,2026,1,4,4,SURPLUS
2026-01-26,Sulawesi Tengah,Cabai Merah Keriting,23500.0,39381.818181818184,-15881.818181818184,-40.33,-250.0,24257.14285714286,25016.666666666668,955.871579340282,2026,1,5,0,SURPLUS
2026-01-27,Sulawesi Tengah,Cabai Merah Keriting,24750.0,39468.181818181816,-14718.181818181816,-37.29,1250.0,24128.571428571428,25002.63157894737,782.01510154704,2026,1,5,1,SURPLUS
2026-01-28,Sulawesi Tengah,Cabai Merah Keriting,24750.0,39837.878787878784,-15087.878787878784,-37.87,0.0,24000.0,24990.0,520.4164998665399,2026,1,5,2,SURPLUS
2026-01-29,Sulawesi Tengah,Cabai Merah Keriting,25000.0,39934.84848484849,-14934.848484848488,-37.4,250.0,24178.571428571428,24990.47619047619,624.4044781877872,2026,1,5,3,SURPLUS
2026-01-30,Sulawesi Tengah,Cabai Merah Keriting,25000.0,39937.878787878784,-14937.878787878784,-37.4,0.0,24357.14285714286,24990.909090909092,659.1841999955884,2026,1,5,4,SURPLUS
2026-02-02,Sulawesi Tengah,Cabai Merah Keriting,26400.0,40795.454545454544,-14395.454545454544,-35.29,1400.0,24735.714285714286,25052.17391304348,949.4359227607699,2026,2,6,0,SURPLUS
2026-02-03,Sulawesi Tengah,Cabai Merah Keriting,26400.0,41516.666666666664,-15116.666666666664,-36.41,0.0,25114.285714285714,25108.333333333332,1016.8227827053262,2026,2,6,1,SURPLUS
2026-02-04,Sulawesi Tengah,Cabai Merah Keriting,27400.0,42300.0,-14900.0,-35.22,1000.0,25671.428571428572,25200.0,1052.7175716754834,2026,2,6,2,SURPLUS
2026-02-05,Sulawesi Tengah,Cabai Merah Keriting,27500.0,42734.84848484849,-15234.848484848488,-35.65,100.0,26064.285714285714,25288.46153846154,1159.279332787667,2026,2,6,3,SURPLUS
2026-02-06,Sulawesi Tengah,Cabai Merah Keriting,27500.0,42913.63636363636,-15413.63636363636,-35.92,0.0,26457.14285714286,25370.37037037037,1104.320519380068,2026,2,6,4,SURPLUS
2026-02-09,Sulawesi Tengah,Cabai Merah Keriting,29900.0,45203.030303030304,-15303.030303030304,-33.85,2400.0,27157.14285714286,25532.14285714286,1506.4938796835097,2026,2,7,0,SURPLUS
2026-02-10,Sulawesi Tengah,Cabai Merah Keriting,29900.0,45727.27272727273,-15827.272727272728,-34.61,0.0,27857.14285714286,25682.758620689656,1475.191674390331,2026,2,7,1,SURPLUS
2026-02-11,Sulawesi Tengah,Cabai Merah Keriting,29900.0,46425.757575757576,-16525.757575757576,-35.6,0.0,28357.14285714286,25823.333333333332,1492.0423841803406,2026,2,7,2,SURPLUS
2026-02-12,Sulawesi Tengah,Cabai Merah Keriting,29900.0,46254.545454545456,-16354.545454545456,-35.36,0.0,28857.14285714286,26070.0,1301.098437035887,2026,2,7,3,SURPLUS
2026-02-13,Sulawesi Tengah,Cabai Merah Keriting,30000.0,46590.90909090909,-16590.90909090909,-35.61,100.0,29228.571428571428,26331.666666666668,1181.4035236592006,2026,2,7,4,SURPLUS
2026-02-16,Sulawesi Tengah,Cabai Merah Keriting,32750.0,46657.57575757576,-13907.57575757576,-29.81,2750.0,29978.571428571428,26526.666666666668,1519.280844911297,2026,2,8,0,SURPLUS
2026-02-17,Sulawesi Tengah,Cabai Merah Keriting,33750.0,46695.454545454544,-12945.454545454544,-27.72,1000.0,30871.428571428572,26755.0,1650.7213430440227,2026,2,8,1,SURPLUS
2026-02-18,Sulawesi Tengah,Cabai Merah Keriting,36250.0,50175.757575757576,-13925.757575757576,-27.75,2500.0,31778.571428571428,27066.666666666668,2535.5566684749415,2026,2,8,2,SURPLUS
2026-02-19,Sulawesi Tengah,Cabai Merah Keriting,36250.0,50419.69696969697,-14169.696969696968,-28.1,0.0,32685.714285714286,27378.333333333332,2865.8498282525866,2026,2,8,3,SURPLUS
2026-02-20,Sulawesi Tengah,Cabai Merah Keriting,36250.0,51990.90909090909,-15740.909090909088,-30.28,0.0,33592.857142857145,27690.0,2842.010522416123,2026,2,8,4,SURPLUS
2026-02-23,Sulawesi Tengah,Cabai Merah Keriting,36250.0,50343.93939393939,-14093.939393939392,-28.0,0.0,34500.0,28085.0,2453.738644055943,2026,2,9,0,SURPLUS
2026-02-24,Sulawesi Tengah,Cabai Merah Keriting,35000.0,49315.15151515151,-14315.151515151512,-29.03,-1250.0,35214.28571428572,28396.666666666668,1446.4653140542573,2026,2,9,1,SURPLUS
2026-02-25,Sulawesi Tengah,Cabai Merah Keriting,34400.0,47557.57575757576,-13157.57575757576,-27.67,-600.0,35450.0,28688.333333333332,1061.0529361598847,2026,2,9,2,SURPLUS
2026-02-26,Sulawesi Tengah,Cabai Merah Keriting,32900.0,46383.333333333336,-13483.333333333336,-29.07,-1500.0,35328.57142857143,28930.0,1307.9427685164462,2026,2,9,3,SURPLUS
2026-02-27,Sulawesi Tengah,Cabai Merah Keriting,32900.0,45580.30303030303,-12680.303030303032,-27.82,0.0,34850.0,29171.666666666668,1511.621645783157,2026,2,9,4,SURPLUS
2026-03-02,Sulawesi Tengah,Cabai Merah Keriting,30000.0,44621.21212121212,-14621.21212121212,-32.77,-2900.0,33957.142857142855,29316.666666666668,2224.565233071544,2026,3,10,0,SURPLUS
2026-03-03,Sulawesi Tengah,Cabai Merah Keriting,28000.0,44218.181818181816,-16218.181818181816,-36.68,-2000.0,32778.57142857143,29458.333333333332,2892.4985080459064,2026,3,10,1,SURPLUS
2026-03-04,Sulawesi Tengah,Cabai Merah Keriting,27400.0,44030.30303030303,-16630.303030303032,-37.77,-600.0,31514.285714285714,29580.0,3052.0094863486383,2026,3,10,2,SURPLUS
2026-03-05,Sulawesi Tengah,Cabai Merah Keriting,27400.0,43909.09090909091,-16509.09090909091,-37.6,0.0,30428.571428571428,29701.666666666668,2955.6241786997307,2026,3,10,3,SURPLUS
2026-03-06,Sulawesi Tengah,Cabai Merah Keriting,25400.0,43951.51515151515,-18551.515151515152,-42.21,-2000.0,29142.85714285714,29756.666666666668,2897.042827239064,2026,3,10,4,SURPLUS
2026-03-09,Sulawesi Tengah,Cabai Merah Keriting,25400.0,43463.63636363636,-18063.63636363636,-41.56,0.0,28071.428571428572,29820.0,2652.4920896610506,2026,3,11,0,SURPLUS
2026-03-10,Sulawesi Tengah,Cabai Merah Keriting,25400.0,43716.666666666664,-18316.666666666664,-41.9,0.0,27000.0,29841.666666666668,1732.0508075689224,2026,3,11,1,SURPLUS
2026-03-11,Sulawesi Tengah,Cabai Merah Keriting,24400.0,44330.30303030303,-19930.303030303032,-44.96,-1000.0,26200.0,29830.0,1371.1309200802634,2026,3,11,2,SURPLUS
2026-03-12,Sulawesi Tengah,Cabai Merah Keriting,24400.0,45590.90909090909,-21190.90909090909,-46.48,0.0,25685.714285714286,29810.0,1253.5663410560755,2026,3,11,3,SURPLUS
2026-03-13,Sulawesi Tengah,Cabai Merah Keriting,24750.0,47233.333333333336,-22483.333333333336,-47.6,350.0,25307.14285714286,29801.666666666668,1029.7364433957293,2026,3,11,4,SURPLUS
2026-03-16,Sulawesi Tengah,Cabai Merah Keriting,26900.0,51990.90909090909,-25090.90909090909,-48.26,2150.0,25235.714285714286,29818.333333333332,864.4431182917974,2026,3,12,0,SURPLUS
2026-03-17,Sulawesi Tengah,Cabai Merah Keriting,33150.0,54706.06060606061,-21556.060606060608,-39.4,6250.0,26342.85714285714,30043.333333333332,3122.8230512669056,2026,3,12,1,SURPLUS
2026-03-18,Sulawesi Tengah,Cabai Merah Keriting,33150.0,54866.666666666664,-21716.666666666664,-39.58,0.0,27450.0,30235.0,3987.0624106811765,2026,3,12,2,SURPLUS
2026-03-19,Sulawesi Tengah,Cabai Merah Keriting,33150.0,54840.90909090909,-21690.90909090909,-39.55,0.0,28557.14285714286,30423.333333333332,4379.633600678325,2026,3,12,3,SURPLUS
2026-03-20,Sulawesi Tengah,Cabai Merah Keriting,33150.0,54828.78787878788,-21678.78787878788,-39.54,0.0,29807.14285714286,30611.666666666668,4241.89703743391,2026,3,12,4,SURPLUS
2026-03-23,Sulawesi Tengah,Cabai Merah Keriting,33150.0,54781.818181818184,-21631.818181818184,-39.49,0.0,31057.14285714286,30720.0,3627.720653917171,2026,3,13,0,SURPLUS
2026-03-24,Sulawesi Tengah,Cabai Merah Keriting,33150.0,54672.72727272727,-21522.727272727272,-39.37,0.0,32257.14285714286,30828.333333333332,2362.277956307685,2026,3,13,1,SURPLUS
2026-03-25,Sulawesi Tengah,Cabai Merah Keriting,39400.0,53190.90909090909,-13790.909090909088,-25.93,6250.0,34042.857142857145,31145.0,2362.2779563076697,2026,3,13,2,SURPLUS
2026-03-26,Sulawesi Tengah,Cabai Merah Keriting,43150.0,51804.545454545456,-8654.545454545456,-16.71,3750.0,35471.42857142857,31586.666666666668,4109.730034002348,2026,3,13,3,SURPLUS
2026-03-27,Sulawesi Tengah,Cabai Merah Keriting,41250.0,50731.818181818184,-9481.818181818184,-18.69,-1900.0,36628.57142857143,31961.666666666668,4471.563591449968,2026,3,13,4,SURPLUS
2026-03-30,Sulawesi Tengah,Cabai Merah Keriting,40150.0,46140.90909090909,-5990.909090909088,-12.98,-1100.0,37628.57142857143,32208.333333333332,4344.9067062152535,2026,3,14,0,SURPLUS
2026-03-31,Sulawesi Tengah,Cabai Merah Keriting,36900.0,45778.78787878788,-8878.78787878788,-19.39,-3250.0,38164.28571428572,32313.333333333332,3910.1059539900666,2026,3,14,1,SURPLUS
2026-04-01,Sulawesi Tengah,Cabai Merah Keriting,34400.0,45198.48484848485,-10798.484848484848,-23.89,-2500.0,38342.857142857145,32251.666666666668,3663.7217611135725,2026,4,14,2,SURPLUS
2026-04-02,Sulawesi Tengah,Cabai Merah Keriting,36250.0,44396.969696969696,-8146.969696969696,-18.35,1850.0,38785.71428571428,32251.666666666668,3070.791739073475,2026,4,14,3,SURPLUS
2026-04-03,Sulawesi Tengah,Cabai Merah Keriting,36250.0,44231.818181818184,-7981.818181818184,-18.05,0.0,38335.71428571428,32251.666666666668,3194.0979798312233,2026,4,14,4,SURPLUS
2026-04-06,Sulawesi Tengah,Cabai Merah Keriting,33750.0,44618.181818181816,-10868.181818181816,-24.36,-2500.0,36992.857142857145,32168.333333333332,2782.1497340828273,2026,4,15,0,SURPLUS
2026-04-07,Sulawesi Tengah,Cabai Merah Keriting,32500.0,44696.969696969696,-12196.969696969696,-27.29,-1250.0,35742.857142857145,32085.0,2502.237094319898,2026,4,15,1,SURPLUS
2026-04-08,Sulawesi Tengah,Cabai Merah Keriting,33150.0,44775.757575757576,-11625.757575757576,-25.96,650.0,34742.857142857145,32043.333333333332,1725.6468766399335,2026,4,15,2,SURPLUS
2026-04-09,Sulawesi Tengah,Cabai Merah Keriting,32500.0,45248.48484848485,-12748.484848484848,-28.17,-650.0,34114.28571428572,32030.0,1606.1637229006024,2026,4,15,3,SURPLUS
2026-04-10,Sulawesi Tengah,Cabai Merah Keriting,35650.0,44931.818181818184,-9281.818181818184,-20.66,3150.0,34292.857142857145,32121.666666666668,1709.3928189634548,2026,4,15,4,SURPLUS
2026-04-13,Sulawesi Tengah,Cabai Merah Keriting,35000.0,44707.57575757576,-9707.57575757576,-21.71,-650.0,34114.28571428572,32288.333333333332,1526.3557595665313,2026,4,16,0,SURPLUS
2026-01-01,Sulawesi Tenggara,Cabai Merah Keriting,40500.0,49296.969696969696,-8796.969696969696,-17.84,,40500.0,40500.0,,2026,1,1,3,SURPLUS
2026-01-02,Sulawesi Tenggara,Cabai Merah Keriting,39900.0,49380.30303030303,-9480.303030303032,-19.2,-600.0,40200.0,40200.0,424.26406871192853,2026,1,1,4,SURPLUS
2026-01-05,Sulawesi Tenggara,Cabai Merah Keriting,34250.0,48063.63636363636,-13813.63636363636,-28.74,-5650.0,38216.666666666664,38216.666666666664,3448.3087642108453,2026,1,2,0,SURPLUS
2026-01-06,Sulawesi Tenggara,Cabai Merah Keriting,33650.0,47307.57575757576,-13657.57575757576,-28.87,-600.0,37075.0,37075.0,3625.028735518289,2026,1,2,1,SURPLUS
2026-01-07,Sulawesi Tenggara,Cabai Merah Keriting,33250.0,46007.57575757576,-12757.57575757576,-27.73,-400.0,36310.0,36310.0,3575.157339195017,2026,1,2,2,SURPLUS
2026-01-08,Sulawesi Tenggara,Cabai Merah Keriting,33250.0,44760.606060606064,-11510.606060606064,-25.72,0.0,35800.0,35800.0,3433.07442389471,2026,1,2,3,SURPLUS
2026-01-09,Sulawesi Tenggara,Cabai Merah Keriting,32400.0,43928.78787878788,-11528.78787878788,-26.24,-850.0,35314.28571428572,35314.28571428572,3387.1957779400996,2026,1,2,4,SURPLUS
2026-01-12,Sulawesi Tenggara,Cabai Merah Keriting,31650.0,42260.606060606064,-10610.606060606064,-25.11,-750.0,34050.0,34856.25,2713.699811450535,2026,1,3,0,SURPLUS
2026-01-13,Sulawesi Tenggara,Cabai Merah Keriting,31650.0,41421.21212121212,-9771.21212121212,-23.59,0.0,32871.42857142857,34500.0,999.9404744188295,2026,1,3,1,SURPLUS
2026-01-14,Sulawesi Tenggara,Cabai Merah Keriting,31250.0,41259.09090909091,-10009.090909090912,-24.26,-400.0,32442.85714285714,34175.0,952.3779761858273,2026,1,3,2,SURPLUS
2026-01-15,Sulawesi Tenggara,Cabai Merah Keriting,31250.0,40803.030303030304,-9553.030303030304,-23.41,0.0,32100.0,33909.09090909091,874.1662694628924,2026,1,3,3,SURPLUS
2026-01-16,Sulawesi Tenggara,Cabai Merah Keriting,31250.0,40739.393939393936,-9489.393939393936,-23.29,0.0,31814.285714285714,33687.5,754.2735388627754,2026,1,3,4,SURPLUS
2026-01-19,Sulawesi Tenggara,Cabai Merah Keriting,29750.0,40203.030303030304,-10453.030303030304,-26.0,-1500.0,31314.285714285714,33384.61538461538,802.4516006766852,2026,1,4,0,SURPLUS
2026-01-20,Sulawesi Tenggara,Cabai Merah Keriting,29750.0,39850.0,-10100.0,-25.35,0.0,30935.714285714286,33125.0,829.5150620062547,2026,1,4,1,SURPLUS
2026-01-21,Sulawesi Tenggara,Cabai Merah Keriting,28650.0,39424.242424242424,-10774.242424242424,-27.33,-1100.0,30507.14285714286,32826.666666666664,1122.2850838908148,2026,1,4,2,SURPLUS
2026-01-22,Sulawesi Tenggara,Cabai Merah Keriting,28650.0,39283.333333333336,-10633.333333333336,-27.07,0.0,30078.571428571428,32565.625,1184.2216652219117,2026,1,4,3,SURPLUS
2026-01-23,Sulawesi Tenggara,Cabai Merah Keriting,28650.0,39050.0,-10400.0,-26.63,0.0,29707.14285714286,32335.29411764706,1163.1238725334244,2026,1,4,4,SURPLUS
2026-01-26,Sulawesi Tenggara,Cabai Merah Keriting,29250.0,39381.818181818184,-10131.818181818184,-25.73,600.0,29421.428571428572,32163.88888888889,946.4218328601117,2026,1,5,0,SURPLUS
2026-01-27,Sulawesi Tenggara,Cabai Merah Keriting,29900.0,39468.181818181816,-9568.181818181816,-24.24,650.0,29228.571428571428,32044.736842105263,577.2471617204311,2026,1,5,1,SURPLUS
2026-01-28,Sulawesi Tenggara,Cabai Merah Keriting,30500.0,39837.878787878784,-9337.878787878784,-23.44,600.0,29335.714285714286,31967.5,737.5151330166575,2026,1,5,2,SURPLUS
2026-01-29,Sulawesi Tenggara,Cabai Merah Keriting,30500.0,39934.84848484849,-9434.848484848488,-23.63,0.0,29442.85714285714,31897.619047619046,853.1454406237825,2026,1,5,3,SURPLUS
2026-01-30,Sulawesi Tenggara,Cabai Merah Keriting,28900.0,39937.878787878784,-11037.878787878784,-27.64,-1600.0,29478.571428571428,31761.363636363636,818.971480403494,2026,1,5,4,SURPLUS
2026-02-02,Sulawesi Tenggara,Cabai Merah Keriting,30750.0,40795.454545454544,-10045.454545454544,-24.62,1850.0,29778.571428571428,31717.391304347828,848.9489299800582,2026,2,6,0,SURPLUS
2026-02-03,Sulawesi Tenggara,Cabai Merah Keriting,30750.0,41516.666666666664,-10766.666666666664,-25.93,0.0,30078.571428571428,31677.083333333332,748.808577484447,2026,2,6,1,SURPLUS
2026-02-04,Sulawesi Tenggara,Cabai Merah Keriting,30750.0,42300.0,-11550.0,-27.3,0.0,30292.85714285714,31640.0,684.000835421372,2026,2,6,2,SURPLUS
2026-02-05,Sulawesi Tenggara,Cabai Merah Keriting,30750.0,42734.84848484849,-11984.848484848488,-28.04,0.0,30414.285714285714,31605.76923076923,678.0574494553504,2026,2,6,3,SURPLUS
2026-02-06,Sulawesi Tenggara,Cabai Merah Keriting,30750.0,42913.63636363636,-12163.63636363636,-28.34,0.0,30450.0,31574.074074074073,689.8067362191551,2026,2,6,4,SURPLUS
2026-02-09,Sulawesi Tenggara,Cabai Merah Keriting,32650.0,45203.030303030304,-12553.030303030304,-27.77,1900.0,30757.14285714286,31612.5,1082.6004847236093,2026,2,7,0,SURPLUS
2026-02-10,Sulawesi Tenggara,Cabai Merah Keriting,31400.0,45727.27272727273,-14327.272727272728,-31.33,-1250.0,31114.285714285714,31605.172413793105,719.209221827613,2026,2,7,1,SURPLUS
2026-02-11,Sulawesi Tenggara,Cabai Merah Keriting,31400.0,46425.757575757576,-15025.757575757576,-32.37,0.0,31207.14285714286,31598.333333333332,706.1802009334798,2026,2,7,2,SURPLUS
2026-02-12,Sulawesi Tenggara,Cabai Merah Keriting,33000.0,46254.545454545456,-13254.545454545456,-28.66,1600.0,31528.571428571428,31348.333333333332,937.5753937937931,2026,2,7,3,SURPLUS
2026-02-13,Sulawesi Tenggara,Cabai Merah Keriting,34900.0,46590.90909090909,-11690.909090909088,-25.09,1900.0,32121.428571428572,31181.666666666668,1504.1213223609682,2026,2,7,4,SURPLUS
2026-02-16,Sulawesi Tenggara,Cabai Merah Keriting,34900.0,46657.57575757576,-11757.57575757576,-25.2,0.0,32714.285714285714,31203.333333333332,1680.9506947246193,2026,2,8,0,SURPLUS
2026-02-17,Sulawesi Tenggara,Cabai Merah Keriting,34900.0,46695.454545454544,-11795.454545454544,-25.26,0.0,33307.142857142855,31245.0,1602.7134728922708,2026,2,8,1,SURPLUS
2026-02-18,Sulawesi Tenggara,Cabai Merah Keriting,43000.0,50175.757575757576,-7175.757575757576,-14.3,8100.0,34785.71428571428,31570.0,3950.2863066823134,2026,2,8,2,SURPLUS
2026-02-19,Sulawesi Tenggara,Cabai Merah Keriting,43000.0,50419.69696969697,-7419.696969696968,-14.72,0.0,36442.857142857145,31895.0,4662.208755106352,2026,2,8,3,SURPLUS
2026-02-20,Sulawesi Tenggara,Cabai Merah Keriting,41150.0,51990.90909090909,-10840.909090909088,-20.85,-1850.0,37835.71428571428,32186.666666666668,4350.54731094396,2026,2,8,4,SURPLUS
2026-02-23,Sulawesi Tenggara,Cabai Merah Keriting,39250.0,50343.93939393939,-11093.939393939392,-22.04,-1900.0,38728.57142857143,32440.0,3799.1070379385305,2026,2,9,0,SURPLUS
2026-02-24,Sulawesi Tenggara,Cabai Merah Keriting,40000.0,49315.15151515151,-9315.151515151512,-18.89,750.0,39457.142857142855,32718.333333333332,3411.7967616575447,2026,2,9,1,SURPLUS
2026-02-25,Sulawesi Tenggara,Cabai Merah Keriting,40000.0,47557.57575757576,-7557.57575757576,-15.89,0.0,40185.71428571428,33010.0,2758.4286417140297,2026,2,9,2,SURPLUS
2026-02-26,Sulawesi Tenggara,Cabai Merah Keriting,39400.0,46383.333333333336,-6983.333333333336,-15.06,-600.0,40828.57142857143,33281.666666666664,1604.12414909632,2026,2,9,3,SURPLUS
2026-02-27,Sulawesi Tenggara,Cabai Merah Keriting,38150.0,45580.30303030303,-7430.303030303032,-16.3,-1250.0,40135.71428571428,33511.666666666664,1556.6294479081948,2026,2,9,4,SURPLUS
2026-03-02,Sulawesi Tenggara,Cabai Merah Keriting,37500.0,44621.21212121212,-7121.21212121212,-15.96,-650.0,39350.0,33770.0,1222.0201853214635,2026,3,10,0,SURPLUS
2026-03-03,Sulawesi Tenggara,Cabai Merah Keriting,37500.0,44218.181818181816,-6718.181818181816,-15.19,0.0,38828.57142857143,34028.333333333336,1098.429614971947,2026,3,10,1,SURPLUS
2026-03-04,Sulawesi Tenggara,Cabai Merah Keriting,35650.0,44030.30303030303,-8380.303030303032,-19.03,-1850.0,38314.28571428572,34261.666666666664,1597.5800151359358,2026,3,10,2,SURPLUS
2026-03-05,Sulawesi Tenggara,Cabai Merah Keriting,35650.0,43909.09090909091,-8259.090909090912,-18.81,0.0,37692.857142857145,34495.0,1676.6605131004744,2026,3,10,3,SURPLUS
2026-03-06,Sulawesi Tenggara,Cabai Merah Keriting,34500.0,43951.51515151515,-9451.515151515152,-21.5,-1150.0,36907.142857142855,34690.0,1703.777316100039,2026,3,10,4,SURPLUS
2026-03-09,Sulawesi Tenggara,Cabai Merah Keriting,33900.0,43463.63636363636,-9563.63636363636,-22.0,-600.0,36121.42857142857,34845.0,1629.1248015568235,2026,3,11,0,SURPLUS
2026-03-10,Sulawesi Tenggara,Cabai Merah Keriting,33250.0,43716.666666666664,-10466.666666666664,-23.94,-650.0,35421.42857142857,34956.666666666664,1664.5462702232853,2026,3,11,1,SURPLUS
2026-03-11,Sulawesi Tenggara,Cabai Merah Keriting,33350.0,44330.30303030303,-10980.303030303032,-24.77,100.0,34828.57142857143,35051.666666666664,1534.8336345396754,2026,3,11,2,SURPLUS
2026-03-12,Sulawesi Tenggara,Cabai Merah Keriting,33200.0,45590.90909090909,-12390.909090909088,-27.18,-150.0,34214.28571428572,35141.666666666664,1080.7845474909618,2026,3,11,3,SURPLUS
2026-03-13,Sulawesi Tenggara,Cabai Merah Keriting,32600.0,47233.333333333336,-14633.333333333336,-30.98,-600.0,33778.57142857143,35265.0,1018.5189995188978,2026,3,11,4,SURPLUS
2026-03-16,Sulawesi Tenggara,Cabai Merah Keriting,41900.0,51990.90909090909,-10090.909090909088,-19.41,9300.0,34671.42857142857,35636.666666666664,3242.9226970508557,2026,3,12,0,SURPLUS
2026-03-17,Sulawesi Tenggara,Cabai Merah Keriting,43750.0,54706.06060606061,-10956.060606060608,-20.03,1850.0,35992.857142857145,36070.0,4712.8749692932,2026,3,12,1,SURPLUS
2026-03-18,Sulawesi Tenggara,Cabai Merah Keriting,43750.0,54866.666666666664,-11116.666666666664,-20.26,0.0,37400.0,36503.333333333336,5403.702434442503,2026,3,12,2,SURPLUS
2026-03-19,Sulawesi Tenggara,Cabai Merah Keriting,43750.0,54840.90909090909,-11090.909090909088,-20.22,0.0,38900.0,36936.666666666664,5515.886148208622,2026,3,12,3,SURPLUS
2026-03-20,Sulawesi Tenggara,Cabai Merah Keriting,43750.0,54828.78787878788,-11078.78787878788,-20.21,0.0,40385.71428571428,37370.0,5161.049173513873,2026,3,12,4,SURPLUS
2026-03-23,Sulawesi Tenggara,Cabai Merah Keriting,43750.0,54781.818181818184,-11031.818181818184,-20.14,0.0,41892.857142857145,37740.0,4155.360851902441,2026,3,13,0,SURPLUS
2026-03-24,Sulawesi Tenggara,Cabai Merah Keriting,43750.0,54672.72727272727,-10922.727272727272,-19.98,0.0,43485.71428571428,38151.666666666664,699.2342750667021,2026,3,13,1,SURPLUS
2026-03-25,Sulawesi Tenggara,Cabai Merah Keriting,44400.0,53190.90909090909,-8790.909090909088,-16.53,650.0,43842.857142857145,38585.0,245.67690745599722,2026,3,13,2,SURPLUS
2026-03-26,Sulawesi Tenggara,Cabai Merah Keriting,43150.0,51804.545454545456,-8654.545454545456,-16.71,-1250.0,43757.142857142855,38923.333333333336,361.0500558885754,2026,3,13,3,SURPLUS
2026-03-27,Sulawesi Tenggara,Cabai Merah Keriting,42650.0,50731.818181818184,-8081.818181818184,-15.93,-500.0,43600.0,39181.666666666664,553.0220007679051,2026,3,13,4,SURPLUS
2026-03-30,Sulawesi Tenggara,Cabai Merah Keriting,41900.0,46140.90909090909,-4240.909090909088,-9.19,-750.0,43335.71428571428,39415.0,838.0106829640725,2026,3,14,0,SURPLUS
2026-03-31,Sulawesi Tenggara,Cabai Merah Keriting,41250.0,45778.78787878788,-4528.78787878788,-9.89,-650.0,42978.57142857143,39626.666666666664,1117.9807477684772,2026,3,14,1,SURPLUS
2026-04-01,Sulawesi Tenggara,Cabai Merah Keriting,38750.0,45198.48484848485,-6448.484848484848,-14.27,-2500.0,42264.28571428572,39485.0,1880.317855601881,2026,4,14,2,SURPLUS
2026-04-02,Sulawesi Tenggara,Cabai Merah Keriting,37500.0,44396.969696969696,-6896.969696969696,-15.53,-1250.0,41371.42857142857,39301.666666666664,2453.7143855213285,2026,4,14,3,SURPLUS
2026-04-03,Sulawesi Tenggara,Cabai Merah Keriting,37500.0,44231.818181818184,-6731.818181818184,-15.22,0.0,40385.71428571428,39180.0,2420.005903180528,2026,4,14,4,SURPLUS
2026-04-06,Sulawesi Tenggara,Cabai Merah Keriting,37500.0,44618.181818181816,-7118.181818181816,-15.95,0.0,39578.57142857143,39121.666666666664,2282.698903866721,2026,4,15,0,SURPLUS
2026-04-07,Sulawesi Tenggara,Cabai Merah Keriting,36250.0,44696.969696969696,-8446.969696969696,-18.9,-1250.0,38664.28571428572,38996.666666666664,2123.620000085222,2026,4,15,1,SURPLUS
2026-04-08,Sulawesi Tenggara,Cabai Merah Keriting,36250.0,44775.757575757576,-8525.757575757576,-19.04,0.0,37857.142857142855,38871.666666666664,1725.1638983559014,2026,4,15,2,SURPLUS
2026-04-09,Sulawesi Tenggara,Cabai Merah Keriting,36250.0,45248.48484848485,-8998.484848484848,-19.89,0.0,37142.857142857145,38766.666666666664,944.9111825230949,2026,4,15,3,SURPLUS
2026-04-10,Sulawesi Tenggara,Cabai Merah Keriting,35650.0,44931.818181818184,-9281.818181818184,-20.66,-600.0,36700.0,38683.333333333336,777.8174593052307,2026,4,15,4,SURPLUS
2026-04-13,Sulawesi Tenggara,Cabai Merah Keriting,35650.0,44707.57575757576,-9057.57575757576,-20.26,0.0,36435.71428571428,38621.666666666664,774.980798533278,2026,4,16,0,SURPLUS
2026-01-01,Sulawesi Utara,Cabai Merah Keriting,23400.0,49296.969696969696,-25896.969696969696,-52.53,,23400.0,23400.0,,2026,1,1,3,SURPLUS
2026-01-02,Sulawesi Utara,Cabai Merah Keriting,20650.0,49380.30303030303,-28730.303030303032,-58.18,-2750.0,22025.0,22025.0,1944.5436482630057,2026,1,1,4,SURPLUS
2026-01-05,Sulawesi Utara,Cabai Merah Keriting,20650.0,48063.63636363636,-27413.63636363636,-57.04,0.0,21566.666666666668,21566.666666666668,1587.713240271471,2026,1,2,0,SURPLUS
2026-01-06,Sulawesi Utara,Cabai Merah Keriting,20650.0,47307.57575757576,-26657.57575757576,-56.35,0.0,21337.5,21337.5,1375.0000000000002,2026,1,2,1,SURPLUS
2026-01-07,Sulawesi Utara,Cabai Merah Keriting,20000.0,46007.57575757576,-26007.57575757576,-56.53,-650.0,21070.0,21070.0,1332.5726997053484,2026,1,2,2,SURPLUS
2026-01-08,Sulawesi Utara,Cabai Merah Keriting,17500.0,44760.606060606064,-27260.606060606064,-60.9,-2500.0,20475.0,20475.0,1882.7506473242813,2026,1,2,3,SURPLUS
2026-01-09,Sulawesi Utara,Cabai Merah Keriting,17500.0,43928.78787878788,-26428.78787878788,-60.16,0.0,20050.0,20050.0,2053.8581580365603,2026,1,2,4,SURPLUS
2026-01-12,Sulawesi Utara,Cabai Merah Keriting,17750.0,42260.606060606064,-24510.606060606064,-58.0,250.0,19242.85714285714,19762.5,1571.4718608755968,2026,1,3,0,SURPLUS
2026-01-13,Sulawesi Utara,Cabai Merah Keriting,14650.0,41421.21212121212,-26771.21212121212,-64.63,-3100.0,18385.714285714286,19194.444444444445,2190.4554864445986,2026,1,3,1,SURPLUS
2026-01-14,Sulawesi Utara,Cabai Merah Keriting,13650.0,41259.09090909091,-27609.09090909091,-66.92,-1000.0,17385.714285714286,18640.0,2552.403162661007,2026,1,3,2,SURPLUS
2026-01-15,Sulawesi Utara,Cabai Merah Keriting,13650.0,40803.030303030304,-27153.030303030304,-66.55,0.0,16385.714285714286,18186.363636363636,2428.599439614373,2026,1,3,3,SURPLUS
2026-01-16,Sulawesi Utara,Cabai Merah Keriting,13650.0,40739.393939393936,-27089.393939393936,-66.49,0.0,15478.57142857143,17808.333333333332,2002.052518220812,2026,1,3,4,SURPLUS
2026-01-19,Sulawesi Utara,Cabai Merah Keriting,14250.0,40203.030303030304,-25953.030303030304,-64.55,600.0,15014.285714285714,17534.615384615383,1824.0783713321957,2026,1,4,0,SURPLUS
2026-01-20,Sulawesi Utara,Cabai Merah Keriting,15000.0,39850.0,-24850.0,-62.36,750.0,14657.142857142857,17353.571428571428,1465.8412179327227,2026,1,4,1,SURPLUS
2026-01-21,Sulawesi Utara,Cabai Merah Keriting,14500.0,39424.242424242424,-24924.242424242424,-63.22,-500.0,14192.857142857143,17163.333333333332,554.097292471117,2026,1,4,2,SURPLUS
2026-01-22,Sulawesi Utara,Cabai Merah Keriting,13650.0,39283.333333333336,-25633.333333333336,-65.25,-850.0,14050.0,16943.75,545.435605731798,2026,1,4,3,SURPLUS
2026-01-23,Sulawesi Utara,Cabai Merah Keriting,13400.0,39050.0,-25650.0,-65.69,-250.0,14014.285714285714,16735.29411764706,582.8909887465393,2026,1,4,4,SURPLUS
2026-01-26,Sulawesi Utara,Cabai Merah Keriting,13650.0,39381.818181818184,-25731.818181818184,-65.34,250.0,14014.285714285714,16563.88888888889,582.8909887465393,2026,1,5,0,SURPLUS
2026-01-27,Sulawesi Utara,Cabai Merah Keriting,13250.0,39468.181818181816,-26218.181818181816,-66.43,-400.0,13957.142857142857,16389.473684210527,641.2413556458207,2026,1,5,1,SURPLUS
2026-01-28,Sulawesi Utara,Cabai Merah Keriting,13250.0,39837.878787878784,-26587.878787878784,-66.74,0.0,13814.285714285714,16232.5,675.5949758757725,2026,1,5,2,SURPLUS
2026-01-29,Sulawesi Utara,Cabai Merah Keriting,13250.0,39934.84848484849,-26684.848484848488,-66.82,0.0,13564.285714285714,16090.47619047619,449.73537192655834,2026,1,5,3,SURPLUS
2026-01-30,Sulawesi Utara,Cabai Merah Keriting,13650.0,39937.878787878784,-26287.878787878784,-65.82,400.0,13442.857142857143,15979.545454545454,200.8908730061132,2026,1,5,4,SURPLUS
2026-02-02,Sulawesi Utara,Cabai Merah Keriting,13750.0,40795.454545454544,-27045.454545454544,-66.3,100.0,13457.142857142857,15882.608695652174,220.6591856018951,2026,2,6,0,SURPLUS
2026-02-03,Sulawesi Utara,Cabai Merah Keriting,15750.0,41516.666666666664,-25766.666666666664,-62.06,2000.0,13792.857142857143,15877.083333333334,890.4252595570039,2026,2,6,1,SURPLUS
2026-02-04,Sulawesi Utara,Cabai Merah Keriting,15900.0,42300.0,-26400.0,-62.41,150.0,14114.285714285714,15878.0,1186.9829701510403,2026,2,6,2,SURPLUS
2026-02-05,Sulawesi Utara,Cabai Merah Keriting,15250.0,42734.84848484849,-27484.848484848488,-64.31,-650.0,14400.0,15853.846153846154,1184.975386523568,2026,2,6,3,SURPLUS
2026-02-06,Sulawesi Utara,Cabai Merah Keriting,15250.0,42913.63636363636,-27663.63636363636,-64.46,0.0,14685.714285714286,15831.481481481482,1099.5128791553934,2026,2,6,4,SURPLUS
2026-02-09,Sulawesi Utara,Cabai Merah Keriting,15500.0,45203.030303030304,-29703.030303030304,-65.71,250.0,15007.142857142857,15819.642857142857,924.8552010218434,2026,2,7,0,SURPLUS
2026-02-10,Sulawesi Utara,Cabai Merah Keriting,16500.0,45727.27272727273,-29227.272727272728,-63.92,1000.0,15414.285714285714,15843.103448275862,852.3077914864932,2026,2,7,1,SURPLUS
2026-02-11,Sulawesi Utara,Cabai Merah Keriting,16900.0,46425.757575757576,-29525.757575757576,-63.6,400.0,15864.285714285714,15878.333333333334,629.6257391725534,2026,2,7,2,SURPLUS
2026-02-12,Sulawesi Utara,Cabai Merah Keriting,17900.0,46254.545454545456,-28354.545454545456,-61.3,1000.0,16171.42857142857,15695.0,987.3605989611727,2026,2,7,3,SURPLUS
2026-02-13,Sulawesi Utara,Cabai Merah Keriting,18500.0,46590.90909090909,-28090.90909090909,-60.29,600.0,16542.85714285714,15623.333333333334,1305.8932356273071,2026,2,7,4,SURPLUS
2026-02-16,Sulawesi Utara,Cabai Merah Keriting,18500.0,46657.57575757576,-28157.57575757576,-60.35,0.0,17007.14285714286,15551.666666666666,1346.733260965397,2026,2,8,0,SURPLUS
2026-02-17,Sulawesi Utara,Cabai Merah Keriting,18500.0,46695.454545454544,-28195.454545454544,-60.38,0.0,17471.428571428572,15480.0,1191.2378515844928,2026,2,8,1,SURPLUS
2026-02-18,Sulawesi Utara,Cabai Merah Keriting,24750.0,50175.757575757576,-25425.757575757576,-50.67,6250.0,18792.85714285714,15638.333333333334,2750.216441698817,2026,2,8,2,SURPLUS
2026-02-19,Sulawesi Utara,Cabai Merah Keriting,24750.0,50419.69696969697,-25669.696969696968,-50.91,0.0,19971.428571428572,15880.0,3313.8418216697737,2026,2,8,3,SURPLUS
2026-02-20,Sulawesi Utara,Cabai Merah Keriting,27900.0,51990.90909090909,-24090.90909090909,-46.34,3150.0,21542.85714285714,16226.666666666666,4123.755223441028,2026,2,8,4,SURPLUS
2026-02-23,Sulawesi Utara,Cabai Merah Keriting,26650.0,50343.93939393939,-23693.939393939392,-47.06,-1250.0,22792.85714285714,16523.333333333332,4161.472953517438,2026,2,9,0,SURPLUS
2026-02-24,Sulawesi Utara,Cabai Merah Keriting,25400.0,49315.15151515151,-23915.151515151512,-48.49,-1250.0,23778.571428571428,16881.666666666668,3774.349518223543,2026,2,9,1,SURPLUS
2026-02-25,Sulawesi Utara,Cabai Merah Keriting,25000.0,47557.57575757576,-22557.57575757576,-47.43,-400.0,24707.14285714286,17260.0,2973.9744130580225,2026,2,9,2,SURPLUS
2026-02-26,Sulawesi Utara,Cabai Merah Keriting,23750.0,46383.333333333336,-22633.333333333336,-48.8,-1250.0,25457.14285714286,17596.666666666668,1385.4688049623517,2026,2,9,3,SURPLUS
2026-02-27,Sulawesi Utara,Cabai Merah Keriting,24250.0,45580.30303030303,-21330.303030303032,-46.8,500.0,25385.714285714286,17950.0,1439.8247247825811,2026,2,9,4,SURPLUS
2026-03-02,Sulawesi Utara,Cabai Merah Keriting,25900.0,44621.21212121212,-18721.21212121212,-41.96,1650.0,25550.0,18338.333333333332,1420.6805880750712,2026,3,10,0,SURPLUS
2026-03-03,Sulawesi Utara,Cabai Merah Keriting,26650.0,44218.181818181816,-17568.181818181816,-39.73,750.0,25371.428571428572,18726.666666666668,1123.5572759681413,2026,3,10,1,SURPLUS
2026-03-04,Sulawesi Utara,Cabai Merah Keriting,27500.0,44030.30303030303,-16530.303030303032,-37.54,850.0,25492.85714285714,19160.0,1314.479799333996,2026,3,10,2,SURPLUS
2026-03-05,Sulawesi Utara,Cabai Merah Keriting,28150.0,43909.09090909091,-15759.090909090912,-35.89,650.0,25885.714285714286,19643.333333333332,1650.1803653223005,2026,3,10,3,SURPLUS
2026-03-06,Sulawesi Utara,Cabai Merah Keriting,27900.0,43951.51515151515,-16051.515151515152,-36.52,-250.0,26300.0,20126.666666666668,1751.6658737708342,2026,3,10,4,SURPLUS
2026-03-09,Sulawesi Utara,Cabai Merah Keriting,26900.0,43463.63636363636,-16563.63636363636,-38.11,-1000.0,26750.0,20568.333333333332,1344.742850262958,2026,3,11,0,SURPLUS
2026-03-10,Sulawesi Utara,Cabai Merah Keriting,26900.0,43716.666666666664,-16816.666666666664,-38.47,0.0,27128.571428571428,21023.333333333332,776.6687103999354,2026,3,11,1,SURPLUS
2026-03-11,Sulawesi Utara,Cabai Merah Keriting,25500.0,44330.30303030303,-18830.303030303032,-42.48,-1400.0,27071.428571428572,21431.666666666668,888.752469690501,2026,3,11,2,SURPLUS
2026-03-12,Sulawesi Utara,Cabai Merah Keriting,26150.0,45590.90909090909,-19440.90909090909,-42.64,650.0,27000.0,21861.666666666668,946.4847243000519,2026,3,11,3,SURPLUS
2026-03-13,Sulawesi Utara,Cabai Merah Keriting,25500.0,47233.333333333336,-21733.333333333336,-46.01,-650.0,26714.285714285714,22256.666666666668,1064.8608225625462,2026,3,11,4,SURPLUS
2026-03-16,Sulawesi Utara,Cabai Merah Keriting,29000.0,51990.90909090909,-22990.90909090909,-44.22,3500.0,26835.714285714286,22765.0,1282.1577794595257,2026,3,12,0,SURPLUS
2026-03-17,Sulawesi Utara,Cabai Merah Keriting,28400.0,54706.06060606061,-26306.060606060608,-48.09,-600.0,26907.14285714286,23186.666666666668,1362.726608503635,2026,3,12,1,SURPLUS
2026-03-18,Sulawesi Utara,Cabai Merah Keriting,28400.0,54866.666666666664,-26466.666666666664,-48.24,0.0,27121.428571428572,23603.333333333332,1474.7477589001319,2026,3,12,2,SURPLUS
2026-03-19,Sulawesi Utara,Cabai Merah Keriting,28400.0,54840.90909090909,-26440.90909090909,-48.21,0.0,27335.714285714286,24041.666666666668,1544.5372245741592,2026,3,12,3,SURPLUS
2026-03-20,Sulawesi Utara,Cabai Merah Keriting,28400.0,54828.78787878788,-26428.78787878788,-48.2,0.0,27750.0,24480.0,1346.2912017836288,2026,3,12,4,SURPLUS
2026-03-23,Sulawesi Utara,Cabai Merah Keriting,28400.0,54781.818181818184,-26381.818181818184,-48.16,0.0,28071.428571428572,24910.0,1155.7310611531962,2026,3,13,0,SURPLUS
2026-03-24,Sulawesi Utara,Cabai Merah Keriting,28400.0,54672.72727272727,-26272.727272727272,-48.05,0.0,28485.714285714286,25306.666666666668,226.77868380555074,2026,3,13,1,SURPLUS
2026-03-25,Sulawesi Utara,Cabai Merah Keriting,29500.0,53190.90909090909,-23690.90909090909,-44.54,1100.0,28557.14285714286,25726.666666666668,415.76092031014963,2026,3,13,2,SURPLUS
2026-03-26,Sulawesi Utara,Cabai Merah Keriting,29500.0,51804.545454545456,-22304.545454545456,-43.06,0.0,28714.285714285714,26113.333333333332,536.7450401216921,2026,3,13,3,SURPLUS
2026-03-27,Sulawesi Utara,Cabai Merah Keriting,31500.0,50731.818181818184,-19231.818181818184,-37.91,2000.0,29157.14285714286,26546.666666666668,1155.9370554621348,2026,3,13,4,SURPLUS
2026-03-30,Sulawesi Utara,Cabai Merah Keriting,33650.0,46140.90909090909,-12490.909090909088,-27.07,2150.0,29907.14285714286,27051.666666666668,1987.131217657873,2026,3,14,0,SURPLUS
2026-03-31,Sulawesi Utara,Cabai Merah Keriting,33750.0,45778.78787878788,-12028.78787878788,-26.28,100.0,30671.428571428572,27560.0,2312.980966713935,2026,3,14,1,SURPLUS
2026-04-01,Sulawesi Utara,Cabai Merah Keriting,34400.0,45198.48484848485,-10798.484848484848,-23.89,650.0,31528.571428571428,27881.666666666668,2439.237781025236,2026,4,14,2,SURPLUS
2026-04-02,Sulawesi Utara,Cabai Merah Keriting,35000.0,44396.969696969696,-9396.969696969696,-21.17,600.0,32471.428571428572,28223.333333333332,2299.9741199372015,2026,4,14,3,SURPLUS
2026-04-03,Sulawesi Utara,Cabai Merah Keriting,35000.0,44231.818181818184,-9231.818181818184,-20.87,0.0,33257.142857142855,28460.0,2040.5123072871725,2026,4,14,4,SURPLUS
2026-04-06,Sulawesi Utara,Cabai Merah Keriting,38150.0,44618.181818181816,-6468.181818181816,-14.5,3150.0,34492.857142857145,28843.333333333332,2004.8750109479968,2026,4,15,0,SURPLUS
2026-04-07,Sulawesi Utara,Cabai Merah Keriting,37000.0,44696.969696969696,-7696.969696969696,-17.22,-1150.0,35278.57142857143,29230.0,1689.3926775760335,2026,4,15,1,SURPLUS
2026-04-08,Sulawesi Utara,Cabai Merah Keriting,35150.0,44775.757575757576,-9625.757575757576,-21.5,-1850.0,35492.857142857145,29568.333333333332,1536.616567719602,2026,4,15,2,SURPLUS
2026-04-09,Sulawesi Utara,Cabai Merah Keriting,33150.0,45248.48484848485,-12098.484848484848,-26.74,-2000.0,35407.142857142855,29881.666666666668,1661.6830251857214,2026,4,15,3,SURPLUS
2026-04-10,Sulawesi Utara,Cabai Merah Keriting,31900.0,44931.818181818184,-13031.818181818184,-29.0,-1250.0,35050.0,30136.666666666668,2119.748412744596,2026,4,15,4,SURPLUS
2026-04-13,Sulawesi Utara,Cabai Merah Keriting,31900.0,44707.57575757576,-12807.57575757576,-28.65,0.0,34607.142857142855,30336.666666666668,2432.6646178330975,2026,4,16,0,SURPLUS
2026-01-01,Sumatera Barat,Cabai Merah Keriting,51000.0,49296.969696969696,1703.030303030304,3.45,,51000.0,51000.0,,2026,1,1,3,NORMAL
2026-01-02,Sumatera Barat,Cabai Merah Keriting,49250.0,49380.30303030303,-130.30303030303185,-0.26,-1750.0,50125.0,50125.0,1237.4368670764582,2026,1,1,4,NORMAL
2026-01-05,Sumatera Barat,Cabai Merah Keriting,55250.0,48063.63636363636,7186.36363636364,14.95,6000.0,51833.333333333336,51833.333333333336,3085.584763595602,2026,1,2,0,DEFISIT
2026-01-06,Sumatera Barat,Cabai Merah Keriting,52500.0,47307.57575757576,5192.42424242424,10.98,-2750.0,52000.0,52000.0,2541.325113662817,2026,1,2,1,DEFISIT
2026-01-07,Sumatera Barat,Cabai Merah Keriting,46750.0,46007.57575757576,742.4242424242402,1.61,-5750.0,50950.0,50950.0,3218.112801006204,2026,1,2,2,NORMAL
2026-01-08,Sumatera Barat,Cabai Merah Keriting,45750.0,44760.606060606064,989.3939393939363,2.21,-1000.0,50083.333333333336,50083.333333333336,3576.5439556458223,2026,1,2,3,NORMAL
2026-01-09,Sumatera Barat,Cabai Merah Keriting,44750.0,43928.78787878788,821.2121212121201,1.87,-1000.0,49321.42857142857,49321.42857142857,3837.0840863492017,2026,1,2,4,NORMAL
2026-01-12,Sumatera Barat,Cabai Merah Keriting,43400.0,42260.606060606064,1139.3939393939363,2.7,-1350.0,48235.71428571428,48581.25,4326.9229141229125,2026,1,3,0,NORMAL
2026-01-13,Sumatera Barat,Cabai Merah Keriting,42000.0,41421.21212121212,578.7878787878799,1.4,-1400.0,47200.0,47850.0,4876.474136094646,2026,1,3,1,NORMAL
2026-01-14,Sumatera Barat,Cabai Merah Keriting,42400.0,41259.09090909091,1140.9090909090883,2.77,400.0,45364.28571428572,47305.0,3589.999336782014,2026,1,3,2,NORMAL
2026-01-15,Sumatera Barat,Cabai Merah Keriting,42250.0,40803.030303030304,1446.969696969696,3.55,-150.0,43900.0,46845.454545454544,1875.2777572047207,2026,1,3,3,NORMAL
2026-01-16,Sumatera Barat,Cabai Merah Keriting,42250.0,40739.393939393936,1510.6060606060637,3.71,0.0,43257.142857142855,46462.5,1461.0009615068464,2026,1,3,4,NORMAL
2026-01-19,Sumatera Barat,Cabai Merah Keriting,40000.0,40203.030303030304,-203.0303030303039,-0.51,-2250.0,42435.71428571428,45965.38461538462,1442.1379631512536,2026,1,4,0,NORMAL
2026-01-20,Sumatera Barat,Cabai Merah Keriting,39150.0,39850.0,-700.0,-1.76,-850.0,41635.71428571428,45478.57142857143,1496.5834105595547,2026,1,4,1,NORMAL
2026-01-21,Sumatera Barat,Cabai Merah Keriting,38750.0,39424.242424242424,-674.242424242424,-1.71,-400.0,40971.42857142857,45030.0,1610.6047370623864,2026,1,4,2,NORMAL
2026-01-22,Sumatera Barat,Cabai Merah Keriting,39250.0,39283.333333333336,-33.33333333333576,-0.08,500.0,40578.57142857143,44668.75,1652.7394286601275,2026,1,4,3,NORMAL
2026-01-23,Sumatera Barat,Cabai Merah Keriting,36750.0,39050.0,-2300.0,-5.89,-2500.0,39771.42857142857,44202.94117647059,1965.0820896460832,2026,1,4,4,SURPLUS
2026-01-26,Sumatera Barat,Cabai Merah Keriting,38150.0,39381.818181818184,-1231.8181818181838,-3.13,1400.0,39185.71428571428,43866.666666666664,1695.7580128353954,2026,1,5,0,NORMAL
2026-01-27,Sumatera Barat,Cabai Merah Keriting,38750.0,39468.181818181816,-718.1818181818162,-1.82,600.0,38685.71428571428,43597.36842105263,1024.9854818949693,2026,1,5,1,NORMAL
2026-01-28,Sumatera Barat,Cabai Merah Keriting,39150.0,39837.878787878784,-687.8787878787844,-1.73,400.0,38564.28571428572,43375.0,883.9844859661277,2026,1,5,2,NORMAL
2026-01-29,Sumatera Barat,Cabai Merah Keriting,39250.0,39934.84848484849,-684.8484848484877,-1.71,100.0,38578.57142857143,43178.57142857143,895.757194992694,2026,1,5,3,NORMAL
2026-01-30,Sumatera Barat,Cabai Merah Keriting,42250.0,39937.878787878784,2312.1212121212156,5.79,3000.0,39078.57142857143,43136.36363636364,1659.0301240125702,2026,1,5,4,DEFISIT
2026-02-02,Sumatera Barat,Cabai Merah Keriting,48150.0,40795.454545454544,7354.545454545456,18.03,5900.0,40350.0,43354.34782608696,3817.940107789387,2026,2,6,0,DEFISIT
2026-02-03,Sumatera Barat,Cabai Merah Keriting,49000.0,41516.666666666664,7483.333333333336,18.02,850.0,42100.0,43589.583333333336,4616.7268347463205,2026,2,6,1,DEFISIT
2026-02-04,Sumatera Barat,Cabai Merah Keriting,52750.0,42300.0,10450.0,24.7,3750.0,44185.71428571428,43956.0,5704.582535537719,2026,2,6,2,DEFISIT
2026-02-05,Sumatera Barat,Cabai Merah Keriting,52400.0,42734.84848484849,9665.151515151512,22.62,-350.0,46135.71428571428,44280.769230769234,5867.474917267385,2026,2,6,3,DEFISIT
2026-02-06,Sumatera Barat,Cabai Merah Keriting,52000.0,42913.63636363636,9086.36363636364,21.17,-400.0,47971.42857142857,44566.666666666664,5300.3818370988665,2026,2,6,4,DEFISIT
2026-02-09,Sumatera Barat,Cabai Merah Keriting,51750.0,45203.030303030304,6546.969696969696,14.48,-250.0,49757.142857142855,44823.21428571428,3751.824952765035,2026,2,7,0,DEFISIT
2026-02-10,Sumatera Barat,Cabai Merah Keriting,53900.0,45727.27272727273,8172.727272727272,17.87,2150.0,51421.42857142857,45136.206896551725,2076.6273022333066,2026,2,7,1,DEFISIT
2026-02-11,Sumatera Barat,Cabai Merah Keriting,52400.0,46425.757575757576,5974.242424242424,12.87,-1500.0,52028.57142857143,45378.333333333336,1502.735600734238,2026,2,7,2,DEFISIT
2026-02-12,Sumatera Barat,Cabai Merah Keriting,52000.0,46254.545454545456,5745.454545454544,12.42,-400.0,52457.142857142855,45411.666666666664,717.8837948142684,2026,2,7,3,DEFISIT
2026-02-13,Sumatera Barat,Cabai Merah Keriting,52000.0,46590.90909090909,5409.090909090912,11.61,0.0,52350.0,45503.333333333336,722.8416147399064,2026,2,7,4,DEFISIT
2026-02-16,Sumatera Barat,Cabai Merah Keriting,52000.0,46657.57575757576,5342.42424242424,11.45,0.0,52292.857142857145,45395.0,733.9553638950216,2026,2,8,0,DEFISIT
2026-02-17,Sumatera Barat,Cabai Merah Keriting,52000.0,46695.454545454544,5304.545454545456,11.36,0.0,52292.857142857145,45378.333333333336,733.9553638950216,2026,2,8,1,DEFISIT
2026-02-18,Sumatera Barat,Cabai Merah Keriting,54500.0,50175.757575757576,4324.242424242424,8.62,2500.0,52685.71428571428,45636.666666666664,1058.9752458997125,2026,2,8,2,DEFISIT
2026-02-19,Sumatera Barat,Cabai Merah Keriting,53650.0,50419.69696969697,3230.303030303032,6.41,-850.0,52650.0,45900.0,1014.4785195687749,2026,2,8,3,DEFISIT
2026-02-20,Sumatera Barat,Cabai Merah Keriting,54750.0,51990.90909090909,2759.0909090909117,5.31,1100.0,52985.71428571428,46233.333333333336,1273.6804563004364,2026,2,8,4,DEFISIT
2026-02-23,Sumatera Barat,Cabai Merah Keriting,52000.0,50343.93939393939,1656.0606060606078,3.29,-2750.0,52985.71428571428,46520.0,1273.6804563004364,2026,2,9,0,NORMAL
2026-02-24,Sumatera Barat,Cabai Merah Keriting,51150.0,49315.15151515151,1834.8484848484877,3.72,-850.0,52864.28571428572,46825.0,1415.8961490030576,2026,2,9,1,NORMAL
2026-02-25,Sumatera Barat,Cabai Merah Keriting,43500.0,47557.57575757576,-4057.57575757576,-8.53,-7650.0,51650.0,46861.666666666664,3843.826218756486,2026,2,9,2,SURPLUS
2026-02-26,Sumatera Barat,Cabai Merah Keriting,41500.0,46383.333333333336,-4883.333333333336,-10.53,-2000.0,50150.0,46836.666666666664,5412.947441089723,2026,2,9,3,SURPLUS
2026-02-27,Sumatera Barat,Cabai Merah Keriting,41500.0,45580.30303030303,-4080.303030303032,-8.95,0.0,48292.857142857145,46811.666666666664,5881.569275529867,2026,2,9,4,SURPLUS
2026-03-02,Sumatera Barat,Cabai Merah Keriting,42900.0,44621.21212121212,-1721.21212121212,-3.86,1400.0,46757.142857142855,46908.333333333336,5648.482729269598,2026,3,10,0,NORMAL
2026-03-03,Sumatera Barat,Cabai Merah Keriting,40900.0,44218.181818181816,-3318.181818181816,-7.5,-2000.0,44778.57142857143,46966.666666666664,4733.731539252523,2026,3,10,1,SURPLUS
2026-03-04,Sumatera Barat,Cabai Merah Keriting,40500.0,44030.30303030303,-3530.303030303032,-8.02,-400.0,43135.71428571428,47025.0,3690.3832553582215,2026,3,10,2,SURPLUS
2026-03-05,Sumatera Barat,Cabai Merah Keriting,40500.0,43909.09090909091,-3409.0909090909117,-7.76,0.0,41614.28571428572,47066.666666666664,1171.0800875381415,2026,3,10,3,SURPLUS
2026-03-06,Sumatera Barat,Cabai Merah Keriting,40500.0,43951.51515151515,-3451.515151515152,-7.85,0.0,41185.71428571428,47191.666666666664,878.3100656535491,2026,3,10,4,SURPLUS
2026-03-09,Sumatera Barat,Cabai Merah Keriting,40000.0,43463.63636363636,-3463.6363636363603,-7.97,-500.0,40971.42857142857,47253.333333333336,967.3232581273201,2026,3,11,0,SURPLUS
2026-03-10,Sumatera Barat,Cabai Merah Keriting,40750.0,43716.666666666664,-2966.6666666666642,-6.79,750.0,40864.28571428572,47320.0,940.1747557918892,2026,3,11,1,SURPLUS
2026-03-11,Sumatera Barat,Cabai Merah Keriting,40750.0,44330.30303030303,-3580.303030303032,-8.08,0.0,40557.142857142855,47373.333333333336,292.15944765984597,2026,3,11,2,SURPLUS
2026-03-12,Sumatera Barat,Cabai Merah Keriting,45000.0,45590.90909090909,-590.9090909090883,-1.3,4250.0,41142.857142857145,47565.0,1719.1152209368993,2026,3,11,3,NORMAL
2026-03-13,Sumatera Barat,Cabai Merah Keriting,45750.0,47233.333333333336,-1483.3333333333358,-3.14,750.0,41892.857142857145,47681.666666666664,2401.63634692202,2026,3,11,4,NORMAL
2026-03-16,Sumatera Barat,Cabai Merah Keriting,47150.0,51990.90909090909,-4840.909090909088,-9.31,1400.0,42842.857142857145,47648.333333333336,2999.6428358817943,2026,3,12,0,SURPLUS
2026-03-17,Sumatera Barat,Cabai Merah Keriting,46750.0,54706.06060606061,-7956.060606060608,-14.54,-400.0,43735.71428571428,47573.333333333336,3114.0426947557667,2026,3,12,1,SURPLUS
2026-03-18,Sumatera Barat,Cabai Merah Keriting,46750.0,54866.666666666664,-8116.666666666664,-14.79,0.0,44700.0,47373.333333333336,2792.997195367945,2026,3,12,2,SURPLUS
2026-03-19,Sumatera Barat,Cabai Merah Keriting,46750.0,54840.90909090909,-8090.909090909088,-14.75,0.0,45557.142857142855,47185.0,2245.8162160315705,2026,3,12,3,SURPLUS
2026-03-20,Sumatera Barat,Cabai Merah Keriting,47150.0,54828.78787878788,-7678.78787878788,-14.01,400.0,46471.42857142857,47023.333333333336,799.9255917776629,2026,3,12,4,SURPLUS
2026-03-23,Sumatera Barat,Cabai Merah Keriting,46750.0,54781.818181818184,-8031.818181818184,-14.66,-400.0,46721.42857142857,46856.666666666664,468.02523334486483,2026,3,13,0,SURPLUS
2026-03-24,Sumatera Barat,Cabai Merah Keriting,46750.0,54672.72727272727,-7922.727272727272,-14.49,0.0,46864.28571428572,46618.333333333336,195.18001458944508,2026,3,13,1,SURPLUS
2026-03-25,Sumatera Barat,Cabai Merah Keriting,46250.0,53190.90909090909,-6940.909090909088,-13.05,-500.0,46735.71428571428,46413.333333333336,260.9506430249505,2026,3,13,2,SURPLUS
2026-03-26,Sumatera Barat,Cabai Merah Keriting,44400.0,51804.545454545456,-7404.545454545456,-14.29,-1850.0,46400.0,46160.0,919.6919774213679,2026,3,13,3,SURPLUS
2026-03-27,Sumatera Barat,Cabai Merah Keriting,40250.0,50731.818181818184,-10481.818181818184,-20.66,-4150.0,45471.42857142857,45768.333333333336,2474.5129390880466,2026,3,13,4,SURPLUS
2026-03-30,Sumatera Barat,Cabai Merah Keriting,37400.0,46140.90909090909,-8740.909090909088,-18.94,-2850.0,44135.71428571428,45281.666666666664,3824.560354440987,2026,3,14,0,SURPLUS
2026-03-31,Sumatera Barat,Cabai Merah Keriting,36750.0,45778.78787878788,-9028.78787878788,-19.72,-650.0,42650.0,44773.333333333336,4430.481538914987,2026,3,14,1,SURPLUS
2026-04-01,Sumatera Barat,Cabai Merah Keriting,34400.0,45198.48484848485,-10798.484848484848,-23.89,-2350.0,40885.71428571428,44103.333333333336,4953.762398900629,2026,4,14,2,SURPLUS
2026-04-02,Sumatera Barat,Cabai Merah Keriting,32400.0,44396.969696969696,-11996.969696969696,-27.02,-2000.0,38835.71428571428,43395.0,5089.835809869345,2026,4,14,3,SURPLUS
2026-04-03,Sumatera Barat,Cabai Merah Keriting,32400.0,44231.818181818184,-11831.818181818184,-26.75,0.0,36857.142857142855,42650.0,4368.106814497197,2026,4,14,4,SURPLUS
2026-04-06,Sumatera Barat,Cabai Merah Keriting,33650.0,44618.181818181816,-10968.181818181816,-24.58,1250.0,35321.42857142857,42038.333333333336,2925.86983403465,2026,4,15,0,SURPLUS
2026-04-07,Sumatera Barat,Cabai Merah Keriting,33000.0,44696.969696969696,-11696.969696969696,-26.17,-650.0,34285.71428571428,41433.333333333336,2039.3451329846564,2026,4,15,1,SURPLUS
2026-04-08,Sumatera Barat,Cabai Merah Keriting,35750.0,44775.757575757576,-9025.757575757576,-20.16,2750.0,34050.0,41175.0,1683.745824048163,2026,4,15,2,SURPLUS
2026-04-09,Sumatera Barat,Cabai Merah Keriting,34900.0,45248.48484848485,-10348.484848484848,-22.87,-850.0,33785.71428571428,40955.0,1287.9940106336653,2026,4,15,3,SURPLUS
2026-04-10,Sumatera Barat,Cabai Merah Keriting,34650.0,44931.818181818184,-10281.818181818184,-22.88,-250.0,33821.42857142857,40726.666666666664,1311.1245627503297,2026,4,15,4,SURPLUS
2026-04-13,Sumatera Barat,Cabai Merah Keriting,34650.0,44707.57575757576,-10057.57575757576,-22.5,0.0,34142.857142857145,40451.666666666664,1173.1114508818434,2026,4,16,0,SURPLUS
2026-01-01,Sumatera Selatan,Cabai Merah Keriting,56250.0,49296.969696969696,6953.030303030304,14.1,,56250.0,56250.0,,2026,1,1,3,DEFISIT
2026-01-02,Sumatera Selatan,Cabai Merah Keriting,57750.0,49380.30303030303,8369.696969696968,16.95,1500.0,57000.0,57000.0,1060.6601717798212,2026,1,1,4,DEFISIT
2026-01-05,Sumatera Selatan,Cabai Merah Keriting,49750.0,48063.63636363636,1686.3636363636397,3.51,-8000.0,54583.333333333336,54583.333333333336,4252.450274057693,2026,1,2,0,NORMAL
2026-01-06,Sumatera Selatan,Cabai Merah Keriting,48750.0,47307.57575757576,1442.4242424242402,3.05,-1000.0,53125.0,53125.0,4534.589286804265,2026,1,2,1,NORMAL
2026-01-07,Sumatera Selatan,Cabai Merah Keriting,47250.0,46007.57575757576,1242.4242424242402,2.7,-1500.0,51950.0,51950.0,4724.933861970981,2026,1,2,2,NORMAL
2026-01-08,Sumatera Selatan,Cabai Merah Keriting,47000.0,44760.606060606064,2239.3939393939363,5.0,-250.0,51125.0,51125.0,4684.415651925009,2026,1,2,3,NORMAL
2026-01-09,Sumatera Selatan,Cabai Merah Keriting,41000.0,43928.78787878788,-2928.78787878788,-6.67,-6000.0,49678.57142857143,49678.57142857143,5738.601538619633,2026,1,2,4,SURPLUS
2026-01-12,Sumatera Selatan,Cabai Merah Keriting,41150.0,42260.606060606064,-1110.6060606060637,-2.63,150.0,47521.42857142857,48612.5,5694.577621361769,2026,1,3,0,NORMAL
2026-01-13,Sumatera Selatan,Cabai Merah Keriting,40500.0,41421.21212121212,-921.2121212121201,-2.22,-650.0,45057.142857142855,47711.11111111111,4015.3277752702934,2026,1,3,1,NORMAL
2026-01-14,Sumatera Selatan,Cabai Merah Keriting,41000.0,41259.09090909091,-259.09090909091174,-0.63,500.0,43807.142857142855,47040.0,3656.891732449438,2026,1,3,2,NORMAL
2026-01-15,Sumatera Selatan,Cabai Merah Keriting,41250.0,40803.030303030304,446.9696969696961,1.1,250.0,42735.71428571428,46513.63636363636,3008.5592185344226,2026,1,3,3,NORMAL
2026-01-16,Sumatera Selatan,Cabai Merah Keriting,41250.0,40739.393939393936,510.6060606060637,1.25,0.0,41878.57142857143,46075.0,2272.820777297266,2026,1,3,4,NORMAL
2026-01-19,Sumatera Selatan,Cabai Merah Keriting,40750.0,40203.030303030304,546.9696969696961,1.36,-500.0,40985.71428571428,45665.38461538462,276.4571782906342,2026,1,4,0,NORMAL
2026-01-20,Sumatera Selatan,Cabai Merah Keriting,41500.0,39850.0,1650.0,4.14,750.0,41057.142857142855,45367.857142857145,338.41366627791217,2026,1,4,1,NORMAL
2026-01-21,Sumatera Selatan,Cabai Merah Keriting,41000.0,39424.242424242424,1575.757575757576,4.0,-500.0,41035.71428571428,45076.666666666664,336.2963545670494,2026,1,4,2,NORMAL
2026-01-22,Sumatera Selatan,Cabai Merah Keriting,40750.0,39283.333333333336,1466.6666666666642,3.73,-250.0,41071.42857142857,44806.25,278.17432013182173,2026,1,4,3,NORMAL
2026-01-23,Sumatera Selatan,Cabai Merah Keriting,40750.0,39050.0,1700.0,4.35,0.0,41035.71428571428,44567.64705882353,303.7464481467297,2026,1,4,4,NORMAL
2026-01-26,Sumatera Selatan,Cabai Merah Keriting,44750.0,39381.818181818184,5368.181818181816,13.63,4000.0,41535.71428571428,44577.77777777778,1446.4653140541423,2026,1,5,0,DEFISIT
2026-01-27,Sumatera Selatan,Cabai Merah Keriting,43000.0,39468.181818181816,3531.818181818184,8.95,-1750.0,41785.71428571428,44494.73684210526,1537.2362336658214,2026,1,5,1,DEFISIT
2026-01-28,Sumatera Selatan,Cabai Merah Keriting,45250.0,39837.878787878784,5412.121212121216,13.59,2250.0,42428.57142857143,44532.5,1924.157205734706,2026,1,5,2,DEFISIT
2026-01-29,Sumatera Selatan,Cabai Merah Keriting,45250.0,39934.84848484849,5315.151515151512,13.31,0.0,42964.28571428572,44566.666666666664,2133.212422168754,2026,1,5,3,DEFISIT
2026-01-30,Sumatera Selatan,Cabai Merah Keriting,48400.0,39937.878787878784,8462.121212121216,21.19,3150.0,44021.42857142857,44740.90909090909,2743.759152278883,2026,1,5,4,DEFISIT
2026-02-02,Sumatera Selatan,Cabai Merah Keriting,50000.0,40795.454545454544,9204.545454545456,22.56,1600.0,45342.857142857145,44969.565217391304,3108.7817243292666,2026,2,6,0,DEFISIT
2026-02-03,Sumatera Selatan,Cabai Merah Keriting,53150.0,41516.666666666664,11633.333333333336,28.02,3150.0,47114.28571428572,45310.416666666664,3556.181740494768,2026,2,6,1,DEFISIT
2026-02-04,Sumatera Selatan,Cabai Merah Keriting,53400.0,42300.0,11100.0,26.24,250.0,48350.0,45634.0,4064.2752531457754,2026,2,6,2,DEFISIT
2026-02-05,Sumatera Selatan,Cabai Merah Keriting,51150.0,42734.84848484849,8415.151515151512,19.69,-2250.0,49514.28571428572,45846.153846153844,3387.1957779400745,2026,2,6,3,DEFISIT
2026-02-06,Sumatera Selatan,Cabai Merah Keriting,51750.0,42913.63636363636,8836.36363636364,20.59,600.0,50442.857142857145,46064.81481481482,2875.6779738913133,2026,2,6,4,DEFISIT
2026-02-09,Sumatera Selatan,Cabai Merah Keriting,56750.0,45203.030303030304,11546.969696969696,25.54,5000.0,52085.71428571428,46446.42857142857,2693.775894804248,2026,2,7,0,DEFISIT
2026-02-10,Sumatera Selatan,Cabai Merah Keriting,57500.0,45727.27272727273,11772.727272727272,25.75,750.0,53385.71428571428,46827.58620689655,2811.8372234943527,2026,2,7,1,DEFISIT
2026-02-11,Sumatera Selatan,Cabai Merah Keriting,61250.0,46425.757575757576,14824.242424242424,31.93,3750.0,54992.857142857145,47308.333333333336,3645.594209845221,2026,2,7,2,DEFISIT
2026-02-12,Sumatera Selatan,Cabai Merah Keriting,60250.0,46254.545454545456,13995.454545454544,30.26,-1000.0,56007.142857142855,47441.666666666664,4016.2615879517857,2026,2,7,3,DEFISIT
2026-02-13,Sumatera Selatan,Cabai Merah Keriting,60250.0,46590.90909090909,13659.090909090912,29.32,0.0,56985.71428571428,47525.0,4108.600155539,2026,2,7,4,DEFISIT
2026-02-16,Sumatera Selatan,Cabai Merah Keriting,60250.0,46657.57575757576,13592.42424242424,29.13,0.0,58285.71428571428,47875.0,3317.9705501147,2026,2,8,0,DEFISIT
2026-02-17,Sumatera Selatan,Cabai Merah Keriting,60250.0,46695.454545454544,13554.545454545456,29.03,0.0,59500.0,48258.333333333336,1677.0509831248064,2026,2,8,1,DEFISIT
2026-02-18,Sumatera Selatan,Cabai Merah Keriting,62900.0,50175.757575757576,12724.242424242424,25.36,2650.0,60378.57142857143,48780.0,1605.681875626104,2026,2,8,2,DEFISIT
2026-02-19,Sumatera Selatan,Cabai Merah Keriting,62900.0,50419.69696969697,12480.303030303032,24.75,0.0,61150.0,49310.0,1249.9999999999538,2026,2,8,3,DEFISIT
2026-02-20,Sumatera Selatan,Cabai Merah Keriting,62400.0,51990.90909090909,10409.090909090912,20.02,-500.0,61314.28571428572,50023.333333333336,1337.8198326986303,2026,2,8,4,DEFISIT
2026-02-23,Sumatera Selatan,Cabai Merah Keriting,57500.0,50343.93939393939,7156.060606060608,14.21,-4900.0,60921.42857142857,50568.333333333336,1961.0492818167966,2026,2,9,0,DEFISIT
2026-02-24,Sumatera Selatan,Cabai Merah Keriting,55500.0,49315.15151515151,6184.848484848488,12.54,-2000.0,60242.857142857145,51068.333333333336,2851.670354287764,2026,2,9,1,DEFISIT
2026-02-25,Sumatera Selatan,Cabai Merah Keriting,55250.0,47557.57575757576,7692.42424242424,16.17,-250.0,59528.57142857143,51543.333333333336,3419.2905139878826,2026,2,9,2,DEFISIT
2026-02-26,Sumatera Selatan,Cabai Merah Keriting,54750.0,46383.333333333336,8366.666666666664,18.04,-500.0,58742.857142857145,51993.333333333336,3832.8001699615197,2026,2,9,3,DEFISIT
2026-02-27,Sumatera Selatan,Cabai Merah Keriting,52250.0,45580.30303030303,6669.696969696968,14.63,-2500.0,57221.42857142857,52360.0,4016.928464102173,2026,2,9,4,DEFISIT
2026-03-02,Sumatera Selatan,Cabai Merah Keriting,47750.0,44621.21212121212,3128.78787878788,7.01,-4500.0,55057.142857142855,52593.333333333336,4499.761898462759,2026,3,10,0,DEFISIT
2026-03-03,Sumatera Selatan,Cabai Merah Keriting,45750.0,44218.181818181816,1531.8181818181838,3.46,-2000.0,52678.57142857143,52735.0,4370.150373352659,2026,3,10,1,NORMAL
2026-03-04,Sumatera Selatan,Cabai Merah Keriting,44500.0,44030.30303030303,469.69696969696815,1.07,-1250.0,50821.42857142857,52851.666666666664,4727.389796252732,2026,3,10,2,NORMAL
2026-03-05,Sumatera Selatan,Cabai Merah Keriting,44500.0,43909.09090909091,590.9090909090883,1.35,0.0,49250.0,52976.666666666664,4741.219955524831,2026,3,10,3,NORMAL
2026-03-06,Sumatera Selatan,Cabai Merah Keriting,44500.0,43951.51515151515,548.484848484848,1.25,0.0,47714.28571428572,53101.666666666664,4181.876999398177,2026,3,10,4,NORMAL
2026-03-09,Sumatera Selatan,Cabai Merah Keriting,49650.0,43463.63636363636,6186.36363636364,14.23,5150.0,46985.71428571428,53265.0,3040.245917371737,2026,3,11,0,DEFISIT
2026-03-10,Sumatera Selatan,Cabai Merah Keriting,51500.0,43716.666666666664,7783.333333333336,17.8,1850.0,46878.57142857143,53548.333333333336,2829.731604301234,2026,3,11,1,DEFISIT
2026-03-11,Sumatera Selatan,Cabai Merah Keriting,53000.0,44330.30303030303,8669.696969696968,19.56,1500.0,47628.57142857143,53806.666666666664,3670.1336423053076,2026,3,11,2,DEFISIT
2026-03-12,Sumatera Selatan,Cabai Merah Keriting,54400.0,45590.90909090909,8809.090909090912,19.32,1400.0,48864.28571428572,54111.666666666664,4329.233408441056,2026,3,11,3,DEFISIT
2026-03-13,Sumatera Selatan,Cabai Merah Keriting,55650.0,47233.333333333336,8416.666666666664,17.82,1250.0,50457.142857142855,54353.333333333336,4503.556795414493,2026,3,11,4,DEFISIT
2026-03-16,Sumatera Selatan,Cabai Merah Keriting,61150.0,51990.90909090909,9159.090909090912,17.62,5500.0,52835.71428571428,54725.0,5179.1017790824935,2026,3,12,0,DEFISIT
2026-03-17,Sumatera Selatan,Cabai Merah Keriting,62250.0,54706.06060606061,7543.939393939392,13.79,1100.0,55371.42857142857,55028.333333333336,4744.721377739807,2026,3,12,1,DEFISIT
2026-03-18,Sumatera Selatan,Cabai Merah Keriting,62250.0,54866.666666666664,7383.333333333336,13.46,0.0,57171.42857142857,55323.333333333336,4600.258791892158,2026,3,12,2,DEFISIT
2026-03-19,Sumatera Selatan,Cabai Merah Keriting,62250.0,54840.90909090909,7409.090909090912,13.51,0.0,58707.142857142855,55693.333333333336,4165.175923798488,2026,3,12,3,DEFISIT
2026-03-20,Sumatera Selatan,Cabai Merah Keriting,62250.0,54828.78787878788,7421.21212121212,13.54,0.0,60028.57142857143,56043.333333333336,3460.47409358617,2026,3,12,4,DEFISIT
2026-03-23,Sumatera Selatan,Cabai Merah Keriting,62250.0,54781.818181818184,7468.181818181816,13.63,0.0,61150.0,56226.666666666664,2459.6747752497754,2026,3,13,0,DEFISIT
2026-03-24,Sumatera Selatan,Cabai Merah Keriting,62250.0,54672.72727272727,7577.272727272728,13.86,0.0,62092.857142857145,56385.0,415.76092031014775,2026,3,13,1,DEFISIT
2026-03-25,Sumatera Selatan,Cabai Merah Keriting,45900.0,53190.90909090909,-7290.909090909088,-13.71,-16350.0,59914.28571428572,55873.333333333336,6179.719133700866,2026,3,13,2,SURPLUS
2026-03-26,Sumatera Selatan,Cabai Merah Keriting,45400.0,51804.545454545456,-6404.545454545456,-12.36,-500.0,57507.142857142855,55378.333333333336,8101.256516297774,2026,3,13,3,SURPLUS
2026-03-27,Sumatera Selatan,Cabai Merah Keriting,44500.0,50731.818181818184,-6231.818181818184,-12.28,-900.0,54971.42857142857,54853.333333333336,9087.209745151751,2026,3,13,4,SURPLUS
2026-03-30,Sumatera Selatan,Cabai Merah Keriting,40400.0,46140.90909090909,-5740.909090909088,-12.44,-4100.0,51850.0,54191.666666666664,9887.787079692469,2026,3,14,0,SURPLUS
2026-03-31,Sumatera Selatan,Cabai Merah Keriting,45900.0,45778.78787878788,121.21212121212011,0.26,5500.0,49514.28571428572,53713.333333333336,8903.777956842921,2026,3,14,1,NORMAL
2026-04-01,Sumatera Selatan,Cabai Merah Keriting,41750.0,45198.48484848485,-3448.484848484848,-7.63,-4150.0,46585.71428571428,53008.333333333336,7230.877902308628,2026,4,14,2,SURPLUS
2026-04-02,Sumatera Selatan,Cabai Merah Keriting,39400.0,44396.969696969696,-4996.969696969696,-11.26,-2350.0,43321.42857142857,52225.0,2750.432866365026,2026,4,14,3,SURPLUS
2026-04-03,Sumatera Selatan,Cabai Merah Keriting,39400.0,44231.818181818184,-4831.818181818184,-10.92,0.0,42392.857142857145,51458.333333333336,2830.846247359694,2026,4,14,4,SURPLUS
2026-04-06,Sumatera Selatan,Cabai Merah Keriting,39400.0,44618.181818181816,-5218.181818181816,-11.7,0.0,41535.71428571428,50855.0,2672.501057953373,2026,4,15,0,SURPLUS
2026-04-07,Sumatera Selatan,Cabai Merah Keriting,40750.0,44696.969696969696,-3946.969696969696,-8.83,1350.0,41000.0,50363.333333333336,2333.630933402566,2026,4,15,1,SURPLUS
2026-04-08,Sumatera Selatan,Cabai Merah Keriting,41250.0,44775.757575757576,-3525.757575757576,-7.87,500.0,41121.42857142857,49896.666666666664,2319.2773915699727,2026,4,15,2,SURPLUS
2026-04-09,Sumatera Selatan,Cabai Merah Keriting,41250.0,45248.48484848485,-3998.484848484848,-8.84,0.0,40457.142857142855,49446.666666666664,1030.1409982087328,2026,4,15,3,SURPLUS
2026-04-10,Sumatera Selatan,Cabai Merah Keriting,41650.0,44931.818181818184,-3281.818181818184,-7.3,400.0,40442.857142857145,49093.333333333336,1009.7147168996888,2026,4,15,4,SURPLUS
2026-04-13,Sumatera Selatan,Cabai Merah Keriting,40500.0,44707.57575757576,-4207.57575757576,-9.41,-1150.0,40600.0,48851.666666666664,900.0000000000044,2026,4,16,0,SURPLUS
2026-01-01,Sumatera Utara,Cabai Merah Keriting,38400.0,49296.969696969696,-10896.969696969696,-22.1,,38400.0,38400.0,,2026,1,1,3,SURPLUS
2026-01-02,Sumatera Utara,Cabai Merah Keriting,46150.0,49380.30303030303,-3230.303030303032,-6.54,7750.0,42275.0,42275.0,5480.077554195744,2026,1,1,4,SURPLUS
2026-01-05,Sumatera Utara,Cabai Merah Keriting,42050.0,48063.63636363636,-6013.63636363636,-12.51,-4100.0,42200.0,42200.0,3877.1768079364138,2026,1,2,0,SURPLUS
2026-01-06,Sumatera Utara,Cabai Merah Keriting,37050.0,47307.57575757576,-10257.57575757576,-21.68,-5000.0,40912.5,40912.5,4080.7219540991355,2026,1,2,1,SURPLUS
2026-01-07,Sumatera Utara,Cabai Merah Keriting,33950.0,46007.57575757576,-12057.57575757576,-26.21,-3100.0,39520.0,39520.0,4710.042462653601,2026,1,2,2,SURPLUS
2026-01-08,Sumatera Utara,Cabai Merah Keriting,32950.0,44760.606060606064,-11810.606060606064,-26.39,-1000.0,38425.0,38425.0,4994.171602978817,2026,1,2,3,SURPLUS
2026-01-09,Sumatera Utara,Cabai Merah Keriting,30200.0,43928.78787878788,-13728.78787878788,-31.25,-2750.0,37250.0,37250.0,5518.076355639406,2026,1,2,4,SURPLUS
2026-01-12,Sumatera Utara,Cabai Merah Keriting,29400.0,42260.606060606064,-12860.606060606064,-30.43,-800.0,35964.28571428572,36268.75,6210.522944011659,2026,1,3,0,SURPLUS
2026-01-13,Sumatera Utara,Cabai Merah Keriting,27950.0,41421.21212121212,-13471.21212121212,-32.52,-1450.0,33364.28571428572,35344.444444444445,4908.89620024318,2026,1,3,1,SURPLUS
2026-01-14,Sumatera Utara,Cabai Merah Keriting,29150.0,41259.09090909091,-12109.090909090912,-29.35,1200.0,31521.428571428572,34725.0,3243.6935149683395,2026,1,3,2,SURPLUS
2026-01-15,Sumatera Utara,Cabai Merah Keriting,29350.0,40803.030303030304,-11453.030303030304,-28.07,200.0,30421.428571428572,34236.36363636364,2191.2433956655013,2026,1,3,3,SURPLUS
2026-01-16,Sumatera Utara,Cabai Merah Keriting,29250.0,40739.393939393936,-11489.393939393936,-28.2,-100.0,29750.0,33820.833333333336,1558.5784121008257,2026,1,3,4,SURPLUS
2026-01-19,Sumatera Utara,Cabai Merah Keriting,27700.0,40203.030303030304,-12503.030303030304,-31.1,-1550.0,29000.0,33350.0,875.5950357709538,2026,1,4,0,SURPLUS
2026-01-20,Sumatera Utara,Cabai Merah Keriting,27250.0,39850.0,-12600.0,-31.62,-450.0,28578.571428571428,32914.28571428572,910.978019702466,2026,1,4,1,SURPLUS
2026-01-21,Sumatera Utara,Cabai Merah Keriting,26850.0,39424.242424242424,-12574.242424242424,-31.89,-400.0,28214.285714285714,32510.0,1029.8520467015228,2026,1,4,2,SURPLUS
2026-01-22,Sumatera Utara,Cabai Merah Keriting,26800.0,39283.333333333336,-12483.333333333336,-31.78,-50.0,28050.0,32153.125,1162.253558107443,2026,1,4,3,SURPLUS
2026-01-23,Sumatera Utara,Cabai Merah Keriting,26150.0,39050.0,-12900.0,-33.03,-650.0,27621.428571428572,31800.0,1239.5755802078795,2026,1,4,4,SURPLUS
2026-01-26,Sumatera Utara,Cabai Merah Keriting,27300.0,39381.818181818184,-12081.818181818184,-30.68,1150.0,27328.571428571428,31550.0,977.6064063386509,2026,1,5,0,SURPLUS
2026-01-27,Sumatera Utara,Cabai Merah Keriting,29150.0,39468.181818181816,-10318.181818181816,-26.14,1850.0,27314.285714285714,31423.684210526317,945.0371622826924,2026,1,5,1,SURPLUS
2026-01-28,Sumatera Utara,Cabai Merah Keriting,30250.0,39837.878787878784,-9587.878787878784,-24.07,1100.0,27678.571428571428,31365.0,1466.2472343984261,2026,1,5,2,SURPLUS
2026-01-29,Sumatera Utara,Cabai Merah Keriting,31550.0,39934.84848484849,-8384.848484848488,-21.0,1300.0,28292.85714285714,31373.809523809523,2043.7768492484404,2026,1,5,3,SURPLUS
2026-01-30,Sumatera Utara,Cabai Merah Keriting,31200.0,39937.878787878784,-8737.878787878784,-21.88,-350.0,28914.285714285714,31365.909090909092,2188.1716655910027,2026,1,5,4,SURPLUS
2026-02-02,Sumatera Utara,Cabai Merah Keriting,35150.0,40795.454545454544,-5645.454545454544,-13.84,3950.0,30107.14285714286,31530.434782608696,2977.19506854867,2026,2,6,0,SURPLUS
2026-02-03,Sumatera Utara,Cabai Merah Keriting,37250.0,41516.666666666664,-4266.666666666664,-10.28,2100.0,31692.85714285714,31768.75,3438.5593605739136,2026,2,6,1,SURPLUS
2026-02-04,Sumatera Utara,Cabai Merah Keriting,38250.0,42300.0,-4050.0,-9.57,1000.0,33257.142857142855,32028.0,3594.257986871622,2026,2,6,2,SURPLUS
2026-02-05,Sumatera Utara,Cabai Merah Keriting,39850.0,42734.84848484849,-2884.8484848484877,-6.75,1600.0,34785.71428571428,32328.846153846152,3824.3424582658868,2026,2,6,3,SURPLUS
2026-02-06,Sumatera Utara,Cabai Merah Keriting,39300.0,42913.63636363636,-3613.6363636363603,-8.42,-550.0,36078.57142857143,32587.037037037036,3555.7297824376615,2026,2,6,4,SURPLUS
2026-02-09,Sumatera Utara,Cabai Merah Keriting,39900.0,45203.030303030304,-5303.030303030304,-11.73,600.0,37271.42857142857,32848.21428571428,3162.1270719323525,2026,2,7,0,SURPLUS
2026-02-10,Sumatera Utara,Cabai Merah Keriting,41600.0,45727.27272727273,-4127.272727272728,-9.03,1700.0,38757.142857142855,33150.0,2098.298630523536,2026,2,7,1,SURPLUS
2026-02-11,Sumatera Utara,Cabai Merah Keriting,42000.0,46425.757575757576,-4425.757575757576,-9.53,400.0,39735.71428571428,33445.0,1694.03716156455,2026,2,7,2,SURPLUS
2026-02-12,Sumatera Utara,Cabai Merah Keriting,41750.0,46254.545454545456,-4504.545454545456,-9.74,-250.0,40378.57142857143,33556.666666666664,1426.2004133526862,2026,2,7,3,SURPLUS
2026-02-13,Sumatera Utara,Cabai Merah Keriting,41200.0,46590.90909090909,-5390.909090909088,-11.57,-550.0,40800.0,33391.666666666664,1088.1942228602422,2026,2,7,4,SURPLUS
2026-02-16,Sumatera Utara,Cabai Merah Keriting,41300.0,46657.57575757576,-5357.57575757576,-11.48,100.0,41007.142857142855,33366.666666666664,1012.5992014893534,2026,2,8,0,SURPLUS
2026-02-17,Sumatera Utara,Cabai Merah Keriting,41600.0,46695.454545454544,-5095.454545454544,-10.91,300.0,41335.71428571428,33518.333333333336,687.2131436182149,2026,2,8,1,SURPLUS
2026-02-18,Sumatera Utara,Cabai Merah Keriting,44100.0,50175.757575757576,-6075.757575757576,-12.11,2500.0,41935.71428571428,33856.666666666664,991.091269642515,2026,2,8,2,SURPLUS
2026-02-19,Sumatera Utara,Cabai Merah Keriting,42050.0,50419.69696969697,-8369.696969696968,-16.6,-2050.0,42000.0,34160.0,980.2210635020243,2026,2,8,3,SURPLUS
2026-02-20,Sumatera Utara,Cabai Merah Keriting,40700.0,51990.90909090909,-11290.909090909088,-21.72,-1350.0,41814.28571428572,34510.0,1096.4770425146223,2026,2,8,4,SURPLUS
2026-02-23,Sumatera Utara,Cabai Merah Keriting,40900.0,50343.93939393939,-9443.939393939392,-18.76,200.0,41692.857142857145,34893.333333333336,1150.517481914197,2026,2,9,0,SURPLUS
2026-02-24,Sumatera Utara,Cabai Merah Keriting,37450.0,49315.15151515151,-11865.151515151512,-24.06,-3450.0,41157.142857142855,35210.0,1987.131217657803,2026,2,9,1,SURPLUS
2026-02-25,Sumatera Utara,Cabai Merah Keriting,35400.0,47557.57575757576,-12157.57575757576,-25.56,-2050.0,40314.28571428572,35418.333333333336,2939.4889416520923,2026,2,9,2,SURPLUS
2026-02-26,Sumatera Utara,Cabai Merah Keriting,31350.0,46383.333333333336,-15033.333333333336,-32.41,-4050.0,38850.0,35485.0,4388.241865105699,2026,2,9,3,SURPLUS
2026-02-27,Sumatera Utara,Cabai Merah Keriting,31250.0,45580.30303030303,-14330.303030303032,-31.44,-100.0,37014.28571428572,35551.666666666664,4511.994596416854,2026,2,9,4,SURPLUS
2026-03-02,Sumatera Utara,Cabai Merah Keriting,29850.0,44621.21212121212,-14771.21212121212,-33.1,-1400.0,35271.42857142857,35623.333333333336,4598.084487303445,2026,3,10,0,SURPLUS
2026-03-03,Sumatera Utara,Cabai Merah Keriting,29250.0,44218.181818181816,-14968.181818181816,-33.85,-600.0,33635.71428571428,35690.0,4376.329729894846,2026,3,10,1,SURPLUS
2026-03-04,Sumatera Utara,Cabai Merah Keriting,27850.0,44030.30303030303,-16180.303030303032,-36.75,-1400.0,31771.428571428572,35723.333333333336,3446.9620855250455,2026,3,10,2,SURPLUS
2026-03-05,Sumatera Utara,Cabai Merah Keriting,26500.0,43909.09090909091,-17409.09090909091,-39.65,-1350.0,30207.14285714286,35713.333333333336,2878.140107116051,2026,3,10,3,SURPLUS
2026-03-06,Sumatera Utara,Cabai Merah Keriting,27300.0,43951.51515151515,-16651.515151515152,-37.89,800.0,29050.0,35751.666666666664,1906.7861267936753,2026,3,10,4,SURPLUS
2026-03-09,Sumatera Utara,Cabai Merah Keriting,26250.0,43463.63636363636,-17213.63636363636,-39.6,-1050.0,28321.428571428572,35716.666666666664,1855.1408623193813,2026,3,11,0,SURPLUS
2026-03-10,Sumatera Utara,Cabai Merah Keriting,26250.0,43716.666666666664,-17466.666666666664,-39.95,0.0,27607.14285714286,35620.0,1460.1451330341347,2026,3,11,1,SURPLUS
2026-03-11,Sumatera Utara,Cabai Merah Keriting,26950.0,44330.30303030303,-17380.303030303032,-39.21,700.0,27192.85714285714,35510.0,1079.5170878020388,2026,3,11,2,SURPLUS
2026-03-12,Sumatera Utara,Cabai Merah Keriting,27900.0,45590.90909090909,-17690.90909090909,-38.8,950.0,27000.0,35388.333333333336,707.1067811861575,2026,3,11,3,SURPLUS
2026-03-13,Sumatera Utara,Cabai Merah Keriting,30100.0,47233.333333333336,-17133.333333333336,-36.27,2200.0,27321.428571428572,35351.666666666664,1364.0800144103503,2026,3,11,4,SURPLUS
2026-03-16,Sumatera Utara,Cabai Merah Keriting,33400.0,51990.90909090909,-18590.90909090909,-35.76,3300.0,28307.14285714286,35293.333333333336,2602.471352936785,2026,3,12,0,SURPLUS
2026-03-17,Sumatera Utara,Cabai Merah Keriting,35200.0,54706.06060606061,-19506.060606060608,-35.66,1800.0,29435.714285714286,35225.0,3610.5994753542072,2026,3,12,1,SURPLUS
2026-03-18,Sumatera Utara,Cabai Merah Keriting,35050.0,54866.666666666664,-19816.666666666664,-36.12,-150.0,30692.85714285714,35118.333333333336,3841.1617786189827,2026,3,12,2,SURPLUS
2026-03-19,Sumatera Utara,Cabai Merah Keriting,33300.0,54840.90909090909,-21540.90909090909,-39.28,-1750.0,31700.0,34900.0,3378.4858541462377,2026,3,12,3,SURPLUS
2026-03-20,Sumatera Utara,Cabai Merah Keriting,33600.0,54828.78787878788,-21228.78787878788,-38.72,300.0,32650.0,34710.0,2683.747380063854,2026,3,12,4,SURPLUS
2026-03-23,Sumatera Utara,Cabai Merah Keriting,33200.0,54781.818181818184,-21581.818181818184,-39.4,-400.0,33407.142857142855,34486.666666666664,1680.3840264029236,2026,3,13,0,SURPLUS
2026-03-24,Sumatera Utara,Cabai Merah Keriting,33100.0,54672.72727272727,-21572.727272727272,-39.46,-100.0,33835.71428571428,34203.333333333336,895.6907416969023,2026,3,13,1,SURPLUS
2026-03-25,Sumatera Utara,Cabai Merah Keriting,29100.0,53190.90909090909,-24090.90909090909,-45.29,-4000.0,33221.42857142857,33773.333333333336,2016.981478773146,2026,3,13,2,SURPLUS
2026-03-26,Sumatera Utara,Cabai Merah Keriting,28300.0,51804.545454545456,-23504.545454545456,-45.37,-800.0,32235.714285714286,33325.0,2513.747913261821,2026,3,13,3,SURPLUS
2026-03-27,Sumatera Utara,Cabai Merah Keriting,26450.0,50731.818181818184,-24281.818181818184,-47.86,-1850.0,31007.14285714286,32833.333333333336,2969.3473709762147,2026,3,13,4,SURPLUS
2026-03-30,Sumatera Utara,Cabai Merah Keriting,23050.0,46140.90909090909,-23090.90909090909,-50.04,-3400.0,29542.85714285714,32225.0,3999.002851902373,2026,3,14,0,SURPLUS
2026-03-31,Sumatera Utara,Cabai Merah Keriting,22550.0,45778.78787878788,-23228.78787878788,-50.74,-500.0,27964.285714285714,31590.0,4300.166109748324,2026,3,14,1,SURPLUS
2026-04-01,Sumatera Utara,Cabai Merah Keriting,22100.0,45198.48484848485,-23098.484848484848,-51.1,-450.0,26378.571428571428,30856.666666666668,4089.097001260022,2026,4,14,2,SURPLUS
2026-04-02,Sumatera Utara,Cabai Merah Keriting,21450.0,44396.969696969696,-22946.969696969696,-51.69,-650.0,24714.285714285714,30170.0,3163.557370760741,2026,4,14,3,SURPLUS
2026-04-03,Sumatera Utara,Cabai Merah Keriting,20600.0,44231.818181818184,-23631.818181818184,-53.43,-850.0,23500.0,29500.0,2811.286775363317,2026,4,14,4,SURPLUS
2026-04-06,Sumatera Utara,Cabai Merah Keriting,23100.0,44618.181818181816,-21518.181818181816,-48.23,2500.0,22757.14285714286,28906.666666666668,1856.391789517988,2026,4,15,0,SURPLUS
2026-04-07,Sumatera Utara,Cabai Merah Keriting,22850.0,44696.969696969696,-21846.969696969696,-48.88,-250.0,22242.85714285714,28420.0,930.6935457978539,2026,4,15,1,SURPLUS
2026-04-08,Sumatera Utara,Cabai Merah Keriting,22400.0,44775.757575757576,-22375.757575757576,-49.97,-450.0,22150.0,27986.666666666668,866.9871202422611,2026,4,15,2,SURPLUS
2026-04-09,Sumatera Utara,Cabai Merah Keriting,22150.0,45248.48484848485,-23098.484848484848,-51.05,-250.0,22092.85714285714,27680.0,849.2293425157753,2026,4,15,3,SURPLUS
2026-04-10,Sumatera Utara,Cabai Merah Keriting,22500.0,44931.818181818184,-22431.818181818184,-49.92,350.0,22150.0,27388.333333333332,863.1338250811989,2026,4,15,4,SURPLUS
2026-04-13,Sumatera Utara,Cabai Merah Keriting,22500.0,44707.57575757576,-22207.57575757576,-49.67,0.0,22300.0,27143.333333333332,810.8637370109153,2026,4,16,0,SURPLUS
